-10.0583
-11.7167
-7.4529
-3.1581
-5.5675
-4.4149
-9.7187
-6.0631
-4.7019
-9.0883
-14.0494
-6.6161
-4.5032
-0.9000
-5.0725
-9.5934
-7.9582
-1.3803
-0.2809
-2.0537
-5.6093
-1.5416
-3.7402
-10.3745
-5.9862
1.5086
-7.7691
-6.2831
-4.2273
-5.4965
6.6392
-1.2689
1.5970
-10.8228
-5.1922
-5.7847
-8.9984
-1.9612
-6.2026
-9.4343
-5.4006
2.5654
14.5474
-10.2515
-5.7999
-4.4245
-5.5603
-6.0509
-15.4083
2.0566
-10.3368
-1.4218
-8.1406
-9.6185
-9.8269
-3.9267
-12.5459
-0.8439
0.7363
-8.5305
-3.4076
-3.5586
-10.7133
10.4987
-5.5295
-7.0298
-12.6376
-8.4852
-5.2492
-0.0464
-4.1447
-6.9162
-5.4057
-6.9561
-7.8327
-6.6989
-6.6721
-11.1874
-3.2432
-7.1732
-8.7918
-7.5298
-9.6377
0.5709
-1.6942
2.3732
-0.4316
-7.2835
-7.7516
-5.9985
-7.3376
3.3389
-5.5729
-8.7433
-5.5625
-8.5795
-9.4943
4.9410
-5.4213
-7.4815
-2.8167
-3.1798
-11.7959
-15.7515
-5.3073
-13.0923
-0.3979
2.5199
0.8858
-7.7395
18.9970
-0.7717
-9.8943
-5.2766
-7.3083
-10.3123
-8.0545
3.0893
-3.9266
-3.2469
-6.0273
-1.2052
-6.8848
-14.7752
-2.2367
-9.6453
-8.1765
-5.6644
-0.8201
-6.6180
-11.3197
-5.4435
-8.5674
10.3265
-4.6550
-4.1694
-6.2460
-10.5909
2.0315
-4.2460
-10.1438
-7.7360
-8.6503
1.1640
-3.4839
-7.0109
-3.6593
-3.6844
-3.3654
2.0886
-8.8151
-5.9171
-8.8038
-10.8074
-7.4696
-7.2328
-5.3622
-8.5521
-3.9970
2.2728
-9.3097
-3.9768
10.7668
2.4959
-9.8248
-4.2355
-1.6293
-4.8204
-7.1691
10.9316
-10.4071
-4.7755
-2.3010
-5.9757
-6.6683
-10.0408
-10.1553
-4.4502
-6.1406
-3.3722
-12.3155
-0.3095
-8.0585
-2.6949
-5.9490
-10.5483
-2.0231
-9.8952
-10.2441
-9.8096
-9.6430
-5.9886
-6.7579
-6.2541
-7.4076
-9.2313
-7.9352
-6.2538
-3.4254
-11.7110
-8.2309
-9.9905
-11.4869
-4.4450
-3.9973
-10.8223
-4.4875
-4.4629
-1.2536
-2.2173
2.9393
-8.3965
21.0150
-13.0554
-5.5759
-10.7677
-10.4183
-8.0763
-11.1504
-5.4252
-8.8532
-4.3265
-5.2943
-4.5958
-9.0853
-7.9615
-4.6899
-0.3044
-7.6285
-6.0985
-6.2529
2.8024
-6.3271
-8.8143
-10.4378
-9.4632
3.2193
-10.0714
-11.1666
-12.0534
-6.6468
-9.7727
-3.3881
-3.4787
-12.1325
-13.6724
-4.6661
-5.4487
-3.0440
-8.9069
1.1172
-4.8387
-9.9420
-9.9148
-1.1629
-10.7143
-6.0542
-7.4092
0.8784
-4.6862
-6.2389
-3.0792
-13.1303
-4.8352
-0.5248
-6.8051
-6.0010
-2.6165
-2.5453
-5.0664
-6.6929
-3.7483
-0.0137
-8.4126
-5.2876
-1.8335
-9.6006
-13.3013
-0.5120
-7.4237
-9.1466
-9.6285
-6.8532
10.2551
-7.7930
4.2621
-12.3657
-8.2103
-0.0661
-8.7375
0.3866
-7.2200
-10.0094
0.3668
-3.7720
-4.4372
-10.1923
-8.2487
-8.6543
-8.7747
-8.5063
-10.5575
-6.7092
16.9910
-1.1262
-7.8847
-2.6279
-2.9857
-11.8962
-2.1125
-6.2187
-7.3162
-5.0956
-3.8872
-6.8481
-2.8677
-3.5323
-9.7773
-10.9849
-2.3199
-4.0501
-7.3846
-8.3968
-7.2603
-7.1007
-7.4902
-6.4097
-5.7890
-9.9000
-3.8977
-3.8486
-8.6446
-6.8301
-0.6114
-5.9194
-5.9158
-13.1312
1.7577
-11.6481
-3.5394
-9.1954
-6.0008
-12.3092
-6.3932
-5.2502
-8.1383
-5.2548
-9.6744
-5.2457
-4.7503
-2.7050
-1.5927
-0.9600
-3.3920
-8.6864
-5.0069
14.4932
-4.8832
-1.2811
1.0034
-8.4414
-0.1386
-7.5664
-2.8724
-8.2098
-4.4027
-2.5447
-7.8233
-11.0895
-6.0548
-4.8998
-10.2446
-10.1346
-9.0764
-0.3019
-11.3156
-6.4538
-7.0337
-8.8077
-8.2583
-6.7094
-6.8453
-3.2862
-12.7496
13.6089
-5.7570
-8.5826
-9.2781
-7.7381
-5.6318
14.4059
-10.0184
-11.4385
-10.9120
-2.7879
-6.5342
-7.9331
-9.4934
-8.5138
0.3769
-6.7678
1.7996
-7.3936
-9.8922
-8.9505
-11.1754
-8.6157
-2.0471
-7.0367
8.2236
1.2744
-8.9741
-10.5783
-10.3998
-7.5422
-10.3742
-9.6488
1.8527
-7.6979
-10.4200
-4.0516
-1.4088
-2.1802
-2.1107
-4.3516
-11.5531
-10.6039
-9.5659
-9.1322
-3.5711
-14.0452
-8.1815
0.3242
-7.8104
1.4948
-9.7712
-12.8230
0.2796
-5.9131
-8.0867
-6.3023
-7.8822
-9.4832
2.0071
-8.1111
-3.7031
-4.4987
-12.0447
-7.5379
-10.0476
0.1357
-12.3560
-7.1330
-9.6388
-10.8051
-6.5009
3.6903
-9.1516
-2.5544
-14.5883
-3.3157
-8.3144
-9.1263
-2.6895
-3.6396
-7.0589
-12.3694
-4.8081
-6.9215
0.1410
-11.7640
-7.1013
-4.2317
-4.3278
-9.5551
-2.9271
1.8896
-5.2866
-2.6916
-1.1618
-12.4968
-8.2835
-3.1258
-9.9005
-9.9484
0.9124
-6.1713
-5.1458
5.7665
-7.4238
-9.7567
-2.4156
-13.0190
-7.0973
-10.0888
-5.7408
-8.1239
-4.1732
3.2458
-10.2982
-5.1732
-5.4697
-8.9483
-6.0401
-5.6918
-6.3729
-8.4739
-10.4389
-0.2800
19.6249
-5.0144
-9.4371
-7.8511
-8.1427
-1.8173
-9.3008
-7.1218
-6.7444
-3.6123
-9.7434
-8.6390
-12.0093
-4.1838
4.2518
-6.6565
-8.8279
-9.6116
0.3538
-9.2013
-5.3370
-0.6592
-6.7386
-7.9936
-10.2865
-5.0190
-11.9074
-4.9218
-3.9411
-9.4807
-9.6687
-8.8803
-7.9933
-5.1455
3.7406
-4.3195
-3.9517
-7.7656
-8.7830
-3.2509
-4.9498
-5.9463
-3.7129
-7.4094
-3.3686
8.4640
-5.2836
-12.2141
-5.9753
-6.0428
-10.1005
1.2292
-6.7688
-8.5618
-12.5752
15.8765
-10.0965
-5.7191
-12.0183
-7.7079
-8.6711
-9.6371
-4.9392
-7.1042
-9.5512
-7.9019
-8.1292
1.9603
-9.4426
-5.3130
-8.4205
-5.4102
-10.4304
-10.4618
-6.0249
-10.4318
3.3189
-7.0492
-5.5447
-10.5375
-5.2592
-6.7321
-7.7115
-12.4963
-3.9900
-5.7561
-6.5528
-4.5321
0.3326
-4.8987
-10.4329
-9.4853
-8.5387
-1.7720
-5.8515
-8.9929
-7.1816
-1.8164
-5.4267
-7.2705
-10.0056
-5.2301
-10.8988
-4.3105
-6.7900
-8.0056
-3.9337
-5.8008
-2.0241
-9.2067
-9.9971
-4.6646
-6.6155
-6.3845
-0.9848
-0.9758
-11.2794
-4.4354
-6.9650
-7.3981
-6.1825
-13.7643
-7.1446
-1.5183
-3.2859
-4.5997
-8.7393
-1.8428
-5.5752
-6.5838
-5.4748
-6.8415
-1.0679
-6.2460
-7.1268
-7.4523
-9.2282
-5.7191
-6.1971
2.2069
-6.8303
-8.2548
-8.3927
-5.4823
-9.9987
-4.4635
-7.4833
-6.7517
-7.2916
-4.1136
-10.1223
-5.0998
-8.3479
-7.2713
-4.0583
10.3901
-4.4122
-9.5248
-9.9091
-8.0687
-8.5033
-8.3457
-9.1712
-6.2526
-5.7803
-4.5993
-6.1430
-11.6235
-7.9476
-10.6860
-3.2225
-8.2626
-6.8705
-9.8149
2.2219
-5.4631
-3.1266
6.4207
-7.6153
-9.8260
-10.3517
-10.4840
-6.3744
-6.4371
-9.2843
-6.1114
-10.3486
-5.9123
-5.0562
-6.5163
-7.4692
-2.4761
4.9334
-12.9817
-4.5410
-14.1437
-3.3403
-7.7375
-6.5662
-6.8628
-10.7832
-10.8948
-8.8700
-10.6182
-3.1304
-8.7291
-6.1569
-6.5273
3.4731
-10.1200
-8.6056
-2.0760
-5.7660
-8.7851
-4.7813
-6.4886
-9.8423
-0.2699
-6.7905
-5.8127
-4.6958
-12.6503
-3.5908
-11.1959
-10.0635
-4.5209
-11.8314
-1.5457
-10.8426
-7.1679
-7.3671
-7.2695
-10.3752
-0.9492
-8.2700
-8.9876
-8.5775
-5.6902
-6.4510
-10.5313
-8.3854
-2.0878
-7.8981
-4.9875
-3.5338
-11.8465
-5.3924
-3.7686
-12.2224
-5.9023
-6.5181
-0.1943
-9.2243
-13.2155
-8.5151
-7.0325
-4.5919
-6.2917
-8.7225
-5.9513
-7.2372
-5.9605
15.3570
-10.8906
-2.4680
-4.1367
-6.3266
-0.7901
-3.4919
-4.1634
-5.6614
-11.7186
-10.7446
-8.3855
-6.6407
-6.1964
-3.7065
-4.5775
-6.2493
-8.4210
-3.1643
-4.0791
-9.9429
-4.7221
-6.2312
-3.7691
-11.3227
-6.1695
-8.1979
-5.7721
-7.2530
-5.4511
-0.3270
-3.8863
0.2765
-2.7008
10.2117
-8.3123
-4.4666
-1.8180
-9.5933
-11.3335
-10.1880
1.6812
-0.1152
3.2084
-8.1518
12.3574
-11.2076
-9.1776
-6.1828
-10.6640
-7.5144
-4.3581
-6.8106
-3.1377
1.2343
-4.5335
-9.7692
-10.7714
9.0924
-9.5332
-0.1840
-10.6586
-14.0276
-14.0186
0.2487
-7.2824
-8.5944
-6.8927
-7.8615
-4.3650
-12.8831
-2.0971
-2.3462
-11.5099
-7.7599
-14.0011
-9.7399
15.1446
-10.0854
-6.0366
-12.0770
-5.6978
-10.6490
-10.8541
-5.7630
-10.5513
-7.7012
-11.8283
-8.7734
-3.6568
-8.5651
-9.7678
-0.7506
-8.6346
-9.3308
-5.2777
-8.3032
3.1732
-9.2071
-7.4552
-7.1657
-4.6531
-5.3698
-6.1739
-12.3134
-3.7884
4.6029
-7.5107
-7.7457
-4.8656
-8.5629
-0.6765
-8.6994
-2.9858
-6.0720
-1.9674
-9.6419
-4.2732
-5.8181
-8.5680
-8.1895
-8.3518
-0.5031
-3.2682
-2.7340
-8.1633
-7.4416
-3.8750
-9.7394
-4.5815
1.3635
-9.3010
-9.3484
-7.6243
-6.4171
-5.2110
-7.9619
0.2931
-7.8729
-10.7003
-0.3895
-5.4956
-2.1488
-4.1631
-11.0931
-7.7954
-7.2921
-4.6020
-11.0467
-10.3252
-12.2786
-6.9484
-2.2393
-11.0611
-4.1034
-4.9879
-6.7886
6.4989
-2.6634
-11.0801
-6.4927
-7.6823
-6.4283
-6.7706
-5.6160
-9.7665
-7.0189
-9.8099
-2.3249
-8.5303
-6.8393
-8.6299
-15.8471
-6.9472
-2.1488
-10.0950
-10.2902
-1.4723
-8.9191
12.7184
-8.1908
-3.1487
0.1543
-3.6084
-6.6957
-8.5434
-13.7077
-9.0393
-9.5059
-2.2303
4.1567
-0.1557
-9.4266
-7.5379
-11.4339
-3.0135
-5.8999
3.6147
-2.1995
-9.4260
-5.3329
5.0153
-2.4552
-7.4176
-4.4264
-6.2826
-6.5411
-8.9380
-7.2558
-2.2498
2.2730
-2.1288
-2.8422
0.1544
1.5775
-11.5975
-8.7576
-8.0325
-8.9735
-8.4841
-7.0897
-4.1578
-5.3437
-7.1779
-12.6998
-11.0705
-1.2618
-5.8846
-3.8502
-9.1936
5.4796
-4.8411
-9.9852
-7.0820
-8.0054
-2.1636
5.3222
-10.8527
-6.0702
-8.7404
-7.6582
-7.1665
-8.6863
-10.0119
-1.5476
1.3291
-11.6469
-9.2431
-1.9686
-14.0409
-10.4557
-2.3250
-10.6172
0.1478
-7.6309
-8.7969
-10.8003
-3.5956
0.1801
0.1948
-7.2395
-1.4283
-5.7183
-3.3813
-9.6115
-9.6057
-8.1244
0.5991
-7.5040
-6.9401
-12.0529
-9.1937
-10.3539
-8.3201
-12.9911
2.7937
-8.7717
-8.0624
-12.9232
-3.7193
-11.5755
-9.4711
-1.0320
12.9809
-8.1118
-7.8188
-8.4057
-4.8353
-5.0506
-5.8550
-13.0294
-4.9463
-5.7522
-7.2834
-9.4636
-9.0468
-8.3864
-4.6355
5.2224
-4.5002
-2.9816
1.6299
2.7791
8.4585
-10.9042
-6.7895
-6.6328
-10.0613
0.3598
-5.7471
-2.6676
-5.8305
-7.1808
-4.0873
-7.4949
-11.2234
-6.6086
-6.1250
-0.9539
-7.3423
-9.4649
-6.5209
-8.3949
-5.3497
-4.9372
-8.2780
-10.5669
-9.1239
-12.1455
-7.1912
-8.9153
-8.5582
1.0801
-6.4321
-8.9527
-9.7434
-6.5939
-6.4636
-1.0795
-7.7668
-11.4271
-2.1873
-7.2970
13.4690
-0.2499
-3.4748
-5.5526
-13.4085
-3.2148
-3.7663
-6.9122
-4.5925
-5.3672
-1.0758
14.5190
14.0762
-9.5182
-4.3337
-6.5086
-4.9336
-7.0615
-2.4185
-8.2944
0.1053
-10.0516
-6.3504
-8.2184
-5.9502
-7.2832
-6.0287
-8.9800
8.8295
-5.5197
-9.3740
-10.0520
-6.1885
-7.9783
-7.6046
-6.5404
-5.8915
-1.8676
-5.9508
15.2632
-0.3185
-3.9480
-10.3897
-13.7642
-7.7693
-10.0317
-4.2365
-7.6524
-6.9586
-8.3018
-8.5015
-8.5267
-3.3452
-7.2377
-7.7223
-6.6573
-5.6537
11.5014
-10.3567
11.0410
-6.6236
-2.3921
-7.9086
22.3374
-5.0202
-6.3758
-8.7123
1.4996
-9.6259
-12.3108
-7.2413
-4.2596
-5.5905
-13.1869
-5.1413
-2.5772
-6.8630
-8.0873
-4.3220
-7.5245
-14.8817
1.3789
-8.4802
-11.0228
-4.3564
-10.6080
-8.4979
-8.3638
-10.5373
-8.2664
-2.3524
1.1044
15.8276
-9.1141
12.7543
-8.9923
-4.6632
-4.2884
-3.1265
-7.7880
0.2863
-10.2266
9.2505
-10.0116
-8.8273
0.1011
-7.2980
-4.9632
-10.7319
-6.2553
-12.3225
-10.3168
-4.8581
-3.6492
-4.7160
-9.8433
-8.5007
-8.7829
-10.0106
0.4774
-1.1108
-10.5940
-7.1940
-0.8106
-5.0418
-7.6355
-4.7260
9.9439
-3.2684
5.9299
1.4518
-7.9177
-9.1923
-6.6028
-5.7264
-5.3929
-6.3846
-4.6837
12.2430
-4.9661
-4.2001
-4.6395
-5.7515
-2.7056
-1.8977
-9.0337
-13.1132
-6.3496
-8.1820
-9.9828
-7.3259
2.7483
-11.5854
-9.1305
-8.3717
-8.0400
-7.1340
-1.6176
-5.4355
-10.0789
-11.0032
-9.4585
-7.3086
-7.4381
-3.6649
-6.0792
-9.4413
32.0095
-9.4893
-4.5870
-8.1882
-9.1016
-11.8766
-9.4584
-6.4865
-7.8108
5.1801
-11.6840
-8.9306
11.3384
0.9018
-5.1910
-5.2203
-6.7373
-8.7665
-6.3263
-7.5416
-12.6040
-6.4140
-6.1002
-6.4935
-9.8804
-8.1899
-9.8053
-6.3479
-1.0071
-6.0119
-7.6417
-4.0606
-4.9062
-12.0730
-7.1424
-7.9681
-8.6468
-0.4298
-7.5424
-5.8945
-11.0906
-8.9456
-4.9888
-5.9525
2.8047
-2.3486
-9.3199
-11.0697
-7.8050
-7.8844
-6.3439
-6.1123
-6.7053
-10.9446
-3.8085
-5.9739
-9.0431
-5.8832
-0.6306
13.8469
-12.0124
-7.9289
-6.4005
-7.2728
-2.4702
-5.3849
-10.0302
-8.4072
-3.2025
-11.3837
-16.4220
-9.2218
-6.0612
-6.7186
-6.8765
-12.9923
-7.3221
-5.6516
-1.9768
-9.4295
-9.1989
-9.0945
-8.0501
2.6139
-11.1558
0.7984
-7.2881
-10.2752
-14.9929
-9.7175
-10.7920
-2.4017
-1.9978
-12.3996
-9.8243
-10.1734
-9.7648
-8.6044
22.4499
-4.9978
-6.5872
-7.8929
-5.9545
-7.1845
-4.2508
-6.1117
26.3333
-7.0927
-2.8216
-9.7501
-2.9987
6.4184
-9.5383
-9.9447
-8.5620
-10.1405
-3.6941
-0.6669
20.0432
-0.0486
-4.5306
-9.1446
-9.1365
-8.6430
-1.2056
-10.3113
-7.8969
-8.7102
-11.3082
-6.7739
-5.8180
-5.6587
-7.3896
-6.9256
-10.2966
-7.5109
-12.0631
-3.3657
-3.1188
-4.5626
-0.8177
-6.5787
-13.7761
-9.0273
-7.3474
3.3019
-8.4753
-7.9991
3.1394
-3.9684
-10.3919
-6.0550
-10.0741
-3.9437
-10.0111
-4.6761
-10.3810
-8.2965
18.4220
13.3811
-2.3195
-1.6935
-7.1500
-7.3918
-4.6944
2.9983
2.5796
-9.6793
-6.9408
-6.5865
-5.5557
-4.9689
-0.9066
-2.0913
-7.0022
-9.6970
-5.8413
-6.9778
0.6263
-6.3563
-1.0074
-9.2990
-5.8663
-5.7930
0.4125
-2.5392
0.3797
-1.9516
-0.6752
-3.4736
-9.8454
-4.6182
-10.1049
-7.4300
-1.9647
-8.4534
-8.2707
-6.2615
-6.8561
-6.6896
-8.3042
-8.6655
-6.2853
-10.2198
-6.4532
-9.4556
-3.4618
-5.1908
-7.2174
-6.5107
-3.6279
-0.9052
-6.3278
-0.8276
9.6775
4.4239
-0.5011
-1.5241
-0.5393
-3.8527
-8.0107
9.0427
-2.9184
-7.9571
4.6154
-10.0222
-8.5731
-9.1525
-4.3733
-4.5127
0.1490
-5.5347
-4.7666
-8.6799
3.0016
-9.6612
-6.7066
-0.7028
-2.0652
-7.6492
-9.0759
-5.5599
-7.8205
-8.9499
-4.0972
2.3295
-1.5574
-9.1376
-3.4337
-0.8262
6.8341
-11.2612
-0.7044
-8.1848
-2.4555
-5.9724
-9.1676
-6.4729
-5.3372
-9.1974
-8.6290
-5.6063
-5.6790
-4.9198
-1.8168
-7.1806
-0.9900
-1.7929
-6.7218
-10.4335
-10.0678
-12.7611
2.5162
-7.2884
-8.3115
-0.1017
-9.0415
-6.2149
-10.9518
-7.4191
-5.9886
-5.9903
-10.3108
-6.4596
-1.2300
-10.8791
-2.4066
-2.2624
-6.4677
-6.6242
-2.9846
-11.4123
-3.0721
-12.2977
-6.1918
-9.0086
0.0208
-6.2584
-5.5935
-7.3218
-6.8258
-1.2268
-8.8674
-8.3785
11.2665
-10.9336
-4.4300
-6.1679
-13.0794
-9.1041
-8.2585
-2.7117
-6.9609
-2.9697
-2.9157
-5.0064
-11.4002
-4.3592
-10.0418
-3.6379
-2.6843
-8.3761
-10.7653
-3.7811
-11.5547
2.6610
-8.4627
-9.4458
-7.6967
-11.2899
3.9577
-8.1493
-11.7818
7.1479
-11.8337
0.4699
-7.4540
-10.9093
-5.8892
-4.6469
-7.7725
-5.5519
-8.9833
-10.0768
-10.3141
-9.3140
-13.0802
-11.6245
-6.3591
-6.3088
1.3081
-1.9401
-10.9807
-4.3416
-6.8411
-10.9500
-4.5982
-4.6735
-8.4938
-2.4516
4.0104
-10.3294
-8.6376
-7.5949
-6.0723
-6.1511
-4.0509
-12.9211
-3.1604
-15.4561
-7.8123
-10.1439
-4.5422
32.1227
-14.0711
-1.1988
-0.4442
-4.8300
-8.2836
-7.3610
-4.4244
-6.7147
-4.1922
-10.3214
-10.8781
-6.8224
-6.3007
-9.4662
-2.2687
-10.6481
0.8389
3.0849
-8.8168
-6.8875
-9.6081
-3.8759
-9.4420
5.3720
-4.4979
-10.8220
-10.9550
-8.7890
-11.2676
-10.4343
-5.3474
-8.0680
-5.2888
-5.7213
-3.0560
-8.7657
-9.9277
-7.6866
27.2989
2.7726
0.4232
-4.3118
-7.4762
-3.7485
-8.9927
-9.3284
-5.2424
-4.7295
-6.7430
-2.9740
-10.8244
-5.3213
-9.2858
-7.9009
-7.6176
-7.7198
-5.3225
-4.6868
-12.1180
-5.5126
-13.4566
-13.3620
-8.4502
-10.4238
7.0042
-13.5891
-4.2495
-5.2986
-9.8787
-8.5057
0.4537
-6.0932
-7.1232
-9.9259
-12.1468
-8.9175
-8.7424
-6.1288
-6.1960
-10.7782
-11.5521
-0.5382
-2.8742
-2.6132
-10.7602
-12.9465
-3.4732
-12.1693
-6.0733
-4.7131
-7.2238
-9.7635
-5.5771
-7.3094
-1.5844
1.8206
-4.8940
-3.3890
-3.6961
-7.7973
-3.4106
-10.3962
-2.6684
-9.3187
-1.5023
-9.1985
-7.3614
1.5681
0.1874
1.1661
-10.0591
-1.0675
-9.6123
-14.8881
-5.7468
-5.0449
-6.6115
-8.6782
-9.0002
-8.0727
-6.6884
-3.2638
-4.9664
-5.5020
-12.4366
-8.7838
1.2311
-6.0967
1.6564
-5.2278
-7.3980
-9.4453
18.1684
-11.0580
-10.6020
-5.9566
-7.7746
-4.5766
-2.0817
-11.7833
-1.0770
-6.3376
-9.5996
-9.9631
-3.3975
-11.0478
-0.8717
-8.4456
-3.1583
9.7956
-7.2105
-11.8252
-8.8460
-7.3383
-5.0166
-4.1195
-11.7394
1.4147
-9.8890
-11.2657
-7.1286
-10.8525
-15.1590
-17.3495
-9.0086
-9.7223
-6.0395
-8.8551
-1.5369
-4.1262
-9.2614
-4.4932
-4.6097
-5.7595
-3.8884
-6.5788
7.5331
-12.4341
-9.3309
2.7721
12.5662
-8.8651
-11.9748
-4.3069
-10.9824
-7.8864
-3.6627
-8.4138
-9.3469
0.3253
-11.5184
3.2890
-7.1520
-6.5277
-1.6140
-6.0294
-5.0829
-9.1222
-11.2442
-8.1390
-9.6236
-10.6753
-2.4715
-9.3347
-4.0418
-8.1617
-6.8681
-13.1788
-15.0304
-7.6576
-6.5894
-16.7645
0.7029
-10.8370
-15.3031
-5.3886
-7.9556
1.4085
-15.2205
23.4003
-7.6563
-3.2566
-1.8634
2.2711
-0.6498
-8.0731
-5.3390
-9.7081
-0.9668
-11.7124
-3.4897
-9.0944
-9.1644
-7.6710
1.9043
46.3527
-9.7418
-8.6190
-11.9031
-2.5443
27.9520
0.4388
-5.0186
-11.1640
-9.3966
-10.0596
-11.3073
-7.2434
-4.8990
-3.2117
-11.4023
-9.8956
-10.7178
-8.7631
-7.3605
14.9148
-11.0752
-4.3728
-3.0279
-12.1598
-16.6162
1.4538
-7.1859
-7.6682
-5.1164
-10.5401
-1.3537
-1.1903
-8.9786
-6.8083
-7.5320
-4.3388
-5.3991
-9.0191
-6.3202
-10.7264
-11.3454
9.7487
9.7213
-9.4482
-3.3568
22.1994
-6.8040
-10.0644
-5.4193
13.8913
-4.8929
-9.8997
-8.5589
-10.7009
-2.2518
-1.4924
-5.9020
-13.4241
-13.6558
-15.7343
-4.3866
-6.5831
14.6436
-3.8140
-4.3112
-4.2706
-7.1213
-6.5480
-1.0721
-0.0700
-1.6160
-8.1021
-7.1262
27.8752
-12.9334
-6.9390
-7.6547
-10.0388
-9.2886
-1.1967
-6.7973
1.5322
-9.4393
3.4691
-7.4275
23.2475
-10.7467
-5.0143
-3.6399
-6.6480
-7.8286
-9.9710
-8.6016
-5.9098
-7.9011
-3.0638
-7.4631
-0.0650
-13.6382
-9.1444
-11.4847
-7.0144
-0.8539
-12.1991
-9.3805
-1.0632
-5.9143
-3.3172
-10.3090
-6.0150
21.9185
-14.1512
-7.0474
-11.3919
-7.2836
-12.2203
-13.3392
-6.3466
-8.3100
1.4205
-5.5615
-3.8159
-5.6777
-7.7832
0.1225
-9.3056
-2.6246
-8.5021
-14.1151
-12.3469
-9.2381
-11.5220
-12.2647
-5.4734
-6.2435
-2.9795
5.4154
-17.6105
-1.0138
-3.7801
-5.4063
-4.8516
0.2403
-2.2938
-6.1511
-7.0829
-4.0490
-7.3577
-6.8845
0.0057
-12.0701
-1.5921
-13.5016
-2.1456
-3.8879
3.1934
-11.8339
-9.1415
-3.1642
-4.7761
-5.1966
-1.9822
-10.2518
-0.7488
-8.0306
-0.1261
-7.8501
-4.1039
-5.3743
-5.6790
-3.2580
-11.5431
-3.8168
-5.6950
-5.8514
-9.3658
-7.5440
-13.9041
-13.9735
-3.1917
-4.9989
-2.0500
-8.0588
0.3307
-8.6301
-8.7328
-8.0777
-3.0388
-8.3312
9.3943
-5.5546
-3.9471
-0.5663
-3.3839
-9.4174
-3.2253
-9.9429
-10.5197
-7.4016
-12.3171
-3.6551
-15.9554
-2.8867
-6.7874
-8.4348
-8.1821
-11.6933
-4.0743
-2.0765
-8.2383
-2.6160
-9.5168
-6.6588
-11.8218
-8.4755
-8.9703
-11.4418
-6.5836
-8.3000
-7.3922
-7.8674
-12.4681
-2.3856
-5.5478
-3.7548
7.5889
-12.9325
-1.3944
-8.2279
-11.0736
-6.6875
-9.8268
-13.7155
-11.9393
-4.0052
-6.3707
-11.4412
-7.1849
0.4302
-6.1577
-9.5273
-10.5560
-7.2394
-7.7674
-8.5983
-10.6688
-8.7301
2.6959
-6.6747
-7.1170
-9.0529
-11.4575
-7.6500
2.3807
-6.1409
-11.6209
-4.6181
-4.0245
-8.2260
-2.2166
-2.0734
-5.0103
-5.7712
-1.9784
-8.8372
-3.3338
-5.7498
-12.1807
2.3627
-6.6633
-4.8062
-2.7169
-9.9319
-5.9316
-0.3786
-11.3653
0.6087
-9.6708
-6.6227
-7.8287
-2.5848
-11.3237
-9.2055
8.0673
-6.0032
1.3000
-7.3313
-4.9804
-11.3566
-8.0955
-3.8112
-6.2919
3.8264
-3.5707
-5.0614
-9.2618
-3.7281
-0.5585
-4.6549
-5.3799
-0.7966
-12.4640
-11.0288
-7.9655
9.6960
-9.0236
-10.4683
-10.2443
-9.9920
-2.5598
-7.4197
-1.7472
-4.4836
-9.0090
-8.1460
-15.3601
-7.9701
-8.9951
-8.3161
-7.7193
5.1507
-7.3016
-7.8593
-2.5547
-10.9085
-4.3068
-9.2420
-10.5899
4.9675
-6.4192
-7.7213
-2.9680
-1.5110
-5.7475
-12.8848
-8.3757
-10.4219
-9.0570
-4.9626
-5.0413
0.5276
-8.7807
-2.3777
1.3147
-4.3338
-6.9555
11.8709
-6.4833
-8.8007
-7.2751
-8.4069
-6.1801
-8.3003
-3.5256
-1.0530
-0.0632
-4.1316
-6.1909
-1.5308
-10.8804
-10.1715
-6.2904
-10.1331
