4.6256
12.8909
5.9784
20.8004
25.8229
7.4839
11.1792
-4.3970
8.1921
16.1227
0.5801
-1.2540
11.9110
2.2949
6.0352
4.5686
1.5325
4.8518
2.0054
17.3584
2.7573
-5.6513
8.9118
13.9830
16.2280
10.4163
22.4749
21.4676
4.2657
17.3668
29.5188
23.1833
11.1886
3.7737
10.0835
4.1043
8.9223
11.1996
24.3574
19.4165
19.0153
5.2051
7.4388
-4.9509
5.7413
12.0292
0.2612
5.4992
25.9506
1.9018
-3.6624
7.4297
3.6070
20.6094
3.1620
5.9826
0.2601
8.8116
11.9662
8.0760
4.6772
5.8451
14.8136
7.4771
23.0483
6.9149
14.5220
8.4967
37.9740
-7.3107
5.4046
-8.6599
-8.8993
4.0742
16.4889
-2.1470
-2.6473
4.8312
3.8632
2.2860
5.3832
-5.9664
8.4348
22.9131
9.8976
2.7417
13.9121
4.9331
-5.0368
-2.4312
26.6809
33.6407
7.7228
7.1566
-1.2545
22.0692
29.4257
10.6387
-1.3790
1.4856
8.8275
3.2153
16.7630
4.2603
1.3652
14.1053
5.1820
3.6026
6.2277
2.6364
5.3418
3.5070
-0.4025
-3.5580
4.1614
13.8280
0.8403
17.9212
13.8027
9.1384
-6.4875
15.0832
4.2351
4.7636
-14.7602
25.9246
-1.7027
16.5256
8.9913
10.3593
19.5260
7.8803
-4.1358
2.7181
5.9064
8.2753
-0.9361
12.8516
31.2001
6.3161
-7.5943
13.3224
-9.9562
4.2566
0.4848
6.9451
4.3097
18.5041
4.6868
-5.1542
6.2289
3.0320
10.0606
9.5477
5.2269
5.0819
8.4869
5.9904
-2.5034
24.5611
-2.3137
6.2275
1.9504
18.5564
-10.2990
-3.7686
-5.5076
22.7688
18.6795
-0.3890
15.7784
15.8780
1.4510
2.1358
15.7147
1.0142
7.3494
11.4172
-1.2402
1.8944
20.3880
7.3040
9.2851
5.1389
-2.4176
-0.7503
1.2070
-7.1205
6.9156
16.0313
-1.0603
18.1050
9.3722
21.3845
17.0520
8.9163
20.4882
3.1032
6.4787
6.2513
8.2228
11.5310
0.5894
0.4633
10.0019
7.3184
6.7832
5.6103
10.3052
7.8831
31.8733
-2.5480
13.1691
13.4086
2.2097
15.6404
14.2914
5.1329
1.0352
-5.0214
17.5384
12.4029
8.4120
5.8864
7.9785
-1.9427
5.2561
6.8692
21.0308
0.3187
-3.6164
11.9077
6.4467
6.3110
17.6261
25.3398
15.8223
4.5168
17.0976
1.4812
18.3669
14.0532
0.8806
16.4601
2.6254
0.8134
20.4501
17.8359
7.0280
0.0221
11.5028
-4.0271
9.3437
6.1466
2.7246
5.1772
14.5735
3.8256
2.8168
1.1261
9.6857
-0.8061
12.4925
0.7949
2.2398
8.8017
7.6429
2.3278
8.4479
-1.8939
15.1192
0.5982
-0.6338
-6.2651
21.3042
7.3759
13.8436
23.4955
18.6153
15.4627
11.0975
8.3555
11.3401
7.3300
0.8708
-11.2618
8.5266
6.2877
-3.3226
3.5569
17.9454
2.1650
7.4362
5.9756
19.0936
1.2260
7.8949
11.1238
6.0430
3.1144
0.2677
6.4848
10.6828
26.9394
-3.8271
2.7231
5.4544
18.4107
0.1029
22.2968
3.3863
-3.9338
9.7750
33.4803
18.3427
23.7423
11.6172
4.3192
0.2414
10.0346
-0.7303
4.0962
13.4546
14.5506
6.1083
8.0911
9.2228
23.4046
25.8556
17.6854
36.5858
2.4214
15.0187
-5.4719
19.1944
10.0738
16.7557
4.6975
5.4387
10.4089
-0.8670
3.8477
8.4912
2.2410
17.3206
26.2755
21.8387
2.3854
5.1190
-6.8162
5.3545
6.3383
3.9960
4.1670
12.9298
-5.8418
27.8428
-3.3002
15.8945
7.6555
14.4634
23.6454
-5.6649
16.1401
2.0456
15.3160
11.3314
12.2318
-5.4919
5.9239
16.3898
11.8685
28.3963
1.5118
11.5074
11.6258
8.7922
20.3333
1.5018
2.5308
3.4092
14.0597
0.1618
-6.3645
16.3106
13.0628
3.6373
1.6928
6.5648
2.0419
-2.9615
15.2252
-0.7584
11.1330
-1.1334
16.9024
-1.6022
2.5319
26.4281
19.1299
28.2108
29.1777
5.0933
9.2987
11.7290
7.2384
4.4379
-3.8649
3.8716
33.1633
3.2306
4.2899
8.0450
-2.1633
11.1344
1.3922
-0.5438
12.7142
0.9825
3.2884
8.8942
9.9050
-1.9268
4.9233
21.3187
10.3379
11.3230
6.4601
12.9282
0.7356
7.8421
-2.8944
10.4428
4.1697
5.7786
-5.2390
-3.0541
29.8596
2.9562
25.4841
10.6089
1.5943
0.8812
19.3493
33.9644
7.7098
-0.8372
5.6569
-1.4990
0.2347
1.4948
-4.3823
-1.0433
12.9732
0.1056
-1.7377
2.0576
9.6673
3.6854
19.5896
-3.5370
11.0298
12.5734
-6.2095
-4.8431
0.1636
6.9225
4.5084
0.3881
3.5398
16.2164
7.9027
12.5442
0.4995
-2.4097
5.2618
13.6375
10.6174
10.3441
-0.5431
17.0686
6.7221
-1.4852
2.9669
-9.7903
12.4649
6.1677
10.5099
-0.2751
-10.7450
9.3320
14.9149
2.4785
-5.9287
-3.7104
0.8192
6.3070
30.4336
7.6389
-5.0850
4.8670
4.0932
0.8594
3.7464
9.0748
13.2010
18.8251
11.1579
-0.4056
10.8782
-5.1230
14.2042
11.9531
10.6332
0.9283
0.6824
-6.1979
15.2351
24.2342
6.3112
-2.7823
-0.8916
24.7785
21.7223
3.0763
-3.1131
-3.4776
-8.7443
16.3717
-1.9494
19.1364
5.0550
13.3767
-0.6510
18.6672
4.0981
9.9800
30.4410
16.8410
1.7324
10.5654
-6.1947
-2.4527
6.2347
16.0710
13.1883
15.0462
5.8184
9.5594
3.0996
4.5194
17.2120
8.7823
-0.6197
4.8198
3.1282
-4.4047
10.3732
5.4373
24.0549
13.1165
-2.7664
5.4520
0.8643
15.5370
8.1622
-0.2857
5.8544
14.7097
6.8419
-4.6783
7.0756
17.4643
13.0232
15.1228
1.1680
8.7663
17.0789
10.7572
3.4367
-2.4301
4.7010
-2.1324
9.5626
-2.2045
0.0618
18.8651
9.1750
1.4135
7.0530
6.4744
2.6249
26.6931
-4.8872
3.2840
6.7085
14.8096
8.3368
1.9556
38.2101
31.3240
3.6775
3.2102
-1.5430
24.6146
-9.5668
-0.9827
5.0270
10.7695
16.3458
2.9969
11.3242
10.1270
8.8390
30.8526
1.2549
9.0301
-1.8854
-2.4798
12.7890
-6.2083
2.2120
1.0714
9.9688
7.8088
3.7820
-3.4731
9.1966
13.9260
2.9761
7.0217
17.8040
7.0980
14.1604
-1.1343
10.9370
-5.9043
12.7866
3.0200
14.4062
15.1916
11.3923
-7.1917
-11.3977
4.2181
-5.9001
7.8773
-0.3401
0.0292
21.1658
9.6392
15.7393
5.5489
4.8574
3.2536
5.1027
3.3173
8.7046
27.1458
-0.4305
45.8666
11.9836
5.1338
-5.5213
10.8931
-6.7074
15.1965
8.9573
13.8449
7.7904
-10.7430
4.1670
29.2800
2.5113
4.0401
13.6007
8.9810
-2.4517
4.4659
23.8343
7.6732
21.9440
3.3383
-1.4554
12.2146
25.7118
-1.9553
8.7225
12.3862
6.1064
-1.6929
8.6556
6.3056
11.0205
2.2724
-1.5023
-1.4781
8.7823
3.7046
2.2639
8.1665
0.7490
4.4445
5.1579
1.2789
-2.8213
6.7852
7.0599
34.5032
-4.6813
-0.6188
3.6820
3.4249
48.9498
1.0429
-5.1395
10.7222
-4.4908
0.0282
0.7310
12.5149
8.7971
-3.1166
11.3688
2.6450
4.7331
-0.4101
3.9959
-0.1483
-0.9264
2.8430
-21.6324
-1.8821
-0.1046
8.2467
4.2433
10.7416
4.5188
-2.2242
-1.7672
-4.1915
0.3792
22.0306
18.0694
12.6230
-12.3183
0.9695
14.4853
11.7709
1.6901
-8.6641
4.2689
-6.8324
7.4264
14.6310
2.5353
-5.8963
1.0078
2.1890
23.6147
-1.1395
0.3359
27.2177
1.4785
2.7203
6.0094
27.3176
3.3592
-5.0967
13.1514
11.4774
9.5236
4.2402
3.1644
24.2427
12.0977
0.0857
17.3559
10.8273
2.6864
3.6750
28.3493
8.6076
-3.0198
5.8132
5.0183
13.8350
-4.5012
6.2707
21.9221
8.9611
4.4043
8.5029
2.1938
4.1355
5.8525
7.8702
21.6296
18.4067
-10.0884
17.3656
-1.1724
8.0744
28.9501
23.6333
11.2039
13.6460
16.7645
10.9969
-0.7373
-3.0562
26.5019
10.4928
2.8588
1.5358
-7.1763
-9.7348
2.0930
9.2672
-2.3870
22.4269
7.7940
-2.2184
5.3841
13.3862
7.3556
6.0363
3.1444
5.3662
16.0322
22.9635
38.0118
10.3493
16.1006
10.1289
-4.1417
12.1699
20.3064
8.9351
-4.9038
7.3015
3.3312
-0.0129
0.4762
38.0930
7.5301
3.7279
-0.0452
1.7250
0.4409
2.1064
6.3518
4.1580
34.6175
7.4288
15.0553
8.5292
18.6698
13.6255
10.0491
3.9672
-14.3927
-11.0331
28.9156
6.4835
-0.5287
-1.9237
3.9149
2.9508
1.8576
-0.1474
7.7950
9.3720
-1.3631
8.6578
13.3112
5.1365
11.3325
3.1174
2.6087
10.9860
12.8451
26.0281
8.9034
2.1520
-9.3550
7.3493
-4.9812
3.4734
-1.2251
6.9936
-1.7257
-1.0002
7.1802
9.6279
5.7970
10.2834
4.7626
3.2820
16.0267
7.3030
9.6069
37.6301
16.1152
19.1266
-0.9896
31.6023
-5.9506
-3.1243
11.2320
19.7967
0.9389
10.5990
5.2329
10.2980
15.4101
-1.6987
16.5851
5.1723
4.0150
4.0359
5.2747
9.5592
3.3853
4.2191
8.9852
-6.8265
14.5755
5.7296
-2.7544
-4.3498
-2.4704
21.7261
7.9426
7.0346
7.0966
8.9576
3.3037
9.6232
17.1818
17.8175
11.3647
3.2101
10.3118
3.6561
-3.8225
5.9241
4.0382
6.8041
-2.1756
-3.3161
7.3805
0.5062
6.2996
12.3727
3.2395
16.1197
16.0565
7.2391
-1.6782
7.5837
17.9310
13.5028
4.7775
17.0168
1.2176
5.0959
5.5004
-2.9008
2.9953
33.7971
6.7599
14.9062
0.2229
-3.0235
-0.9384
10.2060
5.1296
6.2854
-0.8200
-3.0903
-2.7801
42.5335
2.4511
1.5262
3.5043
3.9777
-6.8068
22.0936
2.2197
20.4735
8.7218
2.8793
2.4546
8.0014
10.9488
8.8079
6.6799
15.1319
9.9712
8.8495
0.4728
-5.2009
5.6808
4.5605
2.4361
-0.5965
3.3408
26.0514
4.6466
1.5329
-6.8427
-5.5968
3.0389
20.4901
8.1999
9.5224
3.9314
3.3443
-8.3614
20.1162
-8.8062
7.0836
15.3948
8.6560
0.6706
-3.4338
-1.4906
13.6068
-3.4297
9.4477
7.8127
12.9347
11.1986
9.5028
-6.5870
3.6653
-3.3031
-3.7698
4.3044
6.5850
17.5784
17.0054
4.7724
22.5212
1.2376
11.1212
-1.6352
8.8386
-1.9352
10.4272
17.2962
13.9457
-2.0965
14.4998
2.9130
21.4974
12.1409
3.1736
7.4474
13.5135
3.0699
10.8723
5.9348
0.8405
25.8854
-0.1915
5.5947
6.1071
8.7453
8.8826
10.4887
4.9223
22.7805
-1.0373
4.2775
4.9204
4.6389
5.6724
19.7403
6.7338
11.8909
9.0682
15.5119
8.8438
11.2881
14.3448
10.3490
-1.7369
-0.3191
1.9380
5.4011
2.6687
2.7177
-0.3030
22.3713
15.3471
2.3988
5.5667
13.7562
1.2184
5.6303
0.1235
3.0938
4.4099
9.2965
20.0687
15.7164
14.4427
6.3149
4.6012
6.3624
19.9581
0.0286
14.1133
1.3054
14.6530
1.3501
8.0651
7.1942
6.5824
7.3008
4.2513
6.3416
12.3930
9.2228
6.2194
5.2452
7.7311
-6.9831
12.6298
18.0428
15.7609
8.2448
5.5964
7.5989
2.8143
-4.0210
4.3383
12.2716
7.8658
-1.3854
15.3093
13.8210
5.3165
-5.1274
11.9667
11.5775
20.7491
4.7441
5.5600
18.2702
-6.8611
6.2451
10.5427
17.6330
-5.7338
10.3606
1.2846
6.8713
6.0240
4.6606
-0.8608
-0.4908
-6.4744
-0.9256
-8.7857
-1.1843
10.2045
9.5356
6.5258
11.0828
-0.3169
0.7031
4.9518
1.4898
4.2270
28.2672
22.4044
-8.1059
21.8156
14.2834
-3.5452
22.3683
10.1765
17.1531
-0.0341
-3.7890
18.8314
-2.5718
-0.0082
10.6493
5.4474
11.2559
4.2179
-4.0340
31.0511
9.2630
3.9091
8.3857
8.2903
2.2193
1.7669
6.9103
19.3626
8.7155
8.2958
1.1536
20.5456
18.4989
2.7945
7.7380
4.8943
-2.0741
4.2211
6.6193
3.1856
11.2909
6.8504
0.0676
8.7637
-1.3495
17.9653
15.3094
13.5822
11.8918
-2.9919
-7.7780
0.3627
8.4159
22.4894
4.2389
-0.9818
-3.8102
9.4542
2.9935
-0.3699
4.7478
1.5218
3.7676
8.4171
-9.0392
3.5788
7.1269
0.5766
17.4782
14.4280
1.8286
5.4346
11.4604
4.2662
2.1892
6.6249
9.4316
-3.0286
1.9188
19.4193
6.2027
-10.3473
7.8804
18.6101
-1.3573
2.0553
19.4331
26.8367
-12.5047
1.3280
14.8002
0.4441
-19.1874
5.4831
-9.3323
-21.5334
5.7936
28.9605
3.6884
1.2782
-2.8062
14.2498
5.0114
4.5784
13.6073
-0.9973
11.9942
-6.1149
4.5477
-3.6248
8.5647
17.1999
9.8725
4.3343
-3.3399
-2.1735
6.6288
-15.4862
-7.2462
-0.3655
0.1665
28.0522
23.9848
4.6259
36.4221
11.7137
8.8699
18.7282
14.6178
6.4735
8.4366
-0.3596
3.9901
17.4370
2.8059
12.7675
12.3442
-0.0985
6.6791
-1.8998
-6.8540
5.1837
-2.6897
7.1125
-5.5708
-2.5522
23.6134
2.2412
-3.6661
3.8872
12.3573
7.7829
7.8716
16.3892
1.9680
-7.6720
5.6490
8.7797
11.3361
9.4049
3.3781
7.2181
-1.9208
21.6384
0.1003
-0.1686
7.2332
0.0322
6.0798
3.2983
-0.1259
4.6282
-4.4142
4.5176
6.4165
1.8203
3.5937
0.7403
4.1274
3.7167
-7.5147
7.8354
7.1298
2.1051
2.9945
8.7450
-7.8935
17.5477
-2.2131
0.9376
-1.2863
8.5162
3.4320
11.6885
9.7328
-0.2430
-2.1150
-5.4259
13.0958
6.1865
11.3867
-1.1447
2.2566
35.4990
-0.5926
0.4263
12.4284
4.5753
1.6063
8.1301
-2.9710
-5.0855
-4.7758
1.7705
9.3525
3.4518
7.0794
-0.6956
16.9480
10.8123
10.1511
17.3533
2.8435
8.0083
0.0378
-0.1022
4.6663
22.3352
1.5338
-2.9804
11.0558
1.5263
16.6998
1.4433
17.0660
8.6467
-1.9095
1.3919
1.9689
15.4229
7.4574
5.5966
10.6965
20.2922
27.4710
11.9924
-3.5169
17.9672
16.6277
6.2159
1.0789
-2.1189
7.3231
20.9214
12.5133
11.3659
2.1195
2.4469
18.9435
-8.0758
-2.8592
8.0361
12.8764
5.6363
21.9717
15.7393
2.4206
3.0491
10.4935
-0.0293
8.7919
3.4284
10.0487
8.9169
11.5985
0.7201
-3.4812
-1.2165
1.1830
20.3258
12.1735
28.1941
12.7499
4.1499
47.3692
-3.2831
20.1610
9.7854
0.5118
7.0039
6.1401
-0.3653
15.4477
13.8121
-3.2573
11.4176
7.1262
35.9789
8.3143
2.7480
13.3782
1.1075
6.2417
6.8342
3.9710
5.2505
-4.0680
0.7650
-0.2661
25.4579
7.9006
6.6268
13.2190
2.8742
0.8334
17.3667
7.5854
3.0022
4.9726
22.3489
36.4972
8.0917
8.5095
3.9278
24.5547
19.4303
7.4609
16.0048
-1.8078
5.0911
-7.5056
20.3586
5.7454
3.0560
-2.9676
17.2631
3.7325
1.1611
13.9448
38.4735
1.8741
-5.0428
6.1949
-0.6885
-1.0077
5.9334
-0.4681
2.7646
13.8659
1.4888
9.7690
3.5179
15.6377
-7.7199
-0.5228
-1.4348
-0.3834
2.1177
8.3620
4.3938
-0.2394
1.4943
12.6386
0.5622
19.2129
1.4259
-2.0023
-3.0191
32.2389
0.5060
9.2183
1.0603
9.0073
10.8376
0.9842
0.6992
9.4644
-3.3481
4.0483
9.6719
3.1958
-0.6649
14.0068
22.3673
5.1641
22.2087
1.2076
3.1363
3.1794
32.9313
8.3418
21.6750
21.2170
2.3900
-6.4735
3.9419
3.4110
-2.3193
-0.9387
2.2995
3.8378
9.0488
2.2917
9.6124
12.9027
-2.0873
11.4737
6.4571
-20.3356
-2.8842
-0.4043
13.3254
6.8373
11.1044
-2.2161
24.0930
3.4085
14.0679
5.4329
15.7424
13.2686
11.4091
10.1108
7.2328
13.4790
5.9193
1.8616
24.3221
3.9339
10.1758
6.9465
16.1221
18.5298
8.4771
4.3522
9.0409
27.0523
4.3797
-21.0729
9.4364
11.2382
5.6505
10.9937
13.6426
5.2676
9.3727
12.1844
2.6464
1.6623
11.2607
5.9692
-4.1463
14.6814
3.4793
-18.2046
-11.9176
1.6646
11.3105
6.2709
-6.2516
27.7585
17.7960
-3.4845
-0.4491
5.9432
3.7149
7.0186
2.5551
1.6684
30.1045
10.2418
0.8814
-0.9943
-0.8449
11.1701
-2.1892
17.2627
-6.7045
0.2386
31.1126
9.0119
4.8760
8.0944
-0.5581
3.4394
16.1103
-0.9253
8.0040
-0.5455
7.3450
2.4561
7.7265
17.1103
-10.7835
10.0854
-2.7364
10.3623
16.6853
-3.6735
11.7039
16.0382
4.8985
8.1577
-4.6957
16.4016
-4.3529
6.2086
7.8420
11.3931
14.9844
1.9613
7.8791
2.3067
10.5053
23.6260
5.5844
-0.1436
2.7991
3.6113
-6.6531
7.8176
3.8296
-14.4207
1.2038
3.6018
18.7893
5.0912
11.5530
-10.1340
11.2338
7.5781
7.6911
-1.3134
-2.6198
6.7288
8.6111
10.5097
-16.5229
-3.5822
-0.9472
1.5093
3.1771
2.9684
48.8981
-4.3943
-3.2306
-1.8031
3.2657
11.6515
-1.1863
32.9512
4.4807
16.6814
15.2626
5.4924
-1.9047
-6.1837
-1.3034
4.6606
-4.5323
-0.1976
0.2665
15.2990
-0.1112
6.1222
11.9504
46.7310
12.0510
4.8006
10.3948
14.5318
2.6576
-4.5505
12.9488
7.9174
11.9200
19.7753
8.1032
1.0444
3.3816
15.7716
-1.8060
4.5841
28.3028
19.3350
-9.8370
20.5004
-12.1698
26.3528
-0.4064
-4.3735
-1.0723
-2.1160
1.6401
6.6169
-3.8714
4.2963
16.5111
9.4072
11.6285
2.1777
18.7514
2.2213
17.8540
38.5607
-8.9910
-1.1820
12.2675
0.3875
-10.5106
-9.2706
3.7865
-1.5767
-2.0876
4.3428
36.2038
3.0203
20.9511
-8.6004
15.7108
14.3474
3.9012
4.7263
10.4748
19.5412
2.5798
2.5787
1.7274
-1.5595
-5.2986
18.0528
7.5779
67.7167
-4.8559
3.2345
28.6778
31.5697
3.9335
0.8135
10.3079
17.3611
10.8535
-2.3709
2.5484
34.3372
7.0684
6.5729
13.3696
46.1714
-1.9775
2.2973
-6.6835
10.5766
-1.2498
12.0007
-11.4438
6.4017
25.6458
4.6670
-3.6940
6.6465
1.9681
13.7790
12.2598
7.2287
10.5234
4.7202
20.4822
8.4955
12.6337
3.1587
-2.2221
2.5724
-3.5070
-11.8518
-5.2132
-2.1468
5.2818
-2.8431
-9.5616
8.5650
1.0577
-1.7554
11.2040
-0.9808
3.5335
5.1646
-4.0605
14.8556
8.3561
4.6580
-2.6168
-0.6041
12.4255
3.2185
4.3434
1.1859
7.1258
5.2050
8.6523
-1.2607
20.6972
-3.1985
18.9775
-1.8017
17.5439
5.3245
2.1820
1.2440
12.8450
-0.4017
-6.1243
4.9275
-4.8811
-8.5598
0.2073
-1.7721
11.9121
18.4463
12.2431
17.5379
4.1673
3.8560
6.9458
-1.0944
3.8946
-7.3813
18.2603
-0.2610
10.1371
18.0420
1.3451
2.7173
71.8420
1.6097
-2.8471
2.3350
0.6270
60.2313
2.2041
-1.2486
4.3425
4.1561
41.3016
4.4416
9.2904
-1.1421
6.6744
3.1760
0.7104
19.1332
3.4939
16.0991
3.5242
-14.9383
-9.5309
10.6703
72.7264
-7.7824
5.2104
-16.1074
35.9794
12.4374
0.6888
3.7631
22.6416
-4.7152
-2.9790
8.6391
13.5642
10.1235
-11.0227
11.6613
-0.3555
7.0109
3.3714
3.8686
-3.7940
3.7772
2.2396
24.1849
11.1330
5.9675
12.6500
4.1121
5.3603
-0.1735
8.7201
3.5351
30.9100
-3.7040
10.0441
2.4894
4.1563
24.5798
-1.9386
5.8018
8.9302
5.2886
12.3727
12.1926
-14.9833
-2.1053
7.4101
6.0605
1.2275
-5.0098
-1.2847
0.8756
29.3031
4.3831
11.3458
-0.2364
3.6277
22.2263
1.4953
15.3329
-0.7784
3.4406
5.8997
15.6840
-6.9773
14.7052
-3.3767
3.1927
21.8075
-7.7709
-1.6203
4.7291
0.6118
8.4311
1.8822
3.6096
-2.9551
8.7511
-3.3563
1.5866
5.2545
40.5759
3.8873
6.7210
7.1510
-8.4180
-2.2780
16.4757
2.0317
28.2399
8.4529
-3.8253
8.5136
15.6317
24.1577
9.8957
16.4713
14.8919
0.0939
17.6966
6.2522
12.8830
36.3577
4.9908
27.6340
15.6159
13.2918
-3.6597
9.3855
-0.4923
18.1408
6.1963
11.2710
15.7042
0.3326
0.4612
12.4341
14.5071
6.0833
24.7330
-8.4694
8.7894
16.7201
0.7863
2.9579
8.1099
4.8748
16.3561
-0.6995
-6.6826
10.9220
19.9779
6.5251
-1.1945
2.2814
6.1316
-2.5307
20.5965
-1.0387
0.9694
4.9014
12.4864
17.8410
9.0480
-0.1029
-0.7230
0.9477
8.0631
28.7613
5.5007
5.9358
1.8142
5.6171
6.3468
2.3809
0.7527
1.6643
21.3512
21.2585
3.3631
4.5437
-2.5647
16.4537
4.1494
1.7893
9.2278
0.6963
7.9886
1.5168
15.6239
-2.0350
15.8376
9.2046
2.7754
3.6188
-1.3678
-10.6689
13.4970
7.9115
0.0951
1.4410
7.4782
17.3842
2.0596
5.1264
22.2698
9.7911
12.9680
8.4162
2.5588
1.1320
-0.6659
6.4330
10.5905
11.0108
4.5344
-0.3280
13.6295
13.7049
19.0291
7.2257
14.9011
-3.2072
3.0807
9.4031
5.3513
-0.6186
-3.0058
-8.5996
12.8507
23.4219
2.3972
-3.7845
-0.4113
19.8728
-1.6051
2.7620
11.6806
3.4600
16.9587
2.1038
22.5915
-5.1526
25.3869
10.2114
-12.1692
-16.7255
5.1772
0.5877
2.3687
8.4986
2.4090
8.8455
22.3531
7.9165
0.8677
7.1562
-1.7059
8.3268
9.4682
26.2595
-3.1108
-2.0558
16.3224
1.7897
11.3811
6.2615
-4.1888
