24.2096
18.5583
16.5238
4.7261
23.8340
7.6136
27.0110
19.3300
19.2646
15.7449
23.8429
17.3997
19.1603
20.5563
8.3261
15.2092
23.4230
37.4849
13.0998
39.8259
17.3051
6.8500
7.6420
19.8509
34.0328
28.2677
18.1427
37.7430
25.5677
9.2489
43.3716
23.4329
16.3691
16.8718
22.7745
9.9079
59.3491
25.0062
19.6265
13.4056
13.8275
21.6077
19.9044
3.4634
7.2941
14.9751
9.6316
-2.7196
17.9156
16.8098
23.8090
15.2836
15.2877
24.1776
25.8733
30.3920
15.9367
15.3847
15.6621
19.1566
21.1487
12.2313
21.0836
16.4748
15.0863
22.8795
8.4980
9.9676
35.3813
18.7324
23.7881
19.9316
3.1510
11.5087
15.8918
14.5556
16.2157
5.6544
13.9129
2.0887
30.3938
29.8968
8.1915
11.6605
9.4056
16.4667
4.7886
30.7307
17.3159
11.1225
21.6408
6.2029
20.0614
15.2520
21.7299
7.1118
13.9778
9.5994
29.5444
12.8819
26.0740
20.9975
-0.3629
24.8151
15.3723
26.5734
16.9518
19.4721
18.0184
26.0767
18.2894
5.2480
20.3416
15.3167
15.5391
13.2827
20.7789
22.0475
18.3812
9.9818
27.4023
11.3417
32.3538
9.9582
13.6363
10.8469
24.3170
14.9847
21.9799
18.9999
51.0983
22.2308
34.8666
5.3889
30.8864
7.7717
51.4620
19.3323
19.6629
13.5734
29.3321
24.0572
17.5154
21.4938
22.7390
13.4600
20.7134
4.5441
28.2278
44.4746
27.6552
10.9703
17.2774
33.8809
19.8370
21.9261
13.8046
29.3159
22.5416
23.3618
11.1552
21.0858
10.4306
14.4866
1.1585
23.8633
20.4185
11.5090
26.5419
37.0350
7.6209
37.1830
11.6307
9.6746
5.9153
20.8037
39.6140
23.7649
25.6232
27.5290
24.4961
25.0580
18.1628
13.1101
15.5701
18.2013
56.5772
25.4755
44.4403
17.9819
11.0338
8.5149
44.0974
19.1768
17.6742
22.4758
10.6362
21.3829
17.1752
8.0872
21.6003
7.9305
19.6010
18.2496
0.4417
11.8387
25.8691
11.6419
15.2192
31.2281
16.4451
9.4466
12.3842
17.7646
12.0752
14.6480
22.4698
12.2117
16.9422
18.3195
17.9394
18.5604
18.9832
23.3952
22.9950
16.6957
24.9447
27.0969
15.7814
-0.0828
15.8844
9.4296
20.7759
18.1348
16.4191
15.8681
11.0778
0.0544
19.0906
54.1792
8.4952
15.7644
43.8802
28.6356
22.1387
2.9427
24.7486
16.4236
10.7230
10.2472
12.7605
21.5591
20.1397
26.4566
43.4068
28.8352
15.2523
17.8256
10.6438
22.2846
7.9620
19.2465
39.7717
7.2848
16.3375
2.1882
19.9605
24.1631
11.6452
33.1006
18.4403
25.3712
19.2616
35.1726
30.4632
15.9102
21.1261
13.6952
17.4758
11.2792
27.9252
-3.5018
20.7277
20.5165
20.2161
7.5850
30.4782
9.5789
8.8581
10.4140
14.6325
33.1455
18.4792
40.8695
18.1425
-2.3524
34.6235
43.3026
-0.1368
5.6139
22.8857
7.8999
25.4091
14.4340
15.0491
15.5647
18.6095
27.1873
7.5551
18.5589
26.4893
15.0954
12.8576
20.1013
26.0951
3.6251
15.2925
6.2623
14.0660
27.7802
15.1849
15.9162
16.8123
34.9183
45.0056
12.5360
12.0551
20.9491
1.8573
22.3407
16.9410
15.3553
21.1876
13.6910
24.7626
16.0577
11.0844
28.1017
9.7472
22.1013
17.6770
24.7968
16.8097
18.7410
12.5477
8.4888
16.9735
26.5412
9.5684
8.8891
13.9905
13.5700
30.7710
11.4064
12.1037
18.0308
7.3447
25.0657
6.3015
-6.3182
16.2864
9.1716
-0.8270
12.7689
6.3502
9.3664
13.5299
16.2465
21.4732
27.2563
28.8742
15.6425
4.2587
26.9773
24.5591
20.7360
12.1555
5.8663
25.8899
23.5065
21.3244
21.2714
31.2745
12.2072
35.0194
20.6784
13.4891
20.7449
18.7566
36.1813
13.1134
22.4543
10.3476
38.3091
12.9187
29.7357
8.8598
15.6009
16.6857
16.5434
23.7369
35.1541
8.0152
13.8232
4.8252
23.8876
25.4880
7.9610
38.0925
25.4441
25.4624
7.0472
7.0932
3.0956
14.9667
1.6927
5.5469
9.4811
30.1945
37.1846
13.9067
11.1117
10.2065
23.4225
35.2927
15.8651
10.4462
5.1935
31.1504
17.4557
13.0009
28.6254
30.6582
10.2084
12.9292
10.6685
2.9122
23.7418
43.6163
15.9014
-0.4223
17.8541
7.6350
11.4392
19.4950
9.9955
20.7243
7.4878
10.8575
37.5408
17.9831
39.6437
31.2769
20.5511
6.6735
20.9633
19.1732
13.9977
6.5945
4.4498
27.4163
30.6512
13.9557
2.4309
18.1094
17.9863
14.5278
13.1424
8.8991
16.0411
12.5394
12.4150
24.8869
9.5303
12.8932
16.5623
29.0838
37.5058
5.8744
15.2643
20.0718
17.2707
17.8849
29.8501
9.8167
34.1113
44.7221
19.6645
15.3255
10.9764
-0.2376
19.6092
19.1944
14.3526
28.9107
30.0747
29.5265
10.1786
17.2205
36.1316
9.1186
30.9768
20.4169
6.4973
21.9812
30.1956
-0.7078
22.7919
15.9710
26.3670
29.2756
53.3375
13.1244
25.9763
46.0796
11.4118
11.2826
21.4807
45.1771
18.0148
0.5881
12.0255
15.5115
31.2940
10.4271
38.4364
2.2905
17.8246
20.2624
8.2911
15.7312
13.1130
25.2875
6.7099
11.4413
17.5182
16.4767
16.2039
20.3851
6.2089
8.7905
32.3670
10.1397
18.4695
11.5345
16.1487
19.6227
24.8653
15.4158
11.5259
37.0137
11.5009
7.6116
15.0684
27.5072
14.9219
24.4156
18.7120
10.5496
15.7445
12.3995
16.8316
15.8377
-2.5502
18.8685
26.4985
28.1416
22.8802
8.3553
4.7345
13.4074
12.2395
20.8187
20.2802
8.9349
47.5653
7.3293
24.2175
22.7655
14.1592
-0.1481
9.9399
41.0935
6.0383
21.9171
18.2191
33.9110
25.5880
0.6354
24.1800
19.2935
25.9549
16.4635
9.1541
15.7237
19.3222
8.9525
19.3139
21.6979
11.2590
12.7081
16.7532
24.9943
13.8748
19.5748
9.1876
28.8556
11.5972
19.0024
23.2373
22.1559
28.4966
5.9709
33.6096
4.0937
38.9169
6.9057
6.8288
27.6999
2.8650
17.3956
11.7842
32.1028
14.6523
31.7843
11.1707
17.9641
8.4138
28.4955
11.1314
17.1209
-0.0882
28.8924
9.2329
21.3374
11.5717
4.7718
0.7025
11.3107
40.2040
19.1194
26.2456
7.2103
28.2237
18.4483
5.1555
17.5178
19.5465
11.0048
47.9572
15.1793
10.5702
-0.1521
10.3662
17.9269
1.4806
27.8528
33.8561
4.2068
43.5039
25.2109
14.2780
14.9146
15.6496
30.6190
29.8396
13.4110
4.2738
5.0286
13.3554
10.4701
15.1860
26.9681
8.1775
6.4564
18.9632
20.8238
22.7759
15.7176
18.1598
13.2472
27.0149
11.7354
18.2933
32.8786
16.1615
35.6221
-5.3329
10.0751
8.8885
9.7510
20.5282
38.5399
22.1337
40.9243
-0.2947
39.1165
20.5584
22.8578
12.1559
25.7327
12.4908
2.2371
1.9489
13.1522
43.6456
23.4844
25.2685
25.1768
31.4419
31.0858
41.9672
9.1758
15.2116
8.9838
29.6021
4.5627
17.7978
23.3022
42.5022
27.8025
17.0402
17.0957
29.7889
11.5517
17.3380
28.6009
21.7698
22.4932
15.0727
27.9060
17.7533
16.9412
17.7121
28.6704
24.5839
17.9095
3.6906
43.6144
22.2531
25.6779
17.9066
9.4016
10.9331
-0.1882
15.7763
12.0458
22.2986
12.3517
24.3250
-4.0789
33.1597
24.7830
12.6177
20.3456
14.7384
18.0119
6.3481
8.4027
13.8140
28.2742
30.0633
28.0188
17.5696
21.2084
12.5650
26.8343
9.3855
12.2288
26.2238
12.3645
10.1244
49.7812
5.5020
17.3125
21.1648
24.7433
8.2834
26.4337
32.4564
27.6195
22.1664
12.4634
17.0197
14.1489
-2.6654
8.5764
17.4099
11.0338
16.7204
23.4746
25.2835
-5.9073
-0.9643
14.3000
6.7992
13.5317
17.7988
5.6968
20.8741
14.3758
9.6968
20.7232
17.6922
2.5034
28.3731
9.6808
21.9811
-4.5307
38.9553
7.6058
26.1042
36.2055
16.7935
-3.2025
18.9440
25.6505
19.4336
1.0230
2.7603
8.2464
28.3737
32.1720
0.6839
18.9539
25.9854
18.2763
32.5658
14.3786
16.6514
16.8577
62.7750
-4.8606
3.5280
29.1521
9.2199
15.2216
-1.5609
5.6518
13.0401
23.4414
14.9418
10.3476
19.2749
5.1384
14.3819
19.3905
17.4955
14.2048
6.8307
28.3737
-0.5918
39.1186
14.6155
1.6046
2.4386
15.9230
12.4881
29.4129
8.3883
23.0264
28.9607
8.0072
33.5326
30.7959
14.6745
19.2556
21.3910
22.4711
17.6319
10.2040
11.0246
15.4548
8.7444
22.9422
1.7754
13.3133
2.3404
15.9317
33.0427
7.9764
13.5846
14.2943
36.2399
-7.2484
5.3803
41.1611
15.7002
9.8689
32.7551
5.2314
28.7677
23.8391
37.6857
22.8689
13.6484
19.5339
22.2728
28.2517
17.7819
34.7513
38.2226
24.8633
24.0002
17.7137
18.7145
17.8904
18.6052
24.4490
24.1040
4.5840
15.6010
7.0905
21.5018
5.2589
33.0496
13.0768
21.7127
-0.5977
11.1172
24.5302
21.8529
15.0462
11.7038
5.7898
22.3836
-2.2518
32.9803
18.1778
19.5485
15.8356
9.5169
4.0582
11.2493
10.5033
36.7863
38.5821
16.9921
39.0867
10.1005
24.6310
2.6771
55.0305
22.1800
4.0096
23.1233
9.0779
15.4373
0.0943
17.7642
14.2268
19.7583
9.2895
24.3824
10.0810
9.5860
27.4738
14.9239
21.6093
10.2214
31.1983
23.4866
18.7906
29.8958
3.8306
22.4262
20.5322
24.0130
25.9501
29.7030
18.1105
7.9760
6.7814
4.3958
8.4033
20.7652
15.3297
40.7773
33.1184
15.7359
22.0044
32.9599
16.3688
12.7855
21.2780
22.1927
-5.8859
20.8642
26.6334
12.4252
22.2046
26.4676
19.3897
9.5741
10.0815
18.8360
-18.8256
-4.0628
-12.4953
27.7584
1.5938
8.4000
9.2283
25.1444
20.8905
9.7438
9.7960
14.4128
15.2101
27.2604
8.2295
10.3991
10.1988
33.5554
17.1240
21.1889
25.3272
-2.0546
8.1253
24.3784
19.9271
17.2315
10.1741
18.4082
8.4837
14.2957
22.1965
14.9048
12.0050
26.2540
21.6797
5.8709
31.9236
17.0085
26.2230
14.2980
15.3300
28.6241
3.5110
3.7047
29.7675
25.3542
14.5505
8.3751
22.4389
34.2032
14.3209
16.0203
13.8762
15.2272
16.7396
20.2906
37.4341
26.9219
35.5183
31.1968
24.5894
5.7261
20.1533
22.7691
30.5566
9.1612
30.4173
32.6343
39.4438
18.6993
12.7916
5.7136
13.0275
16.1291
12.5289
26.2725
10.1223
34.3917
14.2818
14.6368
41.7619
16.4155
-4.1169
39.7191
32.1125
13.2792
7.0034
13.3357
15.7212
7.5584
13.5150
29.5857
12.7157
12.3163
28.3830
23.8944
1.4720
26.0901
17.0918
20.9059
15.0077
2.9374
18.0214
49.5978
18.6137
17.4804
36.3198
13.6228
13.2332
3.7566
-3.0366
21.4795
25.6207
19.1378
11.5511
27.1215
23.2530
14.0841
25.7352
26.3702
17.7121
30.5512
18.0000
19.5654
18.5080
3.5886
17.9347
21.3062
28.1308
11.0238
13.9964
25.6119
15.9516
8.2517
29.7414
25.4876
16.0868
23.0108
6.7126
7.5076
15.2393
26.8776
36.7435
18.8408
13.4385
34.4402
30.6252
14.9945
18.8322
23.9281
5.3103
20.3011
13.1338
20.1249
8.6705
25.3558
11.1408
11.6099
38.0221
21.6912
19.3096
14.2572
21.1508
4.5539
49.4888
24.0622
17.8178
14.1634
19.2029
12.2871
10.4233
24.7790
31.6764
8.0964
38.0150
17.6586
5.0195
33.6907
17.3384
-2.8045
15.0106
19.4323
8.0306
4.6146
16.2300
16.7304
2.4696
24.0850
13.7703
9.9445
23.0787
25.5168
21.1557
7.7883
40.2438
22.0699
5.2302
14.0144
20.1505
12.8252
15.6187
20.4483
13.2983
22.1224
9.2898
27.3370
18.0386
11.7061
3.3007
16.0037
2.1726
14.6161
12.1214
40.2803
14.9638
24.4938
0.4978
19.3911
24.0936
5.7879
11.0785
20.4808
25.8012
8.1085
23.7149
22.3802
25.9779
-3.2340
9.2101
7.3813
18.7789
16.2127
20.5179
8.1159
20.1425
19.9167
21.2913
10.2486
34.0021
19.3908
31.1276
26.9676
31.5476
10.2244
9.6203
17.2094
18.1229
34.4594
15.6023
14.6308
26.9649
15.6848
34.7905
27.7157
12.3544
19.7110
25.9193
5.1097
22.9145
20.4006
12.2571
21.3541
16.9755
17.9221
16.2302
19.0752
23.7999
19.3984
34.6683
19.8328
3.3835
11.4461
11.2202
14.6213
18.7010
32.8195
49.3548
14.7733
25.2607
22.6087
11.8453
24.0222
46.8045
18.1928
17.3200
3.2186
24.2647
-1.9076
-2.4707
8.2105
19.9106
9.5934
37.1531
10.4135
15.6191
16.0423
29.8711
6.4540
33.2655
6.2262
22.9398
27.0585
31.3768
31.6356
8.8147
31.6127
16.7699
7.6765
12.4656
20.8315
14.6264
4.1639
1.6343
22.2165
19.4327
-2.1284
33.2346
18.2083
26.9240
33.0553
22.3332
30.6121
10.8026
24.3867
19.9075
6.9158
20.6222
28.1773
25.3535
36.7231
23.8697
23.0868
21.3717
7.0918
17.2915
11.7124
30.8180
15.5355
19.9227
22.4876
5.5835
13.7716
13.3051
33.9560
6.8454
20.0113
10.1229
41.8695
18.2805
31.8808
29.4001
19.9306
17.2457
27.5049
12.5215
8.6914
9.1585
34.4287
29.2441
19.3868
10.2298
8.3941
9.9780
3.9415
21.5796
25.9598
19.2258
22.4596
17.7395
12.0236
11.9713
32.7711
7.4786
11.0383
15.6393
4.9685
6.7498
12.9287
17.2779
17.2180
16.1992
5.0022
23.6133
15.9689
-6.6136
31.5971
26.2518
25.0422
13.1153
3.1662
29.0489
18.3977
14.8132
24.7857
20.9749
8.3147
26.2980
14.3378
21.1819
16.8991
22.8000
19.5224
8.6438
17.3966
26.8971
27.0825
32.5187
23.3348
15.8409
20.9559
37.6864
20.0518
9.9300
15.3331
8.7224
19.8011
14.8606
37.9635
8.8869
8.1547
1.8875
17.1044
4.1964
8.6820
27.2037
10.5142
16.1593
8.7113
12.2227
11.5372
18.4164
20.3732
27.4453
23.8904
25.9675
27.1098
2.9494
24.6328
16.7787
13.3843
22.1428
7.5048
17.2235
7.6712
28.0743
25.9408
13.3880
18.1243
15.3435
12.2206
20.0717
25.4693
20.8929
12.4745
7.4426
18.2218
22.6976
11.5237
20.9357
3.1742
11.2640
16.0969
11.6556
8.3930
10.0116
20.7013
32.3433
17.8267
44.5251
12.4257
24.5098
24.4044
20.9469
20.4684
19.6100
9.3341
35.2491
29.5053
4.8939
21.4076
16.9705
12.8879
5.9715
16.9908
24.6076
15.9243
19.5784
-11.6865
33.1302
-2.8529
32.8311
20.4854
20.1561
26.6712
30.5947
25.2408
4.9262
18.6410
6.3465
29.9071
1.8176
33.0946
15.8391
12.3428
-3.8864
1.9570
10.3279
0.2891
31.7872
14.2950
23.7581
8.0664
13.9633
24.4155
22.9589
10.7433
-0.1373
10.0008
8.1876
15.9717
23.4397
19.7788
7.1787
10.3157
20.2562
21.7987
10.6525
17.5927
15.5478
14.1420
29.4551
41.2838
2.5837
9.3138
27.2941
19.0935
23.9571
28.9859
8.9546
31.3057
20.3635
10.4151
7.4498
17.9449
31.7603
14.9660
27.3745
10.4069
31.9045
14.3330
16.9855
16.2328
19.6072
12.6228
19.7040
12.4511
22.1889
17.1981
7.9184
7.4300
20.9040
20.5263
14.9919
28.8292
26.4511
23.6151
13.7287
7.2425
10.0249
7.4823
31.4986
38.3853
19.4566
18.1806
9.3241
13.9878
5.1884
4.2759
12.9690
-7.9793
21.0633
28.1451
5.8417
38.2287
11.9715
9.5245
6.3421
29.4488
1.2182
9.3247
14.1031
16.5057
-15.3360
13.7897
24.0105
17.8799
24.0431
36.9896
35.1298
24.2225
2.9304
2.2330
6.3147
28.8369
14.5369
15.6603
17.9487
-4.5604
16.4893
9.6461
15.5170
21.9681
7.7457
-4.3416
27.0267
10.9165
15.1053
8.7712
19.9006
5.5692
27.9894
14.9807
23.2305
14.9366
12.9791
9.5527
22.2391
35.9268
25.2184
40.8936
28.0668
31.3276
34.8389
14.9594
18.5516
9.9873
13.6535
21.3008
14.7581
30.4728
9.8269
26.9339
31.8429
6.3787
17.2543
-8.3107
21.1140
21.4376
32.1659
8.0522
15.7505
16.4290
13.0636
10.3986
17.6195
-2.7928
39.7046
16.9795
22.7056
24.1941
24.1598
3.2436
14.1905
22.4128
11.1547
26.5692
23.2500
41.4220
12.3036
11.1054
25.3856
21.3809
6.4771
-4.9787
2.5483
45.4379
26.1015
16.8254
6.4001
17.1969
13.5097
15.8809
20.0750
46.6990
23.8977
3.0318
20.0299
7.3592
3.7764
24.1407
27.6906
40.3486
19.8951
23.3432
23.9971
6.8479
12.8547
26.9771
21.1219
1.7290
17.9150
67.3361
-18.1147
16.4635
19.4923
31.9119
18.4281
4.5145
12.5445
35.3230
2.9408
21.1140
30.1123
10.1955
15.5142
19.0956
4.6356
12.2724
13.6916
-2.2668
14.8971
31.2848
17.4685
18.7928
22.4549
30.1979
15.7711
12.0876
12.1975
19.6250
27.7989
21.3221
10.1615
1.4122
11.2723
15.3007
1.3444
17.4444
47.3555
35.2728
4.6536
-1.4763
27.3135
23.9190
16.2300
11.2772
1.6352
33.0181
22.0883
29.1312
10.3265
32.1587
27.6693
25.5168
12.4165
13.0528
18.9082
46.4509
15.1507
48.6114
13.1975
21.4655
10.2727
15.3340
24.1053
20.5225
21.0980
13.9007
17.8284
12.4991
31.1265
23.3266
16.3329
19.7890
16.6984
6.4426
4.7141
14.4928
5.4590
1.4769
15.8827
15.9574
12.6036
25.0116
26.5049
20.9108
2.0592
12.7001
19.3194
19.8918
17.7412
34.7805
28.8647
17.6860
22.1267
9.3914
19.9877
10.0874
10.8073
12.6388
22.6597
5.1604
23.7389
25.7694
32.4959
9.5437
17.2858
9.7773
21.7238
13.5562
8.7551
23.8945
45.7272
17.7264
7.7090
7.3356
18.0104
23.1674
15.7487
8.7525
24.2311
13.5174
12.2781
8.3625
16.3468
9.5214
19.7792
4.0560
35.0735
12.0205
16.4839
20.7956
22.2069
27.4816
11.3411
14.7412
9.2397
33.0736
21.6605
17.6459
19.0690
37.1145
14.1103
17.0902
36.1821
29.4292
19.0976
23.8487
7.4560
23.1040
22.0178
8.8111
23.7385
38.1390
15.3153
36.3258
22.2150
19.7041
25.7433
50.6056
18.3705
23.9660
-2.3602
16.3496
12.8255
-7.0543
20.9153
29.2589
52.2371
16.9499
35.5466
36.0959
7.7424
16.9865
14.1908
26.5223
15.1015
25.7144
24.9885
12.8822
19.2786
0.8717
24.2018
9.9105
23.6903
14.2709
10.2950
27.2876
10.9605
24.2753
0.6195
14.0706
30.8591
9.1385
35.4662
-0.4790
51.3112
25.8944
15.2464
29.3119
18.7765
3.8018
27.9564
21.4246
3.9992
1.5483
46.9502
-1.1083
31.2475
17.8123
20.1710
32.0308
29.2447
6.2760
2.5382
24.3523
16.2527
18.2192
11.7465
22.6696
21.2805
9.7807
18.8510
17.0981
16.4254
18.3532
11.1528
22.0502
11.2544
21.0792
10.7809
13.5311
19.9951
13.8350
26.1511
32.8112
19.3680
38.3229
3.1661
17.7671
22.8167
52.8601
18.7337
33.8779
39.0975
28.3585
11.4002
10.0421
21.5965
25.7920
13.2423
72.5968
20.8980
20.1297
23.0820
27.7849
19.0672
40.9524
11.5395
5.6949
34.3547
34.2529
7.9498
19.6580
36.0208
39.3582
32.7802
26.8976
11.6574
8.2904
22.9922
18.6107
21.4713
41.9196
9.1698
18.3907
8.0903
14.2062
28.7888
12.5088
4.6637
28.0870
27.0487
13.2722
-2.9996
47.3688
5.7494
23.5408
16.5797
12.0303
15.2329
17.5864
9.1290
19.8693
24.9801
21.0684
12.2129
31.1816
9.4341
16.9610
1.0597
20.4239
11.9826
34.0859
18.9120
16.7277
14.7387
33.3639
9.1936
-0.1094
22.9956
29.7293
17.8020
24.9470
4.6226
11.9395
-2.8031
28.2629
16.3046
30.3802
12.2992
10.1387
10.3573
20.1155
4.9091
19.2266
30.1559
4.6995
27.4922
15.3308
55.9836
31.0368
30.2990
25.5638
36.0606
6.1515
15.4963
10.5680
35.1372
11.1567
31.3030
14.6422
19.2963
26.7204
8.5532
22.6786
27.1808
7.9882
4.4552
12.4577
10.9902
18.4914
12.2084
0.0608
11.5931
13.9348
18.9508
7.1764
24.4985
10.7265
30.1165
15.2142
38.7456
15.9698
33.6820
21.9150
55.9822
18.3184
11.4844
21.7444
10.1423
7.6850
24.0236
21.0945
22.0117
13.6076
20.0060
35.3298
6.3852
8.2912
6.5365
22.8951
18.7844
21.7278
32.9060
32.6506
20.9138
54.2612
26.0352
14.6648
19.0940
18.2031
6.2282
20.4102
54.7475
6.7108
9.4631
37.2625
9.0207
25.7771
12.8979
21.6970
22.1929
14.1182
17.0490
24.9093
20.0233
-1.9038
27.7329
-0.6802
16.4476
14.0007
15.9114
24.4493
22.5661
20.1469
26.5832
-0.8776
11.3202
15.5343
3.9081
22.8177
31.3829
37.7403
16.3662
-1.3269
0.6780
15.1483
13.4351
20.7951
21.7903
7.3052
21.5999
23.4650
4.1359
22.4886
17.9520
6.1323
18.2976
5.2190
23.1112
26.5411
22.7526
9.0860
47.7445
0.6022
11.9631
11.8877
27.6440
23.3827
27.4150
24.6450
22.4504
20.2752
23.4136
16.2948
28.6730
14.1140
60.3635
17.2650
15.5152
21.1795
17.0753
10.1151
9.9835
23.3509
23.8456
5.9377
20.4106
21.8219
39.3387
24.1265
19.1044
23.2245
22.4647
25.2582
8.4850
21.9081
27.0346
26.9615
13.2007
13.6694
12.7340
6.9321
20.9818
16.9500
24.7774
9.9364
16.5462
18.4056
23.5778
11.5907
2.5543
3.9552
8.3472
10.0408
11.1194
21.8193
-3.2082
30.4197
38.9474
23.0161
4.9389
14.0266
15.3478
2.8424
36.6930
13.1322
42.4021
13.1890
27.1125
26.6869
19.2422
13.0844
17.4825
22.6198
11.1289
14.1723
12.5540
28.3314
23.9111
33.0842
16.6967
-5.1513
48.7864
10.6447
35.0008
8.7072
28.6119
6.4546
53.9526
28.8577
21.6214
17.9840
38.9324
16.2357
16.4712
24.6456
4.5120
13.6981
7.3210
18.8627
22.6155
13.3889
4.9604
35.4423
24.5154
25.5504
21.8892
35.8263
53.3410
8.7696
18.5161
-1.9587
19.0929
10.8638
3.1322
37.8606
7.7045
17.1594
5.9348
15.3987
23.5428
18.7821
22.4444
20.1520
20.4005
22.2673
5.1311
21.0284
25.6958
38.2239
29.8318
18.4514
13.5575
23.8560
28.5734
6.1812
28.1061
23.5662
15.9956
21.2403
15.4375
15.4107
19.3988
17.1800
16.2777
45.8157
29.8427
7.5607
27.1571
21.2927
8.4841
48.2263
9.0355
14.9637
24.3313
47.2290
16.0053
16.8877
10.3203
12.3463
12.8823
7.8023
7.5217
14.0082
9.4677
11.3085
17.8354
3.2829
24.0830
12.7025
11.9271
19.1986
18.3493
6.9605
31.2587
17.9127
22.7644
33.1620
11.4211
32.6200
13.9584
23.6425
-9.0825
-2.5646
19.4787
23.7957
13.5092
15.1920
15.6653
14.5649
8.1840
14.4942
13.3645
16.3818
43.6902
58.2737
32.4262
12.8567
3.9413
26.5678
30.1662
27.3952
21.6595
22.3973
18.0179
3.7795
15.1158
17.0835
20.5790
41.5759
12.8595
18.2832
1.3775
23.1522
8.8334
40.6366
33.4479
8.7968
17.1497
-6.9381
7.1269
25.1947
22.9061
19.1041
18.7546
14.4679
17.0470
9.2230
47.3674
27.0029
19.7896
9.1806
16.7884
7.0487
28.8359
31.5934
2.8372
9.3457
20.3524
20.2456
18.0235
3.8672
8.2880
13.5378
17.9756
27.5542
14.3204
18.1836
14.8533
2.9725
13.3921
11.3479
7.6398
30.5707
27.8978
10.4139
36.9061
24.1233
3.7676
18.1789
8.8992
8.1072
24.0081
4.0581
5.8103
41.5683
4.2013
22.6921
29.8689
11.1772
13.5196
22.9852
29.9262
16.4813
19.9765
19.9916
22.7590
15.1970
2.0900
15.5843
38.0915
12.2644
31.0560
31.0945
26.0912
23.0035
28.1534
17.0626
8.6397
34.7133
19.8614
2.9299
12.9397
10.8876
14.9243
29.1913
-18.5727
7.9964
34.4699
10.2739
19.9608
23.4476
12.3600
29.4538
13.9128
15.2300
33.5471
9.8309
42.9582
28.3248
12.0826
28.4067
19.1226
6.2055
11.1735
23.2894
11.8562
25.4228
20.9967
29.3386
36.3961
16.4294
5.8384
12.3421
6.8242
16.6316
5.0592
28.3537
10.4567
23.6218
25.7779
22.7283
29.1404
15.6031
20.9741
16.3749
14.9689
9.5941
17.4460
13.0460
14.2021
29.6318
27.9566
16.8634
7.8237
14.1096
7.6965
15.0684
29.5401
18.4906
6.4355
32.7565
26.4400
1.7440
11.0273
17.6840
25.6365
14.2295
31.1177
5.7538
6.8883
7.7471
51.9212
30.2027
9.9015
6.2498
33.4939
11.4247
25.0917
25.5715
20.2030
20.7647
10.3471
22.7930
15.5738
9.7511
11.8525
16.4666
19.5743
28.2898
18.5123
6.0553
26.5923
39.9982
18.2804
14.5540
7.6289
21.7455
10.3104
22.9488
20.3865
23.1519
39.0350
14.6064
2.3132
19.9099
8.7431
18.4115
6.0336
19.9775
42.5873
9.3408
0.2651
47.0149
23.6884
3.9419
26.6748
10.0205
9.3902
10.4986
0.9365
11.4037
10.9053
22.5336
18.0264
17.1132
12.6664
16.4048
-1.3927
6.2186
8.5656
14.3498
26.6085
24.9778
15.7977
31.8660
17.0485
35.8253
14.7672
24.5962
30.2129
21.3542
18.9980
26.4264
25.1774
10.9171
8.4613
20.1465
13.6919
15.1680
25.4831
-6.3407
18.9717
23.1840
14.6978
14.3056
8.1405
8.4935
17.2127
29.7611
17.1783
7.3309
28.0745
19.6165
21.1291
14.6477
13.9403
4.0163
25.0242
17.8397
20.2688
33.1551
15.2371
32.8428
22.2873
21.4036
14.5834
-9.6373
50.3828
24.5443
35.8065
27.1759
21.7259
-4.1837
10.1378
16.4186
12.5117
6.6801
28.7691
14.7689
19.4111
24.2473
8.4779
32.6084
21.2213
33.8225
16.9831
15.5128
7.4009
4.0444
8.8532
14.7571
10.0024
8.3057
33.6313
17.9250
7.9092
15.5859
7.7614
28.7032
34.8499
20.3437
13.6739
6.6445
21.1372
22.5724
7.0489
18.0277
11.8284
20.8555
13.9707
29.2016
10.8524
-1.1420
26.6401
20.3231
23.3089
7.9729
37.1354
23.0579
12.0368
31.0430
9.4482
11.5206
32.0292
16.9991
28.6324
18.4318
22.1097
22.1550
26.1626
10.1336
23.8079
9.1626
28.4528
39.0748
11.8672
12.4159
29.9647
-0.4131
28.0018
19.2355
14.0911
32.6948
15.7632
16.2506
25.8889
28.7826
15.8540
1.1505
11.7374
4.7006
16.7507
12.8433
1.1137
45.5098
18.1531
25.2476
14.7819
15.7511
9.2764
7.2554
28.2017
23.9447
14.5412
3.3525
11.0378
18.0534
10.5351
17.6040
28.5372
22.0808
11.5851
30.2918
26.4345
16.3852
-0.2459
24.7582
10.1801
7.6440
10.1337
22.5757
1.7421
25.0830
23.0522
23.3267
29.0818
25.4202
19.2610
16.0833
17.2569
6.5657
21.8215
24.0130
17.9738
8.0843
8.5604
14.2830
28.0158
7.6289
12.3268
26.3302
11.8004
30.3005
41.0096
9.4364
21.2773
21.5566
39.1650
22.2642
4.9835
8.1457
25.6810
31.7056
16.2415
22.4140
12.0466
16.8911
16.2995
22.1560
28.6671
8.1428
26.5675
27.5730
13.8029
19.5884
19.0914
11.7351
20.4625
-2.3744
16.8763
11.9995
7.6791
11.8668
26.8600
13.3359
12.6299
18.6492
12.4823
0.7979
17.8790
25.0290
21.2420
2.2463
29.9594
38.9421
22.8404
15.8312
23.7931
-6.2531
-0.7233
15.5436
21.1986
25.2357
23.1448
27.0917
15.7897
10.3312
29.5121
21.2811
6.3594
15.6013
18.2735
9.4066
11.3139
17.6299
9.4398
10.7195
24.1713
30.5511
20.7770
21.2129
5.9524
14.0584
13.8419
29.7342
20.1402
7.2782
5.1436
19.8324
12.9547
16.8961
-8.7668
-4.8033
7.0921
5.8510
21.0772
19.1845
12.4418
-7.9893
29.7604
26.8864
9.0973
8.7819
23.6117
22.8104
7.2041
13.9515
13.8018
13.9853
18.7392
14.7653
22.6529
15.3796
15.9791
15.1317
24.8072
21.2905
10.5370
2.5381
12.3026
21.4599
21.1861
28.5913
11.9702
18.7721
19.8421
17.6952
21.4326
12.5248
27.1525
37.5646
24.6517
2.0481
22.2094
15.7521
0.0510
12.4414
17.1398
48.2207
24.9944
22.6955
42.8359
24.8990
18.0713
14.7411
8.5988
40.6394
25.1541
21.1099
11.6088
6.8970
39.4566
20.4949
15.9910
15.7305
16.3278
39.1712
18.3831
16.4307
25.5795
31.0052
11.2291
14.9193
19.9193
18.7877
20.3536
27.4838
21.6634
5.1297
19.3284
22.9103
12.9580
14.3442
3.0446
30.3814
28.2710
31.2667
8.1317
13.6900
24.4755
25.0358
19.0089
22.8346
28.3939
19.3254
9.9012
-3.1415
6.6691
7.9950
14.9813
35.3883
1.3238
29.2487
8.7612
31.8151
32.0534
24.9795
30.2763
21.1273
22.1454
14.6062
37.0075
2.2558
22.1320
23.5707
47.2087
25.1663
12.3406
13.7461
4.2271
3.8540
21.5433
18.4459
11.2841
23.7746
10.3294
29.1673
20.9955
18.3116
13.7546
27.8117
11.2151
13.6312
25.0081
14.7834
24.8330
14.7543
49.9046
9.2104
27.9756
8.7925
28.9473
23.9207
14.8653
10.4823
4.4512
8.3573
24.0190
20.4854
21.6750
19.0637
14.2660
17.8494
16.7775
40.1669
21.6731
10.4444
38.5791
12.4833
26.5166
32.5875
4.9176
18.4375
25.9230
11.3316
17.8026
35.0894
18.7968
19.8630
9.3805
34.1782
-4.5267
26.8448
29.4012
-3.9963
26.0940
13.1187
21.3952
29.7116
4.4166
23.0572
29.9418
5.8451
28.2786
13.2091
10.0032
27.4934
22.3888
18.7024
1.0810
24.2731
14.3544
16.1042
20.1550
38.3865
59.9889
22.6903
9.0993
14.4290
18.9051
14.8692
15.1318
38.4573
31.0461
13.8346
26.8602
27.6881
9.0252
10.4131
31.3285
4.8940
15.5313
2.0992
17.9532
26.2920
18.3036
21.0480
17.0657
10.7752
38.0491
13.2785
16.4873
25.3476
18.6578
17.9643
18.4727
30.8098
22.6439
7.4398
18.4217
5.2697
19.2677
26.7657
19.2897
19.9422
20.0122
7.7099
9.5852
15.4588
1.4385
20.1427
27.6563
12.4119
23.7055
7.6261
16.7160
28.1322
16.2097
10.7441
12.2742
26.0791
28.7824
12.8058
25.8744
25.0087
5.6177
24.4554
13.2927
23.2442
24.3235
4.1003
14.4505
12.0040
12.4479
19.8457
11.6194
13.6575
36.5501
15.3002
18.8489
14.4243
15.8259
27.4075
27.6526
7.4588
14.6191
4.2039
6.5918
18.1670
24.2264
8.1814
28.2406
11.6573
29.7466
5.5730
6.6605
11.1177
15.1272
13.9629
8.9585
16.8285
19.1376
43.8799
9.8050
22.0504
4.0487
19.8948
9.3517
18.6439
20.0194
22.1123
24.9508
20.9004
8.2533
25.6060
15.2205
22.5279
17.1806
17.9818
11.6184
13.7084
24.3059
25.5481
7.4663
11.0736
15.1102
10.4502
16.7153
17.2042
24.8628
18.3507
15.1389
11.3468
1.7520
38.9994
26.2156
11.0373
18.0459
25.3412
15.7359
32.9968
10.4853
7.3898
27.3950
16.5592
16.0744
24.1167
39.1717
20.1834
17.4045
5.6611
17.3499
30.5042
15.1300
16.6384
18.9854
15.1061
37.6206
27.8542
17.0352
15.9585
15.8130
25.8490
8.0397
25.7270
14.9303
17.2729
19.2236
26.0237
15.8802
5.3026
29.3989
-1.9060
25.7271
9.4890
22.2871
27.1894
23.4195
15.6137
31.1749
26.2315
-0.7560
20.3782
16.7671
11.0715
40.6243
18.8988
51.1600
17.4984
25.2111
8.8359
35.1438
21.1427
21.7620
7.9931
3.6248
-6.8652
31.3168
12.7238
2.4056
-3.2679
38.3345
15.8454
34.4879
12.1112
16.6687
11.3787
18.3398
28.7086
12.7440
-1.5392
20.2538
40.7946
21.6205
10.8067
17.0149
7.5958
19.0441
10.1172
6.9918
11.9716
18.6823
21.6108
29.5151
-4.5313
17.5934
34.4454
19.4815
26.4448
10.4049
18.6612
12.1599
25.7163
20.6144
14.1766
25.5635
7.2216
-7.6124
20.5547
13.8296
20.6893
19.7345
9.3026
16.5526
14.2168
10.0853
15.0305
9.2134
30.7807
12.5187
0.3781
11.0500
15.5500
10.2083
24.3383
27.1001
10.1415
14.7625
20.7135
12.4717
3.1401
16.0704
8.3889
16.5535
19.2070
24.0260
10.9654
23.8724
7.3910
15.2838
32.2353
25.5412
14.5653
14.3640
28.6386
32.4188
30.0831
24.3561
9.8747
12.0513
12.7968
14.5350
12.6333
13.4194
6.8743
5.8638
24.7620
16.7752
9.9404
6.4662
48.1574
-1.7049
14.2503
33.9189
22.8307
4.2660
-11.2165
4.1294
18.5589
2.7600
18.3227
29.3091
41.7647
19.4038
34.4134
26.5717
11.1368
35.8601
16.2260
10.5055
10.1089
24.1775
19.0495
15.5763
21.7613
7.7367
38.0165
20.8040
12.5294
17.5295
12.7064
12.4340
10.4836
37.5153
27.0073
12.6207
30.1468
8.6409
5.2004
14.3459
29.1448
-4.7018
18.2976
16.2473
4.6727
12.1139
13.0016
8.4789
11.2913
33.3894
35.8099
24.4137
13.9193
9.5173
23.4304
11.8849
-1.6996
12.4674
7.8137
5.3819
5.3645
18.6620
27.4516
23.3677
25.2402
32.3630
35.1147
18.1629
5.6728
24.5590
21.9489
14.0099
19.0903
6.9303
36.6810
36.2867
23.4413
11.1495
13.5199
22.0737
10.2700
23.6725
18.7440
14.5666
19.4334
15.8723
19.6508
33.3293
21.0483
13.6210
10.5844
9.1234
18.6366
7.8594
21.2807
33.1344
8.6099
14.1069
15.4685
6.2604
16.7783
25.3429
0.4926
15.0865
24.4155
25.5870
22.9667
9.5846
9.2046
20.0618
4.5984
22.0577
17.7463
10.3135
13.4534
29.2412
15.9597
25.5596
9.8417
28.1471
8.4403
5.3583
10.4861
36.9196
16.7827
5.2811
13.6885
37.3383
30.1216
9.9453
25.8883
29.1046
12.1247
-0.0292
14.8809
26.2301
12.6286
16.5575
21.4566
11.3160
26.7529
16.2377
9.0090
31.5940
15.9469
43.0289
3.8423
26.1078
-1.8680
34.6859
21.8776
33.0154
3.7069
16.0306
17.8349
10.9604
38.1475
25.8367
14.6682
27.5530
22.1387
16.4229
17.1588
7.4255
32.2625
12.8477
19.6391
16.9436
10.9510
14.5671
38.2176
25.4225
27.3942
14.9311
19.3369
9.7766
5.7734
4.8510
20.3715
26.8657
15.3591
19.2791
22.5282
6.4492
26.1287
23.3243
26.3234
17.1503
19.3764
25.6237
25.5581
14.2804
-0.1935
10.0081
12.0855
10.7103
15.3861
10.6471
26.1401
27.3481
22.2096
9.4109
24.0040
7.8562
5.8573
11.1933
39.0114
23.1111
23.2748
5.6547
4.7300
18.5828
21.1500
37.0985
7.4136
17.7081
25.3866
16.5870
35.3075
9.1797
-0.9781
15.2993
15.0793
2.7767
30.1587
9.8215
24.7812
16.3607
15.1912
17.0652
26.0341
6.4982
0.5513
14.2341
3.5354
15.0435
8.1391
31.7984
18.2702
27.3942
23.8629
18.2887
18.3912
26.4695
24.3564
23.3046
9.1850
27.9473
11.6955
11.8066
27.4368
27.0717
13.2962
13.3685
35.0495
11.1948
-0.4426
18.2024
-3.7657
22.0515
13.2090
19.8928
27.7386
21.7533
6.6136
32.3903
16.2366
18.0067
12.1345
12.8364
22.4543
18.6766
4.7694
25.0923
9.9310
4.1975
12.2502
16.2675
7.9077
41.2123
18.9438
10.5918
26.8387
16.4415
4.4624
14.6240
14.1820
23.0756
30.9031
20.8843
26.7177
17.9044
29.6873
23.2260
14.1484
4.2589
22.1909
18.9765
20.2619
18.1654
14.1573
11.6333
33.9618
10.8578
20.8809
18.7614
30.9416
35.3641
24.5277
1.9597
26.2621
15.0215
24.4207
29.1194
9.7130
55.6246
42.7075
16.3906
11.2267
9.6733
21.7022
-0.2707
19.3696
14.7666
24.9526
5.9789
14.7214
19.5710
20.4097
8.0601
23.7156
10.2989
1.4742
0.9289
0.9549
3.0788
8.0015
37.4667
16.1035
4.9180
12.0029
36.1664
21.9100
12.0640
21.2950
13.1709
7.7837
16.3735
7.4268
29.2627
7.3603
13.9562
23.6587
8.8295
20.8199
-0.2991
13.9176
15.6447
22.6467
30.9665
28.6234
12.5005
10.4988
8.8862
7.6864
16.8480
19.3788
6.6757
14.4599
6.6864
3.9614
19.4070
10.1588
6.0610
11.2788
11.6600
12.5285
15.7577
6.1971
7.4734
14.9665
-11.1450
8.7335
20.0527
12.6925
32.8780
22.4616
13.9774
15.8638
17.2504
27.5884
50.5774
14.8244
29.7593
12.3205
15.5005
21.0329
13.1094
15.0511
20.5568
21.3286
17.7088
26.4383
26.8627
-2.7102
22.8657
23.0775
24.9412
33.2345
16.5392
17.6331
12.8978
9.3676
-9.5422
12.8767
13.4951
4.9059
56.9338
13.8928
19.5001
-4.4115
9.9522
-6.7980
40.5997
8.9364
25.7466
17.8140
20.3709
7.5816
14.6592
0.9325
23.9278
13.2763
8.4386
33.5961
1.5245
17.4565
10.9007
41.6105
4.3795
25.8447
25.4696
20.5360
5.6764
32.6473
18.8368
12.6776
9.2109
17.6828
13.8320
16.2885
25.2169
-6.1138
11.2009
16.0779
30.0824
25.6248
12.2961
23.3424
4.0322
9.7468
21.0348
30.4202
24.4392
24.3893
13.7628
26.2850
15.2738
-6.1872
8.9093
-0.3489
1.1216
18.5288
4.7014
20.7524
1.6192
34.2235
18.9340
21.0254
28.2310
29.0971
5.6304
9.8824
22.8110
26.0433
28.2394
11.8896
22.4707
38.8116
3.8970
9.3243
13.5963
15.1948
24.9454
8.6864
13.5286
30.2356
12.1128
19.2674
4.4586
7.2167
15.9839
28.0988
13.0433
5.6614
16.4053
23.4139
20.5285
20.0247
10.8070
16.6470
4.2026
10.5645
-0.5088
24.3513
8.1484
19.7419
16.5258
12.0287
6.2901
11.3696
9.0143
25.4502
23.0828
47.6540
14.0218
15.3653
2.7035
9.9910
26.7375
11.0708
7.3297
11.2926
19.4076
15.4910
35.0985
29.5769
10.4844
27.0728
12.1545
18.3176
30.6086
10.9480
52.8998
-4.5484
1.5180
-2.6371
51.2968
14.9110
15.2352
18.8278
21.1506
15.6560
22.7096
6.7277
7.1398
18.7066
31.7807
-1.3242
30.9177
23.5723
-2.3224
43.5538
42.2893
7.2157
18.8744
22.4304
9.3299
14.1924
1.4447
21.5996
11.2600
20.8670
11.1638
16.1730
23.6489
19.2793
4.6594
20.0819
15.9759
27.0557
13.9661
1.3117
38.3938
5.5815
49.6278
21.8780
9.9903
19.2844
29.8386
12.2053
7.8213
1.7167
5.1428
23.8389
31.6841
-2.5914
15.6901
9.7946
32.7532
42.2716
18.0367
22.6496
13.8625
41.2806
28.1121
26.2623
19.0174
4.7963
23.6529
18.7049
33.4539
8.0117
16.8548
15.6253
21.6161
22.1100
18.0300
23.4889
29.1772
30.9380
22.8446
25.7096
9.0495
26.8970
15.6640
2.9582
29.7843
12.5037
11.4739
28.9125
14.5483
15.9735
21.8975
7.7724
33.2316
-3.3001
33.5901
17.8152
14.0825
-3.4653
4.4726
52.4567
34.0238
15.3667
28.9355
25.4348
26.3177
11.8514
6.7115
8.9091
27.0484
26.6256
13.2362
23.9976
-5.8611
12.3687
16.3706
10.3505
12.7754
4.1679
22.2292
-0.1976
15.4567
8.9124
11.3792
11.3327
14.0996
22.1617
22.5698
58.5741
19.8748
24.5581
32.2319
20.4399
37.5211
12.4226
21.1669
23.2588
24.7119
12.1175
6.6314
33.5028
8.8637
3.9182
25.8550
19.4821
8.6914
25.8735
17.8353
18.6598
40.1006
29.3890
9.3534
8.5156
28.1027
39.1623
13.2791
14.0866
5.7939
8.3339
23.4775
5.9756
30.5970
17.7231
13.0395
15.4889
19.6927
47.5745
21.4186
16.0059
15.7104
3.4161
16.7827
2.5744
21.3389
20.1762
30.6080
21.6613
10.8744
18.7472
25.3504
20.8560
6.1657
-9.7029
12.9197
14.0435
32.9523
10.2924
14.4840
15.5069
19.1644
7.9326
17.7969
9.4712
22.1264
33.9286
12.2389
32.9505
3.8110
16.7020
9.0110
13.4856
28.6259
8.6583
42.6626
3.9457
15.0998
25.0994
12.3015
22.7130
9.4029
16.8397
21.2045
2.5648
28.1875
19.3123
14.5199
7.8422
14.4610
19.0198
23.5803
21.4961
30.7177
56.6597
7.0404
27.2636
10.1466
18.8091
15.7253
17.7087
1.2138
10.6511
9.1108
22.0032
17.1816
22.1214
16.1089
9.9333
27.5824
31.7826
36.0706
20.1690
14.1848
26.4450
1.0756
13.4572
50.2478
32.8874
20.6744
4.8725
46.6306
-0.6601
14.3825
14.5612
16.5171
13.1349
6.3519
18.1437
21.0686
36.9025
9.3349
35.6168
9.6132
8.5614
21.9429
17.3343
44.9182
18.6028
20.8963
26.1691
38.1528
31.4300
8.0117
23.1434
5.8664
16.0640
10.9105
4.7855
26.3226
18.6140
46.7140
1.3613
13.6745
25.4468
33.7569
-8.2670
18.9009
47.8181
10.7595
21.7263
34.4445
13.4125
44.4377
7.9194
17.5683
19.5978
21.5078
9.1428
68.1684
6.8641
26.4692
11.3631
34.3793
6.0558
2.9753
14.6272
16.3530
5.6811
20.0373
30.0202
8.2127
-4.8308
26.5452
4.8516
2.2237
15.3459
13.2190
9.4540
13.0796
26.8295
3.8381
29.9421
42.1667
12.6329
19.4434
19.3340
20.5097
25.1132
34.3831
9.2885
14.1444
27.8438
29.4364
23.9836
25.8276
12.1439
19.3055
18.7072
14.6612
23.6061
17.7795
44.8556
20.2944
26.6602
18.5461
19.6917
19.2438
19.1960
16.4088
26.4837
10.0517
5.6452
2.4135
11.0034
15.1453
21.6198
19.1925
27.5678
1.5261
19.2913
26.3092
17.9525
0.3695
7.9337
19.3296
10.7108
18.3150
10.6457
21.9300
23.8691
13.6471
28.0914
21.6286
18.7779
1.7892
16.8708
18.1302
15.3539
17.3399
14.6935
24.9680
22.6429
28.7939
17.5403
10.3674
19.2672
11.8097
39.3761
10.7178
15.0061
42.3086
28.3923
3.9286
5.1969
30.5959
23.7000
32.0721
22.7458
31.6846
12.3529
11.6518
19.8429
24.4669
3.0223
58.1691
13.7286
1.1888
17.0185
33.2871
8.0967
6.8439
33.9096
24.6751
10.4230
-1.4429
37.8865
17.0898
26.8310
25.0825
-5.3256
31.2282
12.9736
8.3591
36.6898
29.4168
32.1734
22.9588
28.4512
21.8181
18.7118
12.4445
3.6164
21.9643
12.2920
24.0346
38.9545
23.7421
30.1969
11.9424
15.6002
6.5609
28.2370
3.8450
10.9617
72.8552
11.0022
22.0601
14.2210
15.4683
24.3668
18.7703
24.8623
19.0957
38.8803
11.4515
9.8377
-4.0954
14.2356
49.6542
27.5099
28.0129
24.4878
0.2456
19.0541
26.4980
31.4092
24.7333
4.9494
23.5172
11.3391
13.5770
11.7243
15.4554
18.2352
9.4675
38.0475
11.9926
10.0146
36.4389
19.5881
15.9279
19.6608
12.5459
19.6594
24.5611
15.9410
15.2647
30.9507
23.3956
33.1624
30.1276
20.9682
23.8093
14.7159
12.5035
22.4905
19.0707
10.9196
17.0160
28.7391
31.8524
4.9949
27.3092
32.1137
20.8117
21.3165
14.7192
43.0012
6.8154
16.7686
12.2776
24.0271
36.9331
4.5742
15.3627
18.1093
21.6161
31.7712
20.2365
15.7020
18.7474
15.7669
6.7265
5.8574
25.2653
41.2369
11.8259
14.1821
5.0473
11.7924
16.2408
35.7026
14.9192
13.3660
17.2540
17.0719
17.7526
28.4075
28.7461
24.2747
6.4961
24.0844
21.9378
8.7547
18.9742
28.4818
-0.5521
4.4780
18.2895
13.2182
12.3243
35.4084
7.0860
8.9969
0.9629
18.9807
1.6088
39.4951
19.6951
17.9308
7.0068
18.6569
13.0670
41.2173
22.9447
12.0497
25.3137
8.7709
7.8951
22.2194
23.5631
27.7125
19.4167
49.4318
0.0639
4.2635
21.1124
11.4800
0.0236
35.4972
24.8620
16.5269
20.4625
17.7840
17.0769
14.8936
18.5739
28.4807
14.0267
45.6837
1.9185
4.4191
3.6645
16.4823
37.4686
12.2980
44.2938
6.6813
19.7914
23.5644
9.3077
16.2485
40.1796
26.4364
28.7271
23.9681
17.5863
16.8866
4.3323
15.1791
19.6768
11.8687
37.3010
8.0532
26.9474
19.9058
-9.4828
3.4332
17.4079
11.6886
30.5187
38.2816
15.5018
8.1513
49.1224
21.3797
36.9132
27.8142
42.1152
15.3669
31.0362
20.1267
23.2814
-4.6689
38.8122
26.9847
14.5293
11.9308
32.0072
10.7151
16.7654
27.6293
18.8439
17.9114
24.6296
23.7620
6.3506
32.4716
4.6045
7.6536
30.4375
-1.6855
7.1668
22.1758
2.5488
-1.8035
9.9000
17.4456
23.4014
16.9759
39.6817
24.1017
16.5144
8.5696
18.5207
16.7229
29.1694
5.8707
2.2287
12.1570
9.1088
19.9731
9.0303
14.2332
25.1601
35.7201
18.3178
7.8130
31.8884
28.0503
18.0754
16.5182
-0.5637
17.8664
16.9534
24.0353
30.2572
20.8844
27.7752
8.1631
32.5085
7.9254
31.6934
26.7986
12.4027
19.4996
32.4119
29.0730
17.0754
14.9023
7.1883
23.6126
18.6021
31.4251
24.3804
9.6753
13.5188
1.7507
9.7362
59.9182
-3.0785
17.4727
27.6649
9.8192
5.7391
36.7305
36.8040
16.4025
17.8912
25.2792
23.5285
6.9633
20.3531
23.7108
8.2944
2.1506
27.3375
14.7831
16.0322
25.7380
2.9370
29.8136
41.8192
22.8195
23.0792
9.5232
10.2345
22.4643
19.3215
35.1769
15.7374
5.4515
17.3624
37.0674
2.3727
18.6380
35.1433
-1.4817
28.2666
40.3014
-0.4822
4.7375
13.6618
13.1323
10.3870
4.2186
15.6582
10.0978
21.4306
-2.0489
10.2127
23.8810
29.2797
6.7390
21.8322
16.1680
11.8231
26.2436
8.9148
13.1135
21.0902
18.5684
13.3526
7.5035
14.4063
19.9237
21.3634
23.9594
11.7805
31.5688
12.9075
41.9563
10.7714
14.3382
16.3862
12.0292
22.1950
20.6824
2.2382
13.9421
11.5594
17.3166
18.2490
12.5267
11.5009
16.4988
-0.2457
21.6984
-5.7265
20.2599
14.4236
10.4761
-2.7430
20.4328
4.3031
15.6421
3.1621
18.9199
3.7405
24.6886
15.1113
19.0191
30.3411
28.0197
9.8123
27.6436
19.5370
10.0447
12.1740
14.1036
8.6126
8.2119
-6.4980
15.1498
40.3410
16.6134
28.7120
8.0728
9.4276
40.6165
17.5981
26.4703
9.6183
14.6581
9.6358
18.5036
22.3949
10.0671
24.5180
17.8375
12.8615
19.1235
28.9193
35.7892
16.1421
11.8271
17.7199
25.5863
23.6797
28.9599
11.8729
21.9145
29.2394
2.9673
16.5058
11.8006
31.2566
8.8743
25.3315
20.9048
10.0632
12.6689
31.0682
28.3602
16.3382
19.2272
19.0424
14.1697
17.3669
16.8774
16.2542
12.5083
16.1376
16.4040
24.5662
36.6694
23.9296
36.5847
21.3635
22.1843
19.9203
25.3029
9.5771
37.4749
13.1958
17.6950
0.8342
8.3704
44.8197
11.0442
19.0700
-3.4403
22.0288
-2.1306
3.1096
30.8669
8.6368
26.2188
17.4702
32.1291
29.7972
5.9649
21.0755
15.7663
18.5868
25.9643
15.3517
5.0100
52.3388
21.8636
5.3949
14.2416
20.7637
9.9753
12.8997
18.3259
27.2467
26.7004
15.6073
23.6593
27.7965
11.0291
17.5258
5.4319
10.5722
7.0903
-2.6066
6.3771
8.7131
29.2836
27.3823
7.4347
38.7579
39.7518
4.5613
19.0302
34.8021
18.7143
0.1319
19.2398
4.7588
24.2191
8.3662
34.9367
15.1574
15.2947
23.2080
20.0898
15.5821
3.8217
10.6192
28.3765
14.0840
20.6237
12.4374
17.2334
20.8969
8.7181
30.7330
17.8465
0.4378
16.3434
-2.9267
22.5053
39.7576
31.6126
27.5472
4.1176
15.1812
0.3895
9.9911
12.2429
36.1707
24.4921
19.7689
13.4331
32.1020
17.3293
27.0069
21.4531
12.4838
16.1214
16.5901
-0.7557
4.9139
13.9879
1.1047
21.9475
19.2832
24.9849
9.8429
18.6737
8.0953
13.3157
30.8980
-6.8732
-7.4363
42.8061
21.0029
13.9802
29.2833
7.4077
30.2485
10.8794
10.5099
19.7837
22.5380
44.5383
7.8747
13.6710
30.8548
24.1351
25.4610
23.2948
8.4784
32.0950
22.7567
11.7399
-7.6096
12.2875
1.6628
-0.6015
7.5143
17.4272
20.4416
18.0030
29.8516
30.9378
19.6832
49.8574
28.0411
20.5130
12.7515
22.6938
-6.5543
14.0771
41.1191
18.2987
11.1912
19.5837
6.9703
8.2806
31.4595
32.0350
12.9632
19.9580
39.9722
12.8609
26.0584
12.6596
1.9372
13.3491
19.6333
21.2829
15.0550
24.8583
6.4961
16.5535
24.0389
13.0098
22.5451
24.8651
24.1138
26.3500
14.7815
11.8502
39.4073
17.3537
37.4895
20.2613
9.8400
6.2696
38.0332
13.4702
15.5792
28.2254
24.7040
25.8305
9.0395
24.5495
31.1121
15.4130
21.6160
-1.8125
28.6015
-2.1457
8.9191
27.2420
45.4667
10.7347
2.6181
53.2583
-9.0680
28.4053
17.8192
13.1802
15.1021
38.3192
17.7492
3.0351
7.1799
6.8944
-8.1681
14.1040
5.9616
-9.2551
20.4255
17.4549
16.7288
5.4062
14.1693
22.1030
11.8816
13.7012
24.5449
23.8802
39.2976
9.2125
13.6388
24.2897
16.6402
15.2274
19.4374
19.5210
18.9223
25.2233
8.4307
40.9868
17.3608
31.8847
31.2970
16.0555
27.3207
15.8610
24.2096
32.1107
12.6676
-0.2480
19.9771
31.0762
26.0887
18.1112
7.2424
23.4901
11.0066
26.0402
30.3283
17.9038
15.7878
71.5676
10.0793
35.7420
7.4394
19.2346
34.1021
18.4473
17.0642
-0.4074
10.0887
33.2111
16.8930
22.2024
3.9845
4.9931
11.7936
17.7376
11.0394
27.7543
4.9007
9.4858
22.4440
16.6321
12.6432
32.7819
20.5997
9.7695
43.3727
22.1023
19.8838
15.8557
40.8310
24.4956
1.2362
30.0169
9.7995
13.5956
17.9678
18.1871
7.9791
17.6004
2.5964
16.8135
6.6526
7.5092
22.7292
30.9910
7.0597
17.6440
16.3274
34.5677
14.8614
13.7236
17.5629
9.6294
10.2386
8.8016
16.0838
14.4364
1.2052
43.8373
1.6611
21.6605
22.8303
28.3139
22.2382
20.6341
9.4613
44.1378
17.6025
17.5461
17.7860
21.7066
-4.0312
19.9532
17.9840
19.6533
29.4844
7.7491
11.2685
32.8047
23.3260
19.5823
12.0467
27.5358
18.9883
16.2997
18.0551
20.6953
12.8933
30.7373
16.1305
15.5806
18.8382
3.8403
15.0540
15.2803
-5.8915
32.6011
9.0498
14.8453
24.5162
21.3664
7.1605
18.9131
21.4711
24.8106
8.8235
-2.7638
13.1217
26.6730
8.9494
2.9267
9.9311
38.1552
