8.9191
27.4574
28.4238
17.5777
22.5062
35.8152
18.6216
17.0552
23.3301
27.6643
26.5211
20.1766
28.3396
25.0355
36.0299
29.8747
21.3596
23.6547
29.7842
26.7474
20.2393
42.1636
23.0768
11.7271
28.9299
22.8672
21.3929
31.8188
22.6918
5.1664
8.6147
29.4088
29.4385
25.5290
31.8750
22.0756
23.8799
19.8835
7.3827
54.8681
24.5067
33.2026
16.6586
20.0422
18.3515
36.3301
21.0504
22.3575
26.4355
12.7448
20.4400
22.2400
29.4779
22.3161
17.4909
19.3680
21.2938
24.1894
33.9121
16.9281
16.0970
26.4914
18.5943
15.4922
20.3539
23.4499
26.1928
17.7969
14.0275
42.3524
31.1941
21.6090
20.1735
16.4353
27.3651
25.7500
12.8215
22.1031
21.5031
25.3411
28.4623
34.3119
29.0327
30.8017
23.0955
22.2996
21.5052
18.9068
18.4820
28.2533
25.5304
16.9230
29.2133
32.2792
28.9476
14.9123
19.8856
30.9425
18.6528
20.6399
23.8024
12.8197
20.9035
16.3180
21.9047
29.3038
19.5578
19.8362
26.5871
32.2310
21.9293
17.7433
10.8244
22.4968
19.1444
28.8967
25.7441
15.7806
26.8622
21.1433
18.4632
26.7476
27.8719
13.3641
13.8452
22.6441
25.2902
9.1999
31.3383
16.3304
24.4562
8.8664
19.8395
38.8982
27.3777
21.0533
28.2003
26.2414
12.9557
19.4757
17.7537
23.2969
26.4773
19.1101
16.2999
30.6169
10.6936
26.9032
19.3344
18.9085
14.1989
2.1396
38.9867
18.8077
19.3572
17.9622
27.7556
19.3548
19.5779
18.1930
26.3421
22.6268
10.2653
20.5519
12.9955
46.7605
27.1716
19.5603
32.9299
17.1223
23.9430
39.8877
23.6904
32.7146
27.7589
17.1685
19.3722
16.6794
16.2959
15.9146
53.5737
21.0193
18.2601
15.4644
31.0380
17.2528
28.3306
27.6268
18.2718
25.6669
10.8887
16.0514
21.3739
12.8972
22.0773
28.3127
24.0348
34.6634
27.3156
9.6419
26.5657
26.4278
9.8644
16.3058
17.7738
21.8500
21.9746
24.9457
24.7996
16.2091
12.5283
7.7522
19.2531
27.1155
17.7105
25.2936
18.0227
19.7344
21.1073
22.2526
22.5642
24.1660
36.6613
27.5369
32.1120
21.8176
30.8862
26.5176
26.3120
25.6918
14.4672
25.0264
15.5937
23.3173
39.3239
16.8480
27.8968
23.7531
23.8467
19.1454
26.5928
1.3193
35.8034
22.7143
17.6736
21.8098
15.8419
16.2314
20.2724
17.9720
27.2740
27.0386
17.8475
22.5997
16.5719
35.7751
15.8550
19.5168
16.4356
13.1502
22.8825
25.6320
15.8965
20.5194
15.3709
9.9210
31.8359
24.7397
24.4305
25.0616
6.3300
23.7421
8.0790
14.5776
23.4874
25.9563
19.8213
20.8514
28.4123
21.3485
38.0961
24.3040
30.3628
29.5460
21.7234
15.8623
17.7750
31.2858
12.0023
18.0897
17.9299
27.6036
19.8496
9.8866
17.7141
18.6339
28.9249
10.5424
30.3339
17.7199
17.3559
30.3128
24.7418
28.5137
26.9003
23.3079
23.2876
23.4512
22.9181
13.3426
29.7568
20.2572
19.8161
17.0976
17.7616
14.1975
23.0315
22.6024
29.1139
16.9898
35.4908
15.1836
21.1633
32.0500
25.6319
17.4016
13.7844
19.1150
25.2137
28.8621
29.9718
24.3241
8.0743
29.6170
20.2945
23.6676
21.0420
22.9736
17.9016
21.9799
22.7309
24.5810
34.3851
23.3534
16.8052
22.9143
20.5353
17.9680
12.8159
20.9859
22.9102
36.9945
28.1939
2.5052
28.5975
20.0362
19.2030
19.1016
12.4085
24.8915
24.3718
30.4395
29.5323
33.5553
23.9617
27.0555
45.2226
15.5361
23.8177
17.1113
28.5793
19.5970
25.0977
25.1567
13.5888
14.6715
13.3094
26.4608
15.1959
6.4353
15.7373
35.6294
34.0841
15.2176
16.1404
18.1851
14.5387
21.0595
19.8396
28.9909
23.1327
25.4826
20.2411
23.9218
20.3229
27.1127
15.1054
21.1933
20.2926
23.2410
23.5206
12.2921
22.1505
26.1935
15.0931
13.4668
24.4897
25.2650
19.9194
31.7889
30.8274
22.1406
5.8766
33.5145
15.9696
25.4986
27.2734
21.4341
13.5475
8.5579
6.1915
36.8231
18.4793
19.8029
18.5333
25.9483
13.0194
22.1264
27.3915
14.9627
18.7880
28.6879
17.8505
17.6475
16.7330
32.4205
21.6153
10.1506
20.2994
15.0269
21.9126
16.0672
36.9979
18.0582
10.3618
12.4564
17.3300
20.0402
23.0919
27.5667
22.5646
26.3792
16.9474
19.0941
23.0245
29.4297
15.0539
19.5528
12.6714
23.2825
20.9654
24.5982
25.5204
26.3870
29.7011
20.6819
4.8535
31.7713
9.0266
7.0583
20.0217
29.6193
32.5747
27.3285
24.2755
19.4541
21.4010
24.2832
26.3532
24.0523
9.3263
25.6292
15.9798
13.1892
22.9769
24.2437
16.7502
23.7618
18.0698
26.4873
9.6387
19.2937
35.5228
18.7587
20.0681
28.4688
8.7085
32.5623
19.4183
13.9832
25.3069
15.9885
13.8497
18.9931
16.8949
16.2067
23.7219
24.9078
25.5083
19.1885
20.4078
19.4292
25.8685
15.6046
19.1726
15.4794
15.1894
5.0308
26.9085
18.9618
20.4185
1.7292
10.2400
27.2771
25.3288
11.6930
25.2039
24.4623
19.1089
23.4571
22.7286
11.9468
28.3751
23.4685
9.1080
21.3970
18.5922
26.0976
13.2125
12.1484
15.7703
22.3871
27.1555
11.6117
26.6965
25.0991
20.6639
31.0618
30.6444
23.9265
17.9314
25.5881
24.2695
20.7123
36.1477
17.3206
28.5567
27.0813
24.3854
30.9011
10.6159
17.2410
26.0128
23.4307
28.3630
19.5379
18.6294
25.0807
15.0426
26.5855
30.4989
31.2804
18.7546
21.4845
14.4789
29.0880
15.9178
22.4221
19.6941
35.5171
28.0175
14.5230
33.8332
12.1780
22.2331
16.9858
14.9281
25.1901
22.7590
19.5803
19.8734
28.8938
17.9066
26.1962
15.7658
27.7196
27.6730
11.9086
20.1388
21.2683
25.4932
29.5535
24.0828
21.9428
19.5899
19.3974
14.2839
23.9155
12.3443
28.7980
23.4291
20.8978
17.4083
16.5377
39.3787
22.2793
13.9319
14.9750
23.6283
21.4759
16.8738
15.0514
25.7138
16.6811
17.7980
6.1118
28.4909
27.1051
14.0758
30.2263
22.6160
19.6394
20.8625
23.6745
22.2004
31.5496
16.6095
32.3313
29.9825
17.5230
39.8683
21.9538
33.6808
32.4718
14.3063
22.0319
14.3504
13.4545
1.5505
38.8648
6.4882
15.4287
20.6622
18.1825
25.1591
12.1113
32.0724
30.8623
10.5268
15.8040
20.7978
20.9558
19.6471
23.9767
10.7343
25.4468
28.3825
27.4923
23.2394
16.2105
19.3858
15.3562
14.8451
19.3252
24.7115
24.8748
32.0777
19.2424
29.2150
25.0909
23.5109
11.4003
36.1286
19.6977
18.9426
23.3741
18.3522
19.6492
19.7567
26.4315
11.9822
39.6664
20.7390
28.0340
24.7103
12.2623
33.7308
15.6860
23.9584
11.2414
22.5318
18.3506
32.4475
26.7179
18.8385
22.8767
21.4242
18.5546
34.6424
34.3064
22.4267
15.9941
16.3065
44.9788
27.2102
22.4343
31.1174
22.4120
23.8593
24.5521
27.1706
21.4620
17.9658
25.9497
25.3929
18.4644
26.5705
19.9898
26.2611
33.1988
20.5788
9.1680
20.2832
12.2438
22.1803
18.6114
22.9959
29.9708
16.6715
8.1497
12.6926
17.7369
19.7486
11.5368
15.0179
19.9388
30.7780
22.5042
26.5285
48.3579
20.0715
15.8495
29.1189
21.5893
21.5349
36.5469
34.0478
26.9825
22.0069
16.0203
12.9092
18.1882
27.2096
25.6113
21.4502
25.3651
30.1023
25.2793
28.9401
15.8916
24.7022
10.8425
12.1537
25.1588
38.1625
14.8190
24.0026
15.3124
22.6845
10.4087
14.5098
33.4859
13.4446
32.3972
22.0040
24.8871
22.8937
17.7910
16.6234
11.9786
34.0233
23.8288
20.0880
30.7388
53.2428
20.8333
20.8285
25.2490
26.1660
25.7984
20.2131
17.3901
19.1839
15.5512
22.6323
14.7105
21.0909
22.4850
26.0207
21.8704
33.5204
22.4082
29.5325
10.3363
14.8912
16.7338
17.8654
31.4352
16.5121
21.1603
28.4317
19.3500
33.5163
20.0204
22.1373
7.7577
29.1713
27.5614
23.7265
23.7857
25.4403
18.2033
24.2500
20.0589
17.1109
22.0968
33.8021
18.7678
25.4853
23.8682
19.9553
36.1427
9.3399
22.4865
14.9714
19.2297
16.8737
12.9575
13.1463
22.6957
20.8596
22.2330
21.4317
1.3616
24.6340
40.9702
6.0111
10.5735
32.2717
27.8819
10.8522
16.9144
16.3912
19.3789
21.8015
25.2069
24.2961
30.9884
12.9813
15.0212
14.8904
17.5708
16.0988
19.0012
28.1200
15.0713
27.0092
21.9343
20.7500
19.4396
26.9387
19.1329
23.9012
27.7999
26.3861
22.6392
12.2187
22.5689
16.7543
7.0621
15.1354
28.1020
26.0964
31.9748
31.6905
32.0114
6.0512
27.5652
22.6751
21.1916
36.1727
9.5264
23.6315
20.4603
27.0370
28.2954
30.4001
21.2970
28.5270
14.7753
20.2133
23.1975
16.1858
7.2478
21.2819
24.0735
22.0913
23.7585
23.9511
32.7619
26.3964
18.8147
22.0638
12.3215
21.7648
15.9832
18.5175
24.9209
18.9353
32.4247
21.8373
20.7380
14.9095
14.8694
26.4662
19.1947
19.1582
25.8728
17.5785
28.9377
24.5750
11.5154
28.8651
18.9074
23.8699
14.5876
11.4819
25.4588
19.2253
8.4533
29.9759
13.3948
19.8876
29.4391
16.8869
24.3579
31.0238
23.7453
31.6270
41.8308
19.7018
14.1166
13.4117
24.6374
23.4260
20.3731
31.8521
13.3602
28.7955
11.7562
18.7999
35.8077
34.0953
28.4652
20.8870
15.4900
25.6975
25.3775
14.0022
19.9040
18.9824
21.0916
12.4247
20.5022
36.8630
18.4880
23.7864
9.5356
20.8588
14.1624
23.2210
9.8941
27.3236
33.6829
11.5961
32.2800
18.3707
18.2141
8.7786
20.5171
17.5690
30.8960
26.6421
24.0906
25.1314
17.6669
23.2900
27.7389
35.0207
21.1164
26.6548
29.6972
29.1982
32.4756
21.5343
24.5947
27.5871
23.4053
13.8031
37.1607
20.2401
30.4960
26.5640
15.9062
19.3678
19.9012
22.2068
25.1822
34.1509
21.7675
16.4980
31.8549
25.8134
34.5345
20.0220
14.6068
26.4810
19.4968
29.2061
6.7876
24.6916
23.4848
12.6792
25.8378
22.1865
26.5920
17.2236
22.1585
21.4144
23.0757
31.9331
32.0674
19.2138
13.5130
12.8646
32.7840
18.4356
23.5112
14.1699
17.2544
19.7088
22.0719
21.4406
19.1506
25.4227
14.1450
25.7272
23.6650
17.1048
36.2313
29.6509
21.0720
16.6112
7.6770
17.4993
30.8754
23.6213
21.9958
17.1139
18.7633
10.9657
20.4338
29.9248
22.3879
32.6233
31.1681
22.8661
31.9875
34.6496
34.1811
29.5208
22.0286
27.7625
29.2669
-2.3075
20.0545
17.6701
41.9418
27.3621
18.2844
15.3532
12.2135
21.0873
15.4022
14.3187
13.2253
27.7171
20.4984
23.5216
24.4704
16.8714
21.6972
18.2221
20.2360
22.7866
30.4108
22.0550
20.7308
23.8631
11.5181
23.1921
21.1028
23.2120
25.2388
30.4537
6.9412
13.8962
13.9513
14.9404
22.1439
26.8153
21.1160
24.7441
34.8161
23.3366
22.8957
14.9114
12.7210
31.4457
11.3266
22.1061
10.0204
26.8494
16.1907
14.1193
25.5024
18.6691
39.1569
23.7968
36.0703
35.8831
14.9791
18.6682
19.7492
33.7783
12.7839
31.3324
16.8844
31.2442
24.1862
13.0624
35.8728
11.0073
16.9779
30.0448
19.5976
36.4283
22.5190
18.3443
25.2054
18.8412
19.9762
31.0625
18.2764
16.3856
20.7691
17.0471
19.5796
28.6150
22.0537
25.7604
15.0328
27.5837
24.1171
32.2744
26.1128
24.2251
26.0661
28.2156
22.5056
48.9034
18.4124
13.2423
31.2400
19.6609
16.4844
20.7131
12.2110
21.2068
8.7102
14.1778
16.2832
1.6768
33.3605
19.0804
21.5996
27.8543
17.0623
21.0018
13.5055
21.9094
24.6771
16.7685
34.2883
24.3547
30.6447
16.9070
19.1508
33.8837
18.4214
16.3075
16.3078
58.1624
21.4685
23.5480
14.0966
28.0763
21.0359
28.3081
17.5381
8.5561
2.9593
39.4679
13.2581
21.4963
19.1135
18.7222
2.5461
14.5012
17.5384
16.3186
16.5698
22.3346
15.9795
22.9542
25.3080
18.6169
22.7722
16.4711
11.5535
15.6074
11.1306
23.3566
19.9575
24.3372
21.6044
21.8216
13.0453
28.9943
18.3969
17.3091
21.3412
51.7131
23.7019
19.6654
27.6024
27.4384
20.7495
13.1433
25.0401
24.7883
21.1591
6.0682
14.5932
22.6516
21.4524
17.1604
7.2947
17.7292
13.6777
20.2267
30.9404
20.2835
20.0409
20.0505
31.1469
16.9342
16.5226
16.3909
24.1748
17.9007
13.4701
21.0526
11.0982
25.4625
27.9181
30.5798
22.6681
29.8910
19.0711
43.8552
21.6145
16.3203
21.7285
26.0073
25.9319
17.4291
6.4337
24.6732
15.3246
23.7147
19.4938
15.7775
33.9018
21.4973
29.4091
9.7558
33.0693
17.9908
21.6624
18.7230
37.2433
6.7388
18.5072
19.0080
14.5314
11.2456
26.8645
19.6800
27.8505
16.4347
23.0202
22.0603
27.8859
16.4742
-1.4812
23.2566
13.4602
42.2517
27.0757
30.0648
21.7697
17.7636
14.4441
27.1242
16.4462
24.4834
19.5603
4.2476
10.9748
12.3244
21.9692
28.5093
20.3018
34.6384
15.0226
26.2360
22.4813
26.6428
18.3123
22.3107
27.0439
27.4248
3.3187
29.5543
23.4330
24.8357
21.5447
14.2664
12.3263
31.6723
17.1171
34.1882
20.5851
11.6310
12.8770
25.7541
28.8207
25.7100
19.9626
30.2883
30.0917
14.4619
18.7878
15.6059
32.6858
22.6939
29.6472
20.0403
58.5933
22.4607
26.1422
4.4450
16.7607
21.8541
18.1196
15.6357
13.5499
16.7727
7.8113
14.4108
35.0933
26.2790
34.0504
27.3913
28.5104
32.8003
18.4543
21.3482
29.0380
19.3155
21.8692
40.7068
21.2517
22.9524
21.7774
19.3261
21.4037
25.7367
25.7428
7.5473
18.8826
20.4600
16.8545
32.3225
23.5458
8.5691
19.3786
16.4705
45.0528
18.2926
26.3607
17.8836
11.0625
17.4754
3.7134
16.6919
22.1422
24.1238
32.1524
27.9898
32.9845
30.9532
17.7803
23.7730
21.0005
23.4159
29.4724
31.7107
17.0986
14.2537
16.4534
22.3677
12.4776
26.6878
32.0968
18.6376
9.4664
25.3887
23.4239
18.6141
18.5984
7.0334
13.4647
16.7983
13.6584
20.2657
17.4704
6.3649
24.9386
21.2043
23.6999
17.5468
31.4256
4.2564
12.8299
23.4840
24.5392
22.7061
33.1397
9.3790
14.0126
33.6475
24.6621
32.8335
22.5808
13.7844
17.5302
14.1833
32.5678
13.1211
19.9843
12.0873
21.5007
17.3911
27.3865
19.3717
35.0449
30.9748
30.5288
24.8275
24.3071
24.0455
19.2204
20.1581
19.6467
22.2068
31.1358
21.0998
18.6239
22.5702
19.6852
16.8325
22.0959
24.0234
34.4572
28.0109
22.1679
9.4605
17.3965
23.4891
20.8658
26.1227
20.5660
19.6156
9.7658
27.3337
14.8288
14.5333
21.5814
31.5463
27.9744
18.6751
32.1403
18.8755
26.6665
11.5801
27.6052
12.8307
23.1833
36.3701
45.8769
20.6440
29.0251
24.6071
37.8699
21.4768
19.9906
21.0474
24.0744
26.7351
16.0176
26.3046
19.1817
18.8764
18.8331
19.8850
19.4257
20.8740
21.3796
20.0701
21.2670
9.6287
20.1792
14.1719
17.9706
21.0383
14.3610
24.8530
23.9971
18.8737
18.7114
28.2186
22.2360
40.9041
17.0880
11.0236
18.3880
25.0717
11.4233
22.3607
24.5352
27.5257
17.7462
1.4810
22.6741
22.5578
22.9670
32.5688
22.7630
24.2768
19.8047
33.3473
30.3257
30.9694
22.7368
20.5374
23.5875
23.5174
23.8535
50.3687
17.6788
18.5351
28.9976
19.5632
17.7149
25.9710
19.5234
25.3967
22.2365
21.7245
22.8224
9.6155
25.3355
31.8553
27.1558
24.8742
23.2333
32.5897
33.1582
5.0397
15.3808
18.5282
16.3245
33.4479
28.7707
13.7682
16.8368
21.6989
21.5561
18.2468
55.3334
27.7388
28.8863
27.1770
18.1425
23.6584
31.4958
16.2260
15.6212
16.7072
22.8408
28.1501
19.0389
20.5004
20.5843
26.2401
15.5874
23.9984
21.8624
35.3768
35.1011
36.5732
13.2409
25.0495
19.5092
46.6793
19.1502
23.2189
21.9975
32.8417
31.5781
18.6682
7.5213
15.4415
14.7295
30.9898
25.1176
17.5818
14.9401
25.9528
21.7384
19.3762
23.7678
56.8385
19.0332
19.8458
13.8819
7.2823
20.1657
29.8632
15.9212
12.7435
21.5295
27.8168
17.9622
33.0041
20.4256
14.0352
6.4128
40.1479
29.0184
31.4124
29.9453
20.4023
14.1240
13.5512
23.6826
29.4449
15.8399
25.1729
23.3255
22.1355
8.5865
14.3452
24.5498
12.1697
18.0443
13.6103
14.1347
22.5515
18.4771
18.8669
22.3896
19.2845
15.9055
13.3359
24.2735
19.3108
24.8986
35.5232
21.8643
32.8129
24.1905
14.2313
12.1524
21.1795
21.2118
26.1481
21.3528
16.3358
27.6528
22.2548
19.2579
17.8252
15.7333
17.2047
37.3226
25.5388
30.5440
4.8770
10.8480
15.6943
29.3478
20.7896
28.6686
21.6524
19.4320
19.7777
22.7867
29.6394
29.0677
13.5947
22.3674
23.3958
33.4527
22.6621
19.8867
19.6953
35.2200
45.0989
28.1273
25.4693
35.5210
11.3900
26.3045
27.7520
19.8006
24.6859
16.0950
8.9551
17.7487
18.6445
19.0988
10.8212
16.3636
21.3044
20.0916
28.7811
23.5533
18.6617
23.3094
22.9111
25.3139
21.8248
15.8222
35.5827
19.8074
33.4191
28.0179
25.9706
17.4736
9.5125
14.7244
20.7940
23.5232
25.9315
11.0434
17.8776
28.4651
24.1469
8.5976
18.8626
18.3019
25.8061
31.7625
30.8831
22.7991
13.4380
15.7050
16.5655
25.1442
19.0693
17.1648
17.0379
12.9335
16.5724
19.3194
20.6589
30.3851
17.3643
22.3558
10.0393
18.1359
25.9884
24.5605
15.8341
26.6089
22.2649
19.3777
33.0772
14.8716
20.1026
19.4987
27.0988
36.7336
15.1445
36.0663
20.5675
15.0668
24.5123
14.8605
23.3709
28.5619
22.1959
26.6896
20.5951
17.0647
12.1614
22.2240
18.3251
18.5615
27.9289
27.2816
4.4404
20.4485
24.0072
24.0068
50.3047
18.0007
12.9530
18.3498
16.7937
34.6307
22.3350
16.5797
14.2900
30.1018
21.8834
26.6593
21.1419
4.2334
18.7853
24.1092
30.6795
23.5441
21.0435
7.6262
31.4336
21.8938
16.1233
21.1766
18.8061
19.6258
18.3993
22.4864
22.3077
21.4376
12.8481
30.3205
23.6663
31.5665
22.2368
23.6334
32.2042
27.0675
23.5306
20.4173
7.6380
19.9632
31.7229
17.5974
20.5151
23.4757
17.4445
16.1815
17.0262
25.9326
17.5537
16.9181
14.8714
15.7323
22.5265
35.4943
26.0363
38.7559
3.5623
25.9125
10.5310
21.7770
29.0063
20.0721
22.6708
15.0647
26.9816
24.2091
18.4494
29.2247
12.7816
21.4943
21.5380
23.0184
14.9997
17.1466
19.7345
17.4656
26.1497
27.9423
14.0206
16.6721
23.8001
29.3767
26.6550
24.0907
30.2636
31.0166
20.0038
24.0361
33.1774
30.1421
17.1266
22.0628
25.0156
25.5252
11.4412
19.3898
21.8995
29.7020
17.8266
21.0040
23.0212
34.7757
31.6253
6.2136
24.2595
20.2332
19.7377
9.4425
14.9423
19.4893
15.7529
17.4030
15.9104
24.5655
14.7418
26.9781
22.5169
38.3397
12.1775
16.0406
16.9721
15.1660
30.9423
17.5130
11.7660
27.5654
27.9876
22.8608
14.8972
17.2413
8.8916
19.7430
25.3686
25.6962
16.9957
20.7062
10.5903
24.4897
43.3996
23.7409
23.0116
11.1445
18.5441
15.1198
39.0504
25.0875
14.0915
30.8950
23.5431
25.6586
18.5931
19.3131
22.7062
32.4856
8.9266
22.4937
19.7764
17.6460
36.8467
17.1833
15.1580
17.7859
9.1919
31.1524
32.1826
12.3946
18.4803
17.3559
17.7904
30.0600
29.1675
20.3269
16.8046
23.4975
28.0452
14.4225
27.1455
12.3331
24.5190
5.0807
19.5583
19.9525
16.7606
13.9988
36.2822
19.6531
9.0252
35.7878
37.9836
12.3511
19.4879
24.8379
18.4582
24.4656
19.3505
15.4784
15.9095
29.0981
27.5509
21.8105
24.3470
21.9178
23.1388
10.8938
21.3158
19.6582
17.9868
28.3769
33.8578
18.6382
23.4951
21.9166
31.2713
19.4331
13.3567
23.5080
14.3946
21.3868
28.7757
18.2998
20.7909
17.2235
22.7654
22.7162
6.3180
36.8100
17.8039
19.1996
31.6759
16.1535
19.2639
31.9896
23.5849
22.4299
18.4233
11.6119
14.2965
21.7136
16.5751
7.4427
17.8538
15.5935
23.5620
25.2169
21.7219
18.9230
15.1930
18.1277
6.0740
20.9515
33.6383
24.9137
32.3366
21.8578
24.7155
40.6151
18.6735
40.5716
16.0535
34.7970
29.9978
14.8069
24.4451
15.9379
15.0440
19.6616
11.7235
18.1821
12.9386
17.7676
17.1682
24.1528
17.5800
31.9967
31.8297
34.1018
21.1299
19.8414
46.4795
19.8979
25.2021
18.6506
20.8568
38.0919
18.1967
18.2597
26.2781
22.3646
29.9797
24.7484
18.6780
18.8375
26.5646
22.1010
10.1803
19.4364
26.4271
19.8101
14.4632
23.6279
37.0279
36.8181
22.1219
27.7915
18.1907
18.8030
31.6743
31.3025
24.4225
8.0180
-1.8109
24.7739
25.1213
19.6088
25.9810
30.7008
23.3189
20.2416
14.5328
28.1223
19.4685
15.5236
9.9435
19.1143
18.4140
30.9111
18.8453
23.7945
28.5768
34.2318
19.7414
22.7102
17.2279
25.3270
21.0599
23.6821
17.2364
30.1040
5.0502
20.7198
22.2979
26.5006
23.2776
26.4594
18.7735
16.7906
21.1013
