20.6475
20.6475
20.6475
20.6475
20.6475
20.6475
20.6475
20.6475
20.6475
20.6475
20.6475
20.6475
20.6475
20.6475
20.6475
20.6475
18.8937
20.6475
20.6475
20.6475
20.6475
20.6475
20.6475
20.6475
20.6475
20.6475
20.6475
20.6475
20.6475
20.6475
20.6475
20.6475
20.6475
20.6475
20.6475
20.6475
20.6475
20.6475
20.6475
20.6475
20.6475
20.6475
15.9520
20.6475
20.6475
20.6475
19.5875
20.6475
20.6475
20.6475
20.6475
20.6475
20.6475
20.6475
20.6475
20.6475
20.6475
20.6475
20.6475
20.6475
20.6475
20.6475
20.6475
20.6475
20.6475
20.6475
20.6475
20.6475
20.6475
20.6475
20.6475
20.6475
20.6475
20.6475
20.6475
20.6475
20.6475
20.6475
20.6475
20.6475
20.6475
20.6475
20.6475
20.6475
20.6475
20.6475
20.6475
20.6475
20.6475
20.6475
20.6475
20.6475
20.6475
20.6475
20.6475
20.6475
20.6475
20.6475
20.6475
18.4968
20.3497
20.6475
20.6475
20.6475
20.6475
20.6475
20.6475
20.6475
20.6475
20.6475
20.6475
20.6475
20.6475
20.6475
20.6475
21.7588
20.6475
20.6475
20.6475
20.6475
20.6475
20.6475
20.6475
20.6475
20.6475
20.6475
20.6475
20.6475
20.6475
20.6475
20.6475
20.6475
20.6475
20.6475
20.6475
20.6475
20.6475
20.6475
20.6475
20.6475
20.6475
20.6475
20.6475
20.6475
20.6475
20.6475
20.6475
20.6475
20.6475
20.6475
20.6475
20.6475
20.6475
20.6475
20.6475
20.6475
20.6475
20.6475
20.6475
20.6475
20.6475
20.6475
20.6475
20.6475
20.6475
20.6475
20.6475
20.6475
20.6475
20.6475
20.6475
20.6475
20.6475
20.6475
20.6475
20.6475
20.6475
20.6475
20.6475
17.8040
20.6475
20.6475
20.6475
20.6475
20.6475
20.6475
20.6475
20.6475
20.6475
20.6475
20.6475
20.6475
20.6475
20.6475
20.6475
20.6475
20.6475
20.6475
20.6475
20.6475
20.6475
20.6475
20.6475
20.6475
20.6475
20.6475
20.6475
20.6475
20.6475
20.6475
20.6475
20.6475
20.6475
20.6475
20.6475
20.6475
20.6475
20.6475
20.6475
20.6475
20.6475
20.6475
20.6475
20.6475
20.6475
20.6475
20.6475
20.6475
20.6475
20.6475
20.6475
20.6475
20.6475
20.6475
20.6475
20.6475
20.6475
20.6475
20.6475
20.6475
20.6475
20.6475
20.6475
20.6475
20.6475
20.6475
20.6475
20.6475
20.6475
20.6475
20.6475
20.6475
20.6475
20.6475
20.6475
15.1421
20.6475
20.3481
20.6475
20.6475
19.1782
20.6475
20.6475
20.6475
20.6475
20.6475
20.6475
20.6475
20.6475
20.6475
20.6475
20.6475
20.6475
20.6475
20.6475
20.6475
20.6475
20.6475
20.6475
20.6475
20.6475
20.6475
20.6475
20.6475
20.6475
20.6475
20.6475
20.6475
20.6475
20.6475
20.6475
20.6475
20.6475
20.6475
20.6475
20.6475
20.6475
20.6475
20.6475
20.6475
20.6475
20.6475
20.6475
20.6475
20.6475
20.6475
20.6475
20.6475
20.6475
20.6475
20.6475
19.1554
20.6475
20.6475
20.6475
17.5935
20.6475
20.6475
20.6475
20.6475
20.6475
20.6475
20.6475
20.6475
20.6475
20.6475
20.6475
20.6475
20.6475
20.6475
20.6475
20.6475
20.6475
20.6475
20.6475
20.6475
20.6475
20.6475
20.6475
20.6475
20.6475
20.6475
20.6475
20.6475
20.6475
20.6475
20.6475
20.6475
20.6475
21.1654
20.6475
20.6475
20.6475
20.6475
20.6475
20.6475
20.6475
20.6475
20.6475
20.6475
20.6475
20.6475
20.6475
20.6475
20.6475
20.6475
20.6475
20.6475
20.6475
20.6475
20.6475
20.6475
20.6475
20.6475
20.6475
20.6475
20.6475
20.6475
20.6475
20.6475
15.4311
20.3575
19.8894
20.6475
20.6475
20.6475
20.6475
20.6475
20.6475
20.6475
20.6475
20.6475
20.6475
20.6475
20.6475
20.6475
20.6475
20.6475
20.6475
20.6475
20.6475
20.6475
20.6475
20.6475
20.6475
18.2583
20.6475
20.6475
20.6475
20.6475
20.6475
20.6475
20.6475
20.6475
20.6475
20.6475
20.6475
20.6475
20.6475
20.6475
20.6475
20.6475
20.6475
20.6475
20.6475
20.6475
20.6475
20.6475
20.6475
20.6475
20.6475
20.6475
20.6475
20.6475
20.6475
20.6475
20.6475
20.6475
20.6475
20.6475
20.6475
20.6475
20.6475
20.6475
20.6475
16.6721
19.5435
20.6475
20.6475
20.6475
20.6475
20.6475
20.6475
20.6475
20.6475
20.6475
20.6475
20.6475
20.6475
20.6475
20.6475
20.6475
20.6475
20.6475
20.6475
20.6475
20.6475
20.6475
20.6475
20.6475
20.6475
20.6475
20.6475
20.6475
20.6475
20.6475
20.6475
20.6475
20.6475
20.6475
20.6475
20.6475
20.6475
20.6475
20.6475
20.6475
20.6475
20.6475
20.6475
20.6475
20.6475
20.6475
20.6475
20.6475
20.6475
20.6475
20.6475
20.6475
20.6475
20.6475
20.6475
20.6475
20.6475
20.6475
20.6475
20.6475
20.6475
20.6475
20.6475
20.6475
20.6475
20.6475
20.6475
20.6475
20.6475
20.6475
20.6475
20.6475
20.6475
20.6475
14.6203
20.6475
20.6475
20.6475
20.6475
20.6475
20.6475
20.6475
20.6475
20.6475
20.6475
20.6475
20.6475
20.6475
20.6475
20.6475
20.6475
20.6475
20.6475
20.6475
20.6475
20.6475
20.6475
20.6475
20.6475
20.6475
20.6475
20.6475
20.6475
20.6475
20.6475
20.6475
20.6475
20.6475
20.6475
20.6475
20.6475
20.6475
20.6475
20.6475
20.6475
20.6475
20.6475
20.6475
20.6475
20.4660
20.6475
20.6475
20.6475
20.6475
20.6475
19.8412
20.6475
18.6213
20.6475
20.6475
20.6475
20.6475
20.6475
20.6475
20.6475
20.6475
20.6475
20.6475
20.6475
21.8653
20.6475
20.6475
20.6475
20.6475
20.6475
20.6475
20.6475
20.6475
20.6475
20.6475
20.6475
20.6475
20.6475
20.6475
20.6475
20.6475
20.6475
20.6475
20.6475
20.6475
20.6475
20.6475
20.6475
20.6475
20.6475
20.6475
20.6475
20.6475
20.6475
20.6475
20.6475
20.6475
20.6475
20.6475
20.6475
20.6475
20.6475
20.6475
20.6475
20.6475
20.6475
20.6475
20.6475
20.6475
20.6475
20.6475
20.6475
20.6475
20.6475
20.6475
20.6475
20.6475
20.6475
20.6475
20.6475
20.6475
20.6475
20.6475
20.6475
20.6475
20.6475
20.6475
20.6475
20.6475
20.6475
20.6475
20.6475
20.6475
20.6475
20.6475
20.6475
20.6475
20.6475
20.6475
20.6475
20.6475
20.6475
20.6475
20.6475
20.6475
20.6475
20.6475
20.6475
20.6475
20.6475
20.6475
20.6475
20.6475
20.6475
20.6475
20.6475
20.6475
20.6475
20.6475
25.6642
20.6475
20.6475
20.6475
20.6475
20.6475
20.6475
20.6475
20.6475
20.6475
20.6475
20.6475
20.6475
20.6475
20.6475
20.6475
20.6475
20.6475
20.6475
19.2979
20.6475
20.6475
20.6475
20.6475
20.6475
20.6475
20.6475
20.6475
20.6475
20.6475
20.6475
20.6475
20.6475
20.6475
20.6475
20.6475
20.6475
20.6475
20.6475
20.6475
18.8755
20.6475
20.6475
20.6475
20.6475
20.6475
20.6475
20.6475
20.6475
20.6475
20.6475
20.6475
20.6475
20.6475
20.6475
20.6475
20.6475
20.6475
20.6475
20.6475
20.6475
20.6475
20.6475
20.6475
20.6475
20.6475
20.6475
20.6475
20.6475
20.6475
20.6475
20.6475
20.6475
20.6475
20.6475
20.6475
20.6475
20.6475
20.6475
20.6475
20.6475
20.6475
20.6475
20.6475
20.6475
20.6475
20.6475
18.5252
14.5715
20.6475
20.6475
20.6475
20.6475
20.6475
20.6475
20.6475
20.6475
20.6475
20.6475
20.6475
20.6475
20.6475
20.6475
20.6475
20.6475
20.6475
20.6475
20.6475
20.6475
20.6475
20.6475
20.6475
20.6475
16.5536
20.6475
20.6475
20.6475
20.6475
20.6475
20.6475
20.6475
20.6475
20.6475
20.6475
20.6475
20.6475
20.6475
20.6475
20.6475
18.9157
20.6475
20.6475
20.6475
20.6475
20.6475
20.6475
20.6475
20.6475
20.6475
20.6475
20.6475
20.6475
20.6475
20.6475
20.6475
20.6475
20.6475
20.6475
20.6475
20.6475
20.6475
20.6475
20.6475
20.6475
20.6475
20.6475
20.6475
20.6475
20.6475
20.6475
20.6475
20.6475
20.6475
20.6475
20.6475
20.6475
20.6475
20.6475
20.6475
20.6475
20.6475
20.6475
20.6475
20.6475
20.6475
20.6475
20.6475
20.6475
20.6475
20.6475
20.6475
20.6475
20.6475
20.6475
20.6475
20.6475
20.6475
20.6475
20.6475
20.6475
20.6475
20.6475
20.6475
20.6475
20.6475
20.6475
20.6475
20.6475
20.6475
20.6475
20.6475
20.6475
20.6475
20.6475
20.6475
20.6475
20.6475
20.6475
20.6475
20.6475
20.6475
20.6475
20.6475
20.6475
20.6475
20.6475
20.6475
20.6475
20.6475
20.6475
20.6475
20.6475
20.6475
20.6475
20.6475
20.6475
20.6475
20.6475
20.6475
20.6475
20.6475
20.6475
20.6475
20.6475
20.6475
20.6475
20.6475
20.6475
20.6475
20.6475
20.6475
20.2636
20.6475
20.6475
20.6475
20.6475
20.6475
20.6475
20.6475
20.6475
20.6475
20.6475
20.6475
20.6475
20.6475
20.6475
20.6475
20.6475
20.6475
20.6475
20.6475
20.6475
20.6475
20.6475
20.6475
20.6475
20.6475
20.6475
20.6475
20.6475
20.6475
20.6475
20.6475
20.6475
20.6475
20.6475
20.6475
20.6475
20.6475
20.6475
20.6475
20.6475
20.6475
20.6475
20.6475
20.6475
20.6475
20.6475
20.6475
20.6475
20.6475
20.6475
20.6475
20.6475
20.6475
20.6475
20.6475
20.6475
20.6475
20.6475
20.6475
20.6475
19.6561
20.6475
20.6475
20.6475
20.6475
20.6475
20.6475
20.6475
20.6475
20.6475
20.6475
20.6475
20.6475
20.6475
20.6475
20.6475
20.6475
20.6475
20.6475
20.6475
20.6475
20.6475
20.6475
20.6475
20.6475
20.6475
20.6475
20.6475
20.6475
18.9698
20.6475
20.6475
20.6475
20.6475
20.6475
20.6475
20.6475
20.6475
20.6475
20.6475
20.6475
20.6475
20.6475
20.6475
20.6475
20.6475
20.6475
20.6475
20.6475
20.6475
20.6475
20.6475
20.6475
20.6475
20.6475
20.6475
20.6475
20.6475
20.6475
20.6475
20.6475
20.6475
20.6475
20.6475
20.6475
20.6475
20.6475
20.6475
20.6475
20.6475
20.6475
20.6475
20.6475
20.6475
20.6475
20.6475
20.6475
20.6475
20.6475
20.6475
20.6475
20.6475
20.6475
20.4026
20.6475
20.6475
20.6475
20.6475
20.6475
20.6475
20.6475
20.6475
18.6774
20.6475
20.6475
20.6475
20.6475
20.6475
20.6475
20.6475
20.6475
20.6475
20.6475
20.6475
20.6475
20.6475
20.6475
20.6475
20.6475
20.6475
20.6475
20.6475
20.6475
20.6475
20.6475
20.6475
20.6475
20.6475
20.6475
20.6475
20.6475
20.6475
20.6475
20.6475
20.6475
20.6475
18.2764
20.6475
20.6475
20.6475
20.6475
20.6475
20.6475
20.6475
20.6475
20.6475
20.6475
20.6475
20.6475
20.6475
20.6475
20.6475
20.6475
20.6475
20.6475
20.6475
20.6475
20.6475
20.6475
20.6475
20.6475
20.6475
20.6475
20.6475
20.6475
20.6475
20.6475
20.6475
20.6475
20.6475
20.6475
20.6475
20.6475
20.6475
20.6475
20.6475
19.1805
20.6475
20.6475
20.6475
20.6475
20.6475
20.6475
20.6475
20.6475
20.6475
20.6475
20.6475
20.6475
20.6475
20.6475
20.6475
20.6475
20.6475
20.6475
20.6475
20.6475
20.6475
20.6475
20.6475
20.6475
20.6475
20.6475
20.6475
20.6475
20.6475
20.6475
20.6475
20.6475
20.6475
20.6475
20.6475
20.6475
20.6475
20.6475
20.6475
20.6475
20.6475
20.6475
20.6475
20.6475
20.6475
20.6475
20.6475
20.6475
20.6475
20.6475
20.6475
20.6475
30.6733
20.6475
20.6475
20.6475
20.6475
20.6475
20.6475
20.6475
20.6475
20.6475
20.6475
20.6475
20.6475
20.6475
20.6475
20.6475
20.6475
20.6475
20.6475
20.6475
20.6475
20.6475
20.6475
19.1488
20.6475
20.6475
20.6475
20.6475
20.6475
20.6475
20.6475
20.6475
20.6475
20.6475
20.6475
20.6475
20.6475
20.6475
20.6475
20.6475
20.6475
20.6475
20.6475
20.6475
20.6475
20.6475
20.6475
20.6475
20.6475
20.6475
20.6475
20.6475
20.6475
20.6475
20.6475
20.6475
20.6475
20.6475
20.6475
20.6475
20.6475
20.6475
20.6475
20.3276
20.6475
20.6475
20.6475
20.6475
20.6475
20.6475
20.6475
20.6475
20.6475
20.6475
20.6475
20.6475
20.6475
20.6475
20.6475
20.6475
18.9057
19.7280
20.6475
20.6475
20.6475
20.6475
20.6475
20.6475
20.6475
20.6475
20.6475
20.6475
20.5773
20.6475
20.6475
20.6475
20.6475
20.6475
20.6475
20.6475
20.6475
20.6475
20.6475
20.6475
20.6475
20.6475
20.6475
20.6475
20.6475
20.6475
20.6475
20.6475
20.6475
20.6475
20.6475
20.6475
20.6475
20.6475
20.6475
20.6475
20.6475
20.6475
20.6475
20.6475
20.6475
20.6475
20.6475
20.6475
20.6475
20.6475
20.6475
20.6475
18.2911
20.6475
20.6475
20.6475
20.6475
20.6475
20.6475
20.6475
20.6475
20.6475
20.6475
20.6475
20.6475
20.6475
20.6475
20.6475
20.6475
13.3374
20.6475
16.9710
20.6475
20.6475
20.6475
20.6475
19.4359
20.6475
15.3012
20.6475
20.6475
20.6475
20.6475
20.6475
20.6475
20.6475
20.6475
20.6475
20.6475
20.6475
20.6475
20.6475
20.6475
20.6475
20.6475
20.6475
20.6475
20.6475
20.6475
20.6475
20.6475
20.6475
20.6475
20.6475
20.6475
20.6475
20.6475
20.6475
20.6475
20.6475
20.6475
20.6475
20.6475
20.6475
20.6475
20.6475
20.6475
20.6475
20.6475
20.6475
20.6475
20.6475
20.6475
20.6475
20.6475
20.6475
20.6475
20.6475
20.6475
20.6475
20.6475
20.6475
20.6475
20.6475
20.6475
20.6475
20.6475
20.6475
20.6475
20.6475
20.6475
20.6475
20.6475
20.6475
20.6475
20.6475
20.6475
20.6475
20.6475
20.6475
20.6475
20.6475
20.6475
20.6475
20.6475
20.6475
20.6475
20.6475
20.6475
20.6475
20.6475
20.6475
20.6475
20.6475
20.6475
17.4394
20.6475
20.6475
20.6475
20.6475
18.3567
20.6475
20.6475
20.6475
20.6475
20.6475
20.6475
20.6475
20.6475
20.6475
20.6475
20.6475
20.6475
20.6475
20.6475
20.6475
20.6475
20.6475
20.6475
20.6475
20.6475
20.6475
20.6475
20.6475
20.6475
20.6475
20.6475
20.6475
20.6475
20.6475
20.6475
20.6475
20.6475
20.6475
20.6475
20.6475
20.6475
20.6475
20.6475
20.6475
20.6475
20.6475
20.6475
20.6475
20.6475
20.6475
20.6475
20.6475
20.6475
20.6475
20.6475
20.6475
20.6475
20.6475
20.6475
20.6475
20.6475
20.6475
20.6475
20.6475
20.6475
20.6475
20.6475
20.6475
20.6475
20.6475
20.6475
20.6475
20.6475
20.6475
20.6475
20.6475
20.6475
20.6475
20.6475
20.6475
20.6475
20.6475
20.6475
20.6475
20.6475
20.6475
20.6475
18.8797
20.6475
20.6475
20.6475
20.6475
20.6475
20.6475
20.6475
20.6475
20.6475
20.6475
20.6475
20.6475
20.6475
20.6475
20.6475
20.6475
20.6475
20.6475
20.6475
20.6475
20.6475
19.9918
20.6475
20.6475
20.6475
19.9584
20.6475
20.6475
20.6475
20.6475
20.6475
20.6475
20.6475
20.6475
20.6475
20.6475
20.6475
20.6475
20.6475
20.6475
20.6475
20.6475
20.6475
20.6475
20.6475
20.6475
20.6475
20.6475
20.6475
20.6475
20.6475
20.6475
20.6475
20.6475
20.6475
20.6475
20.6475
20.6475
20.6475
20.6475
20.6475
20.6475
20.6475
20.6475
20.6475
20.6475
20.6475
20.6475
20.6475
20.6475
20.6475
20.6475
20.6475
20.6475
20.6475
20.6475
20.6475
20.6475
20.6475
20.6475
20.6475
20.6475
20.6475
20.6475
20.6475
20.6475
20.6475
20.6475
20.6475
20.6475
20.6475
20.6475
20.6475
20.6475
20.6475
20.6475
20.6475
20.6475
20.6475
20.6475
20.6475
20.6475
20.6475
20.6475
20.6475
20.6475
20.6475
20.6475
20.6475
20.6475
20.6475
20.6475
20.6475
20.6475
20.6475
20.6475
20.6475
20.6475
19.2292
18.5515
20.6475
20.6475
20.6475
20.6475
20.6475
20.6475
20.6475
20.6475
20.6475
20.6475
20.6475
20.6475
20.6475
20.6475
20.6475
20.6475
20.6475
20.6475
20.6475
20.6475
20.6475
20.6475
20.6475
20.6475
20.6475
20.6475
20.6475
20.6475
20.6475
20.6475
20.6475
20.6475
20.6475
20.6475
20.6475
20.6475
20.6475
20.6475
20.6475
20.6475
20.6475
20.6475
20.6475
20.6475
20.6475
20.6475
20.6475
20.6475
20.6475
20.6475
20.6475
20.6475
20.6475
20.6475
20.6475
20.6475
20.6475
20.6475
20.6475
20.6475
20.6475
20.6475
20.6475
20.6475
20.6475
20.6475
20.6475
20.6475
20.6475
12.4127
20.6475
20.6475
20.6475
20.2034
20.6475
20.6475
20.6475
20.6475
20.6475
20.6475
20.6475
20.6475
20.6475
20.6475
20.6475
20.6475
20.6475
20.6475
20.6475
20.6475
20.6475
20.6475
20.6475
20.6475
20.6475
20.6475
20.6475
20.6475
20.6475
20.6475
20.6475
20.6475
20.6475
20.6475
20.6475
20.6475
20.6475
20.6475
20.6475
20.6475
20.6475
20.6475
18.6279
20.6475
20.6475
20.6475
20.6475
20.6475
20.6475
20.6475
20.6475
20.6475
20.6475
20.6475
20.6475
20.6475
20.6475
20.6475
20.6475
20.6475
20.6475
20.6475
20.6475
20.6475
20.6475
20.6475
20.6475
20.6475
20.6475
20.6475
20.6475
20.6475
20.6475
20.6475
20.6475
20.6475
20.6475
20.6475
20.6475
20.6475
20.6475
20.6475
20.6475
20.6475
20.6475
20.6475
17.6900
20.6475
20.6475
20.6475
15.4589
20.6475
20.6475
20.6475
20.6475
20.5464
20.6475
20.6475
20.6475
20.6475
20.6475
20.6475
20.6475
20.6475
20.6475
20.6475
20.6475
20.6475
20.6475
20.6475
20.6475
20.6475
20.6475
20.6475
20.6475
20.6475
20.6475
20.6475
20.6475
20.6475
20.6475
20.6475
20.6475
20.6475
20.6475
20.6475
20.6475
20.6475
20.6475
20.6475
20.6475
20.6475
20.6475
20.6475
20.6475
20.6475
20.6475
20.6475
20.6475
20.6475
20.6475
20.6475
20.6475
20.6475
20.6475
20.6475
20.6475
20.6475
20.6475
20.6475
20.6475
20.6475
20.6475
20.6475
20.6475
20.6475
20.6475
20.6475
20.6475
20.6475
20.6475
20.6475
20.6475
20.6475
20.6475
20.6475
20.6475
20.6475
20.6475
20.6475
20.6475
20.6475
20.6475
20.6475
20.6475
20.6475
20.6475
20.6475
20.6475
20.6475
20.6475
20.6475
20.6475
20.6475
20.6475
20.6475
20.6475
20.6475
20.6475
20.6475
20.6475
20.6475
20.6475
20.6475
20.6475
20.6475
20.6475
20.6475
20.6475
20.6475
20.6475
20.6475
20.6475
20.6475
20.6475
20.6475
20.6475
20.6475
20.6475
20.6475
20.6475
20.6475
20.6475
20.6475
20.6475
20.6475
20.6475
20.6475
20.6475
20.6475
20.6475
20.6475
20.6475
20.6475
20.6475
20.6475
20.6475
20.6475
20.6475
20.6475
20.6475
20.6475
20.6475
20.6475
20.6475
20.6475
20.6475
20.6475
20.6475
20.6475
20.6475
20.6475
20.6475
20.6475
20.6475
20.6475
20.6475
20.6475
20.6475
20.6475
20.6475
20.6475
20.6475
20.6475
20.6475
20.6475
20.6475
20.6475
20.6475
20.6475
20.6475
20.6475
20.6475
20.6475
20.6475
20.6475
20.6475
20.6475
20.6475
20.6475
20.6475
20.6475
20.6475
20.6475
20.6475
20.6475
20.6475
20.6475
20.6475
20.6475
20.6475
20.6475
20.6475
20.6475
20.6475
20.6475
20.6475
20.6475
20.6475
20.6475
20.6475
20.6475
20.6475
20.6475
20.6475
20.6475
20.6475
20.6475
20.6475
20.6475
20.6475
20.6475
20.6475
20.6475
20.6475
20.6475
20.6475
20.6475
20.6475
20.6475
20.6475
20.6475
20.6475
20.6475
20.6475
20.6475
20.6475
20.6475
20.6475
20.6475
20.6475
20.6475
20.6475
20.6475
20.6475
20.6475
20.6475
20.6475
20.6475
20.6475
20.0320
20.6475
20.6475
20.6475
20.6475
20.6475
20.6475
17.9518
20.6475
20.6475
20.6475
20.6475
20.6475
20.6475
20.6475
20.6475
20.6475
20.6475
20.6475
20.6475
20.6475
20.6475
20.6475
20.6475
20.6475
20.6475
20.6475
20.6475
14.7562
20.6475
20.6475
20.6475
20.6475
20.6475
20.6475
20.6475
20.6475
20.6475
20.6475
20.6475
20.6475
20.6475
19.3306
20.6475
20.3851
20.6475
20.6475
20.6475
20.6475
20.6475
20.6475
20.6475
20.6475
20.6475
20.6475
20.6475
20.6475
20.6475
20.6475
20.6475
20.6475
20.6475
20.6475
20.6475
20.6475
20.6475
20.6475
20.6475
20.6475
20.6475
20.6475
20.6475
20.6475
20.6475
20.6475
20.6475
20.6475
20.6475
20.6475
20.6475
20.6475
20.6475
20.6475
20.6475
20.6475
20.6475
20.6475
20.6475
15.2091
20.6475
20.6475
20.6475
