17.6475
17.6475
17.6475
17.6475
17.6475
17.6475
17.6475
17.6475
17.6475
17.6475
19.5108
17.6475
17.6475
17.6475
17.6475
17.6475
17.6475
17.6475
17.6475
17.6475
17.6475
17.6475
17.6475
17.6475
18.0117
17.6475
17.6475
17.6475
17.6475
17.6475
17.6475
17.6475
17.6475
17.6475
32.1328
17.6475
17.6475
17.6475
17.6475
40.2281
17.6475
17.6475
17.6475
17.6475
17.6475
17.6475
17.6475
17.6475
17.6475
17.6475
20.8691
17.6475
17.6475
17.6475
17.6475
17.6475
17.6475
17.6475
17.6475
17.6475
17.6475
17.6475
17.6475
17.6475
17.6475
17.6475
17.6475
17.6475
17.6475
28.6198
17.6475
17.6475
17.6475
17.6475
17.6475
17.6475
17.6475
17.6475
17.6475
17.6475
17.6475
17.6475
17.6475
17.6475
17.6475
17.6475
17.6475
17.6475
17.6475
17.6475
17.6475
17.6475
17.6475
31.1766
17.6475
17.6475
17.6475
17.6475
17.6475
17.6475
17.6475
17.6475
17.6475
17.6475
18.5676
17.6475
17.6475
17.6475
17.6475
17.6475
17.6475
22.0318
17.6475
17.6475
17.6475
17.6475
17.6475
17.6475
22.1080
17.6475
17.6475
17.6475
17.6475
17.6475
17.6475
17.6475
17.6475
17.6475
18.3624
17.6475
17.6475
17.6475
17.6475
31.1364
17.6475
17.6475
17.6475
17.6475
17.6475
17.6475
17.6475
17.6475
17.6475
16.3271
17.6475
17.6475
17.6475
17.6475
17.6475
17.6475
17.6475
19.2574
24.2102
17.6475
17.6475
17.6475
17.6475
17.6475
17.6475
17.6475
17.8433
17.6475
17.6475
17.6475
17.6475
46.2753
17.6475
17.6475
17.6475
17.6475
17.6475
17.6475
17.6475
28.9686
17.6475
17.6475
17.6475
17.6475
17.6475
17.6475
17.6475
17.6475
17.6475
17.6475
17.6475
17.6475
17.6475
17.6475
17.6475
17.6475
17.6475
17.6475
17.6475
17.6475
17.6475
17.6475
17.6475
17.6475
19.0707
17.6475
17.6475
17.6475
17.6475
17.6475
17.6475
17.6475
17.6475
17.6475
17.6475
17.8729
17.6475
17.6475
17.6475
17.6475
17.6475
17.6475
17.6475
17.6475
17.6475
17.6475
17.6475
17.6475
17.6475
17.6475
17.6475
17.6475
17.6475
17.6475
17.6475
17.6475
17.6475
17.6475
17.6475
17.6475
38.3516
17.6475
17.6475
17.6475
17.6475
18.7335
17.6475
17.6475
17.6475
17.6475
17.6475
17.6475
17.6475
17.6475
17.6475
17.6475
17.6475
17.6475
17.6475
17.6475
17.6475
17.6475
17.6475
17.6475
17.6475
17.6475
17.6475
17.6475
17.6475
17.6475
17.6475
17.6475
17.6475
17.6475
17.6475
17.2044
17.0871
20.7189
17.6475
17.6475
17.6475
17.6475
17.6475
17.6475
17.6475
17.6475
18.1939
17.6475
21.6290
17.6475
17.6475
17.6475
17.6475
17.6475
17.6475
17.6475
17.6475
17.6475
17.6475
17.6475
17.6475
17.6475
17.6475
17.6475
28.7770
17.6475
17.6475
17.6475
17.6475
17.6475
17.6475
17.6475
17.6475
17.6475
17.6475
17.6475
17.6475
17.6475
17.6475
17.6475
19.1189
17.6475
17.6475
17.6475
17.6475
17.6475
17.6475
17.6475
17.6475
17.6475
20.9317
17.6475
17.6475
17.6475
17.6475
17.6475
17.6475
17.6475
17.6475
17.6475
17.6475
17.6475
17.6475
17.6475
17.6475
17.6475
17.6475
17.6475
33.2439
17.6475
17.6475
17.6475
17.6475
17.6475
17.6475
21.0552
17.6475
25.9387
17.6475
17.6475
17.6475
17.6475
17.6475
17.6475
17.6475
20.5645
17.6475
17.6475
17.6475
17.6475
17.6475
17.6475
38.4687
17.6475
17.6475
17.6475
17.6475
17.6475
17.6475
20.0607
17.6475
17.6475
17.6475
17.6475
17.6475
10.2650
13.0475
23.4417
17.6475
17.6475
17.6475
17.6475
17.6475
17.6475
17.6475
17.6475
24.1595
17.6475
17.6475
17.6475
17.6475
17.6475
17.6475
17.6475
17.6475
17.6475
17.6475
17.6475
17.6475
17.6475
17.6475
17.6475
17.6475
17.6475
17.6475
17.6475
17.6475
17.6477
17.6475
17.6475
17.6475
17.6475
17.6475
17.6475
17.6475
17.6475
17.6475
29.9381
17.6475
17.6475
17.6475
30.9892
17.6475
17.6475
17.6475
17.6475
17.6475
17.6475
17.6475
17.6475
17.6475
17.6475
17.6475
17.6475
17.6475
17.6475
17.6475
17.6475
33.9955
17.6475
17.6475
17.6475
17.6475
17.6475
17.6475
19.3689
17.6475
18.9396
17.6475
17.6475
17.6475
17.6475
17.6475
17.6475
17.6475
17.6475
17.6475
17.6475
17.6475
17.6475
17.6475
17.6475
17.6475
17.6475
17.6475
17.6475
17.6475
17.6475
31.4931
21.5898
17.6475
17.6475
17.6475
19.8800
17.6475
17.6475
17.6475
17.6475
17.6475
19.3841
19.0994
17.6475
17.6475
17.6475
17.6475
20.9551
17.6475
20.6079
32.1626
17.6475
17.6475
17.6475
17.6475
19.1467
17.6475
17.6475
17.6475
17.6475
17.6475
17.6475
17.6475
17.6475
17.6475
17.6475
17.6475
17.6475
17.6475
17.6475
17.6475
17.6475
17.6475
17.6475
22.9944
17.6475
17.6475
17.6475
17.6475
17.6475
17.6475
17.6475
17.6475
17.6475
17.6475
17.6475
17.6475
17.6475
17.6475
17.6475
17.6475
17.6475
17.6475
17.6475
17.6475
17.6475
17.6475
17.6475
17.6475
17.6475
17.6475
17.6475
17.6475
17.6475
17.6475
29.2878
17.6475
17.6475
17.6475
17.6475
17.6475
17.6475
34.1921
17.6475
17.6475
17.6475
17.6475
17.6475
17.6475
17.6475
17.6475
17.6475
17.6475
17.6475
17.6475
20.5679
17.6475
17.6475
17.6475
31.3525
17.6475
17.6475
17.6475
17.6475
17.6475
27.2831
17.6475
17.6475
17.6475
17.6475
17.6475
17.6475
17.6475
17.6475
17.6475
17.6475
21.2356
17.6475
17.6475
23.9693
17.6792
17.6475
17.6475
17.6475
18.6795
17.6475
17.6475
17.6475
17.6475
22.2042
17.6475
17.6475
17.6475
17.6475
17.6475
17.6475
17.6475
17.6475
17.6475
17.6475
17.6475
17.6475
17.6475
17.6475
17.6475
17.6475
17.6475
17.6475
17.6475
18.0477
17.6475
17.6475
17.6475
17.6475
17.6475
17.6475
17.6475
17.6475
17.6475
21.9671
17.6475
17.6475
17.6475
17.6475
17.6475
17.6475
25.6174
17.6475
21.7868
17.6475
17.6475
17.6475
17.6475
17.6475
17.6475
17.6475
17.0005
17.6475
17.6475
17.6475
17.6475
17.6475
17.6475
17.6475
17.6475
22.5194
17.6475
17.6475
17.6475
17.6475
17.6475
17.6475
17.6475
17.6475
17.6475
17.6475
17.6475
17.6475
17.6475
17.6475
17.6475
17.6475
17.6475
21.8454
21.8594
17.6475
22.9210
17.6475
17.6475
17.6475
17.6475
17.6475
17.6475
17.6475
17.6475
17.6475
17.6475
21.9871
17.6475
27.8813
17.6475
17.6475
17.6475
17.6475
18.3776
17.6475
17.6475
17.6475
17.6475
17.6475
17.6475
18.0626
17.6475
17.6475
17.6475
17.6475
17.6475
28.6985
17.6475
17.6475
17.6475
36.5503
27.4782
17.6475
17.6475
17.6475
17.6475
17.6475
17.6475
17.6475
17.6475
17.6475
17.6475
17.6475
17.6475
17.6475
17.6475
26.2926
17.6475
17.6475
17.6475
17.6475
17.6475
17.9903
17.6475
17.6475
17.6475
17.6475
18.6193
17.8827
17.6475
17.6475
17.6475
17.6475
17.6475
17.6475
17.6475
45.8777
17.6475
17.6475
17.6475
17.6475
17.6475
17.6475
17.6475
17.6475
17.6475
17.6475
17.6475
17.6475
17.6475
17.6475
17.6984
17.6475
25.3199
17.6475
17.6475
17.6475
19.3013
17.6475
17.6475
17.6475
19.3155
17.6475
17.6475
17.6475
17.6475
17.6475
17.6475
17.6475
17.6475
17.6475
17.6475
17.6475
17.6475
17.6475
17.6475
17.6475
17.6475
22.8385
17.6475
17.6475
44.7584
17.6475
17.6475
17.6475
17.6475
17.6475
18.9344
17.6475
17.6475
17.6475
17.6475
17.6475
17.6475
17.6475
18.6196
17.6475
17.6475
17.6475
17.6475
17.6475
17.9874
17.6475
17.6475
17.6475
17.6475
17.6475
17.6475
17.6475
17.6475
17.6475
17.6475
17.6475
17.6475
17.6475
17.6475
17.6475
17.6475
17.6475
17.6475
17.6475
17.6475
17.6475
29.5387
18.1126
17.6475
17.6475
17.6475
23.3178
17.6475
18.6452
17.6475
17.6475
17.6475
17.6475
17.6475
17.6475
17.6475
17.6475
19.9116
17.6475
17.6475
17.6475
17.6475
17.6475
17.6475
17.6475
17.6475
17.6475
17.6475
17.6475
17.6475
17.6475
17.6475
17.6475
17.6475
17.6475
17.6475
17.6475
17.6475
17.6475
17.6475
17.6475
17.6475
17.6475
17.6475
17.6475
17.6475
17.6475
17.6475
17.6475
17.6475
17.6475
17.6475
17.6475
17.6475
17.6475
17.6475
17.6475
17.6475
18.1506
17.6475
25.2091
17.6475
17.6475
17.6475
17.6475
17.6475
17.6475
17.6475
17.6475
17.6475
17.6475
17.6475
17.6475
27.7810
17.6475
17.6475
17.6475
17.6475
17.6475
17.6475
17.6475
17.6475
17.6475
17.6475
17.6475
17.6475
17.6475
17.6475
17.6475
17.6475
17.6475
17.6475
17.6475
17.6475
17.6475
17.6475
17.6475
17.6475
17.6475
17.6475
17.6475
17.6475
17.6475
17.6475
17.6475
17.6475
17.6475
17.6475
17.6475
17.6475
17.6475
17.6475
17.6475
17.6475
17.6475
17.6475
17.6475
18.9360
19.9214
17.6475
19.6761
17.6475
17.6475
17.6475
35.6391
17.6475
17.6475
18.7088
17.6475
17.6475
17.6475
17.6475
17.6475
17.6475
17.6475
17.6475
30.7779
17.6475
17.6475
17.6475
17.6475
17.6475
17.6475
17.6475
17.6475
17.6475
17.6475
17.6475
17.6475
29.3887
17.6475
17.6475
17.6475
17.6475
17.6475
17.6475
17.6475
17.6475
17.6475
17.6475
17.6475
17.6475
17.6475
17.6475
17.6475
17.6475
17.6475
17.6475
17.6475
17.6475
17.6475
17.6475
17.6475
22.5961
17.6475
17.6475
17.6475
17.6475
21.5161
17.6475
17.6475
19.8287
17.6475
17.6475
32.3216
17.6475
17.6475
17.6475
17.6475
17.6475
17.6475
17.6475
17.6475
17.6475
17.6475
20.8472
17.6475
17.6475
17.6475
17.6475
17.6475
17.6475
20.1012
17.6475
17.6475
20.9429
17.6475
17.6475
17.6475
17.6475
17.6475
17.6475
17.6475
17.6475
17.6475
17.6475
33.5073
17.6475
17.6475
17.6475
28.1544
17.6475
23.2821
17.6475
17.6475
17.6475
17.6475
17.6475
17.6475
22.7841
17.6475
17.6475
17.6475
17.6475
25.2848
17.6475
17.6475
17.6475
17.6475
17.6475
23.0271
17.6475
17.6475
17.6475
17.6475
17.6475
17.6475
19.9641
17.6475
27.9558
29.0848
17.6475
17.6475
17.6475
17.6475
17.6475
17.6475
17.6475
24.5284
17.6475
17.6475
17.6475
34.6438
24.8853
17.6475
17.6475
17.6475
17.6475
17.6475
17.6475
17.6475
17.6475
17.6475
17.6475
17.6475
17.6475
17.6475
17.6475
17.6475
17.6475
21.0556
17.6475
17.6475
17.6475
17.6475
17.6475
17.6475
17.6475
17.6475
21.8891
17.6475
19.3377
17.6475
17.6475
25.0433
17.6475
17.6475
17.6475
17.6475
17.6475
17.6475
17.6475
17.6475
17.6475
17.6475
17.6475
17.6475
17.6475
17.6475
17.6475
17.6475
17.6475
41.2011
17.6475
18.6252
17.6475
17.6475
17.6475
17.6475
17.6475
19.9856
17.6475
17.6475
17.6475
17.6475
17.6475
17.6475
17.6475
17.6475
17.6475
17.6475
17.6475
17.6475
17.6475
17.6475
17.6475
17.6475
27.3426
17.6475
17.6475
17.6475
20.6350
17.6475
17.6475
17.6475
17.6475
17.6475
17.6475
17.6475
17.6475
17.6475
18.1335
17.6475
18.4782
17.6475
44.1599
17.6475
17.6475
17.6475
17.6475
17.6475
17.6475
17.6475
17.6475
17.6475
17.6475
17.6475
17.6475
17.6475
17.6475
17.6475
17.6475
17.6475
17.6475
17.6475
17.6475
17.6475
17.6475
30.7832
17.6475
17.6475
17.6475
17.6475
17.6475
17.6475
17.6475
17.6475
51.4220
17.6475
17.6475
17.6475
17.6475
17.6475
17.6475
17.6475
17.6475
17.6475
28.0612
17.6475
17.6475
17.6475
18.8353
17.6475
17.6475
17.6475
17.6475
20.0825
17.6475
17.6475
17.6475
17.6475
17.6475
17.6475
17.6475
17.6475
17.6475
17.6475
17.6475
17.6475
17.6475
17.6475
17.6475
17.6475
17.6475
17.6475
17.6475
17.6475
50.4706
17.6475
17.6475
30.2413
17.6475
17.6475
17.6475
17.6475
17.6475
17.6475
17.6475
17.6475
17.6475
17.6475
17.6475
17.6475
17.6475
17.6475
17.6475
17.6475
17.6475
17.6475
17.6475
17.6475
17.6475
17.6475
17.6475
17.6475
17.6475
17.6475
17.6475
17.6475
17.6475
17.6475
17.6475
23.1888
27.0144
17.6475
31.1743
26.6418
17.6475
17.6475
19.9123
17.6475
17.6475
17.6475
17.6475
17.6475
17.6475
17.6475
17.6475
17.6475
17.6475
17.6475
18.1419
25.1118
17.6475
17.6475
19.9809
17.6475
20.4299
17.6475
17.6475
17.6475
17.6475
17.6475
17.6475
17.6475
17.6475
17.6475
17.6475
17.6475
18.7166
17.6475
23.8794
17.6475
23.6575
17.6475
17.6475
17.6475
17.6475
22.4511
17.6475
17.6475
25.9161
17.6475
17.6475
17.6475
17.6475
26.5010
17.6475
17.6475
17.6475
17.6475
17.6475
17.6475
17.6475
17.6475
17.6475
17.6475
17.6475
17.6475
17.6475
17.6475
17.6475
17.6475
17.6475
17.6475
22.7964
17.6475
26.3744
17.6475
17.6475
17.6475
17.6475
17.6475
17.6475
17.6475
19.4569
28.6499
17.6475
17.6475
17.6475
26.4783
17.6475
17.6475
17.6475
53.2221
17.6475
17.6475
17.6475
17.6475
30.7037
17.6475
17.6475
11.8053
17.6475
17.6475
17.6475
17.6475
17.6475
17.6475
17.6475
17.6475
17.6475
17.6475
17.6475
17.6475
17.6475
17.6475
17.6475
17.6475
17.6475
17.6475
17.6475
17.6475
17.6475
22.2717
17.6475
17.6475
17.6475
17.6475
21.8090
19.3081
17.6475
17.6475
17.6475
17.6475
17.6475
17.6475
17.6475
17.6475
17.6475
17.6475
17.6475
19.2085
17.6475
17.6475
25.8006
17.6475
17.6475
17.6475
17.6475
17.6475
17.6475
17.6475
17.6475
17.6475
17.6475
17.6475
17.6475
17.6475
17.6475
23.6243
17.6475
21.0159
17.6475
17.6475
17.6475
17.6475
17.6475
17.6475
17.6475
17.6475
17.6475
17.6475
16.7847
17.6475
20.7585
17.6475
20.3053
17.6475
17.6475
17.6475
17.6475
17.6475
17.6475
17.6475
17.6475
17.6475
17.6475
17.6475
17.6475
17.6475
17.6475
17.6475
17.6475
18.8424
17.6475
17.6475
17.6475
17.6475
17.6475
17.6475
17.6475
30.5901
17.6475
17.6475
17.6475
17.6475
17.6475
17.6475
17.6475
17.6475
17.6475
17.6475
17.6475
17.6475
17.6475
17.6745
17.6475
17.6475
17.6475
17.6475
17.6475
17.6475
17.6475
20.0069
17.6475
17.6475
17.6475
17.6475
17.6475
17.6475
17.6475
17.6475
18.1332
17.6475
22.3870
17.6475
17.6475
18.4361
17.6475
17.6475
17.6475
17.6475
17.6475
17.6475
17.6475
46.1715
17.6475
17.6475
17.6475
17.6475
17.6475
17.6475
17.6475
17.6475
17.6475
17.6475
17.6475
17.6475
17.6475
17.6475
17.6475
17.6475
17.6475
17.6475
17.6475
17.6475
17.6475
17.6475
17.6475
17.6475
17.6475
17.6475
17.6475
17.6475
17.6475
17.6475
17.6475
17.6475
17.6475
17.6475
17.6475
17.6475
17.6475
17.6475
17.6475
20.7072
17.6475
17.6475
9.0181
17.6475
17.6475
17.6475
17.6475
17.6475
17.6475
17.6475
22.7952
17.6475
20.6124
17.6475
17.6475
17.6475
17.6475
17.6475
32.8454
17.6475
17.6475
17.6475
17.6475
17.6475
17.6475
17.6475
17.6475
17.6475
17.6475
17.6475
17.6475
17.6475
17.6475
17.6475
17.6475
23.6617
17.6475
17.6475
17.6475
17.6475
17.6475
17.6475
17.6475
17.6475
17.6475
17.6475
17.6475
17.6475
17.6475
40.5080
18.7284
17.6475
19.6331
17.6475
17.6475
17.6475
17.6475
17.6475
17.6475
17.6475
17.6475
17.6475
17.6475
17.6475
17.6475
17.6475
17.6475
17.6475
29.2537
17.6475
25.4566
17.6475
17.6475
17.6475
30.1777
17.6475
18.6296
17.6475
17.6475
17.6475
17.6475
17.6475
17.6475
17.6475
20.3841
17.6475
19.7233
25.3473
17.6475
17.6475
17.6475
17.6475
44.1680
17.6475
17.6475
17.6475
17.6475
17.6475
17.6475
17.6475
17.6475
17.6475
17.6475
17.6475
17.6475
18.4088
17.6475
17.6475
31.4553
17.6475
17.6475
17.6475
17.6475
17.6475
17.7506
17.6475
24.5862
17.6475
17.6475
17.6475
17.6475
17.6475
17.6475
17.6475
17.6475
17.6475
17.6475
17.6475
17.6475
17.6475
17.6475
17.6475
17.6475
17.6475
17.6475
17.6475
17.6475
17.6475
17.6475
17.6475
26.1938
17.6475
17.6475
17.6475
17.6475
17.6475
17.6475
17.6475
17.6475
17.6475
17.6475
17.6475
17.6475
17.6475
17.6475
17.6475
17.6475
17.6475
17.6475
17.6475
17.6475
17.6475
23.2313
17.6475
17.6475
17.6475
17.6475
17.6475
17.6475
17.6475
17.6475
17.6475
17.6475
17.6475
17.6475
17.6475
17.6475
17.6475
32.5609
17.6475
17.6475
17.6475
17.6475
17.6475
17.6475
17.6475
17.6475
17.6475
17.6475
17.6475
17.6475
17.6475
17.6475
17.6475
17.6475
17.6475
18.3566
17.6475
17.6475
17.6475
17.6475
17.6475
17.6475
17.6475
17.6475
17.6475
17.6475
17.6475
17.6475
17.6475
17.6475
23.8562
17.6475
17.8892
17.6475
17.6475
17.6475
17.6475
17.6475
17.6475
17.6475
17.6475
17.6475
30.3826
22.0604
17.6475
17.6475
17.6475
17.6475
17.6475
17.6475
17.6475
17.6475
17.6475
17.6475
17.6475
17.6475
17.6475
17.6475
17.6475
17.6475
17.6475
17.6475
17.6475
18.9620
18.3490
17.6475
17.6475
17.6475
17.6475
17.6475
17.6475
23.2914
17.6475
17.6475
17.6475
17.6475
17.6475
17.6475
17.6475
17.6475
27.0904
17.6475
17.6475
17.6475
17.6475
17.6475
17.6475
17.6475
17.6475
17.6475
17.6475
17.6475
17.6475
17.6475
17.6475
34.0127
17.6475
17.6475
17.6475
17.6475
17.6475
17.6475
17.6475
17.6475
17.6475
17.6475
17.6475
17.6475
17.6475
17.6475
17.6475
22.8302
17.6475
17.6475
17.6475
24.0656
17.6475
17.6475
17.6475
17.6475
17.6475
17.6475
17.8040
17.6475
17.6475
17.6475
17.6475
18.5099
23.5964
17.6475
17.6475
17.6475
17.6475
17.6475
17.6475
17.6475
17.6475
23.9201
17.6475
17.6475
17.6475
17.6475
17.6475
17.6475
17.6475
17.6475
17.6475
17.6475
17.6475
17.6475
23.1395
17.6475
23.9692
17.6475
17.6475
19.5384
17.6475
17.6475
17.6475
17.6475
17.6475
17.6475
17.6475
17.8639
17.6475
17.6475
17.6475
17.6475
17.6475
17.6475
17.6475
17.6475
17.6475
17.6475
17.6475
17.6475
17.6475
17.6475
17.6475
17.6475
17.6475
17.6475
17.6475
17.6475
17.6475
26.7733
17.6475
18.2512
17.6475
21.7702
17.6475
17.6475
17.6475
29.5402
17.6475
17.6475
17.6475
17.6475
31.9642
26.6498
17.6475
17.6475
17.6475
17.6475
17.6475
17.6475
17.6475
18.1981
17.6475
17.6475
17.6475
17.6475
17.6475
17.6475
32.2876
17.6475
17.6475
17.6475
17.6475
36.2936
17.6475
17.6475
17.6475
17.6475
23.2019
17.6475
17.6475
17.6475
17.6475
17.6475
17.6475
17.6475
17.6475
17.6475
17.6475
37.4296
17.6475
17.6475
17.6475
17.6475
17.6475
17.6475
18.3313
17.6475
17.6475
17.6475
17.6475
17.6475
17.6475
20.1649
17.6475
17.6475
17.6475
17.6475
17.6475
33.0890
17.6475
17.6475
19.5721
17.6475
17.6475
17.6475
17.6475
17.6475
17.6475
17.6475
17.6475
17.6475
17.6475
17.6475
17.6475
17.6475
17.6475
17.6475
17.6475
17.6475
17.6475
17.6475
17.6475
17.6475
17.6475
17.6475
17.6475
17.6475
36.8133
33.2836
17.6475
17.6475
17.6475
21.1997
17.6475
17.6475
17.6475
17.6475
19.1574
17.6475
17.6475
17.8767
17.6475
20.3125
17.6475
21.7089
17.6475
17.6475
17.6475
17.6475
17.6475
17.6475
17.6475
17.6475
17.6475
17.6475
17.6475
17.6475
17.6475
17.6475
17.6475
17.6475
17.6475
17.6475
17.6475
17.6475
17.6475
17.6475
17.6475
17.6475
17.6475
17.6475
27.0250
17.6475
17.6475
19.9856
21.9850
21.9022
17.6475
17.6475
17.6475
17.6475
17.6475
17.6475
17.6475
17.6475
17.6475
17.6475
17.6475
17.6475
17.6475
19.6531
21.2129
24.2453
17.6475
17.6475
27.8887
17.6475
28.5399
17.6475
26.3898
17.6475
17.6475
17.6475
17.6475
17.6475
17.6475
17.9499
17.6475
17.6475
17.6475
17.6475
17.6475
17.6475
17.6475
21.8507
17.6475
17.6475
17.6475
35.8068
17.6475
17.6475
17.6475
17.6475
21.9015
17.6475
20.1404
17.6475
17.6475
17.6475
17.6475
17.6475
17.6475
17.6475
17.6475
17.8732
17.6475
17.6475
17.6475
17.6475
17.6475
17.6475
21.0365
18.7304
17.6475
17.6475
17.6475
17.6475
27.1930
17.6475
17.8708
17.6475
17.6475
17.6475
17.6475
17.6475
17.6475
17.6475
17.6475
17.6475
17.6475
17.6475
17.6475
17.6475
17.6475
19.9781
23.5889
17.6475
17.6475
17.6475
23.8611
17.6475
17.6475
17.6475
17.6475
17.6475
17.6475
17.6475
26.3846
17.6475
17.6475
17.6475
17.6475
17.6475
17.6475
17.6475
17.6475
17.6475
