43,9055
37,4022
33,8459
33,7955
37,5042
37,1597
55,1939
44,1104
48,9037
36,2572
38,8200
40,1750
51,2777
28,0407
34,7960
30,5444
30,9619
44,9745
51,3043
25,5119
31,9169
54,6413
42,8768
20,8887
28,6600
37,0340
28,4719
28,7216
38,7452
34,3703
34,2497
32,3617
43,1265
46,4440
30,4635
25,5582
30,1640
22,9301
32,9625
24,0911
31,3404
39,2328
47,3905
32,1876
43,3010
36,6202
38,2807
37,4065
33,5288
39,5007
28,0590
41,8152
40,7918
43,7449
47,5590
43,3627
50,9116
54,5235
32,9036
34,9633
41,1519
32,0358
43,1497
32,0302
32,3291
32,3466
38,9889
25,1335
40,1771
42,3793
29,0967
44,0596
31,3411
34,7590
30,7847
48,9685
28,7161
25,0599
25,7070
23,7811
36,6750
38,7378
32,8230
30,0149
21,9040
19,3865
36,8777
35,2214
21,1653
72,3643
32,4724
39,2504
44,5076
34,1653
27,7580
29,6641
44,3247
26,6388
30,3293
42,7411
52,0223
42,7446
49,4187
33,1125
38,2622
42,5635
36,9743
21,8081
44,9198
46,1027
32,7672
37,4425
52,2648
32,0691
25,3861
29,4794
75,1004
28,7338
55,0854
49,1850
36,7019
29,4420
28,3077
47,6603
64,8770
28,8967
41,0771
43,2382
36,5235
38,9109
57,7125
46,2944
35,7762
25,2669
38,1774
36,1770
35,1878
32,6465
33,3063
34,5558
35,3177
35,2477
33,1536
29,4220
42,2133
29,4490
28,5034
42,9157
28,4634
37,9781
39,3762
25,4127
39,5152
50,1859
35,3012
59,9446
29,4590
30,4805
50,8137
33,1426
36,2947
40,2059
33,1359
39,3972
31,4257
30,9178
32,6157
38,0642
29,8659
34,2416
41,5301
46,5249
49,1358
27,2912
37,3467
29,8683
34,2113
39,7955
36,5030
38,6569
64,9406
36,2951
33,2033
33,4432
17,3858
25,0353
33,3693
21,9966
24,8931
33,3147
34,8114
34,3995
34,8160
38,1532
37,2667
45,9544
30,5278
30,4283
60,6837
45,7608
30,4285
54,6130
40,0695
27,9671
35,6121
35,6872
39,6535
31,1496
33,5104
22,8568
36,5631
35,3858
26,7157
35,3725
54,9326
25,8068
27,2938
32,9100
45,5094
68,6024
35,1765
25,8284
44,2675
44,0100
55,4273
35,0790
28,0247
26,5112
18,9505
20,5060
30,4431
25,3401
38,2526
34,5409
32,4148
46,4115
37,6816
35,5380
33,8090
28,1818
30,3508
41,3312
29,2209
51,4130
41,7773
30,4084
40,8386
31,9651
42,7206
33,6199
25,1568
41,4764
39,7020
29,8367
28,3170
40,0491
26,6750
33,7654
33,0556
32,6137
41,7794
33,5459
28,7683
37,0030
37,7574
32,3763
53,5833
46,9075
32,1424
32,7261
30,3920
29,0878
33,6965
28,4969
38,7540
42,6365
35,8553
31,2010
32,1677
29,5075
29,8573
34,6168
26,2237
25,1664
31,0678
41,7936
28,1157
32,9218
27,1161
31,2420
51,0522
47,7274
40,1034
34,1055
53,4768
28,2439
39,6126
31,5287
38,0425
40,1583
33,2848
35,7647
41,6321
39,9561
44,6976
29,1405
41,5983
44,3132
29,9915
36,6586
37,4872
36,1037
79,6299
39,9913
35,0621
32,2561
30,0768
70,4807
22,0076
13,3690
36,0791
38,7327
26,3052
35,7358
56,6242
24,5395
33,5954
30,7330
34,6345
30,8759
27,1121
33,0128
37,6020
35,5510
36,0446
40,0059
35,4851
34,3520
29,6126
24,9146
48,8961
42,9444
37,8565
31,2187
56,1882
51,5754
27,3183
35,0577
37,2308
57,0563
35,9219
38,9663
26,3595
30,3848
36,9996
40,6536
29,8405
69,2856
35,4883
37,0041
28,8511
31,4377
37,4869
24,3136
30,2362
29,2270
42,4169
33,9227
35,9280
28,6538
41,7034
36,4707
34,0969
42,9206
28,8057
58,3194
31,9990
33,6915
35,7925
40,4101
29,0248
39,4333
28,3441
29,3235
72,4010
40,5886
45,4364
31,6937
38,7956
29,2445
38,2223
34,1354
31,0268
28,9059
34,7301
20,5153
35,2558
29,9139
28,3864
36,9831
28,8179
61,0759
26,8248
40,2266
34,7966
28,2490
23,9660
31,3871
53,0946
36,5064
33,5033
45,2243
39,5908
30,0301
36,1841
41,9219
53,5099
49,9046
39,8335
32,9696
43,5763
32,3153
38,4584
53,6178
37,4971
40,9248
34,4446
47,0680
45,4515
37,5216
53,1150
42,4881
24,9047
39,6527
38,4743
29,1797
32,8600
39,7466
28,2889
24,1563
38,1568
16,5522
33,9930
48,4722
30,0583
34,2205
29,2433
26,7347
39,6295
43,0726
41,0374
24,4110
52,5667
33,8035
32,7063
38,8936
37,5146
24,3185
41,3047
34,5590
28,7745
29,0487
42,0187
36,3014
33,0840
24,7133
35,8648
28,6913
31,1348
35,2727
34,9581
39,3065
37,9081
31,0522
67,3760
69,5633
43,5575
38,7606
26,2631
32,4998
26,9268
35,8754
37,5920
28,5163
35,1715
29,8024
36,6203
42,3000
73,0750
33,6524
35,1027
32,3111
29,5643
29,0503
43,1992
26,3465
39,7652
37,9950
29,9749
42,5989
26,3347
32,1336
29,8526
31,5169
23,4582
54,2307
31,0009
47,2546
39,1569
42,4026
66,3417
39,9404
39,2604
29,2419
39,4963
42,5495
28,8010
28,4752
50,4974
39,0023
28,0838
30,9120
30,2935
38,5260
42,1749
26,6794
35,0749
29,2851
32,3144
39,4975
28,0799
40,1706
46,5128
49,5566
39,7853
44,1455
38,5218
38,4624
31,6934
32,7059
33,7733
35,8121
33,1892
35,1888
32,3530
43,6065
47,1897
32,1056
23,8723
30,5194
42,1302
38,6917
18,5840
37,4284
34,6673
41,6667
25,6664
28,6561
23,9512
57,1897
47,4522
29,2850
44,7204
30,5296
33,9497
41,2545
31,9348
25,7386
30,6940
61,3108
36,2363
39,7772
27,6951
36,5433
41,0539
36,1424
37,8411
22,5196
41,6322
30,7551
46,7561
38,6543
58,9697
48,8890
37,0894
40,1073
31,9740
37,6236
48,6320
39,1647
25,6272
31,5179
25,8236
26,7350
49,1336
32,7303
23,4869
37,0567
39,0014
32,7333
39,7770
30,2324
29,5256
35,4017
38,2396
46,7262
42,6883
26,3393
34,7919
36,0286
33,6730
42,6642
25,4393
40,8562
25,7851
31,0491
51,4259
32,4235
22,8579
35,6432
40,3393
37,3211
34,2561
34,3764
21,0486
50,2789
60,5007
48,4735
30,7302
41,9433
42,0286
46,4106
32,8917
53,7634
38,3763
39,1293
30,2590
41,9114
36,7915
41,6132
34,5286
24,5475
37,8577
32,6427
29,1455
30,5603
33,6473
49,9622
32,1019
43,2232
32,7562
41,5240
35,5638
34,3539
44,2871
38,7660
53,2197
35,1480
35,5439
32,0795
36,9905
31,8480
26,8513
33,1127
56,9921
28,0846
47,7632
47,9366
24,2132
36,0547
46,5154
34,2235
28,9049
51,7415
30,7533
28,3115
20,5299
27,2261
31,2473
54,0853
67,1240
34,2600
34,0255
34,0652
38,4701
33,4589
36,5838
22,0227
43,1844
36,1810
63,5552
32,8765
35,5358
40,7937
36,7652
33,6678
36,4935
53,1862
32,4538
31,7156
56,5820
32,0713
45,5051
38,9724
35,6292
31,2854
33,3315
55,2549
24,5486
48,0477
32,6517
33,7023
35,2011
60,3769
27,3150
57,7753
52,2242
24,1727
32,1587
36,1281
41,0957
45,9120
29,4730
58,2085
36,9495
27,7896
36,5747
29,7123
59,7834
27,6922
28,3316
28,5397
39,8682
29,2779
37,2683
37,3586
30,6688
54,6727
38,7101
45,4184
32,8316
27,3933
32,6951
33,2013
41,0419
34,6765
38,4952
25,4727
29,2021
33,7521
29,8297
31,9091
38,0622
31,3330
26,3426
29,4530
47,1863
29,3106
47,6387
48,1065
38,6317
37,2216
47,3821
36,9342
29,4826
37,7531
28,1096
29,8529
50,5878
31,4091
33,1553
52,5431
55,9086
33,3176
38,0014
30,7626
34,8230
30,8104
26,0262
48,0677
24,6354
43,5140
31,4625
32,4119
35,4335
32,0532
27,6732
46,2627
29,8428
23,5330
41,5654
31,7155
36,7942
33,7645
52,6167
30,4273
37,0241
37,4279
33,0499
59,3509
48,9609
46,4522
27,9488
43,5058
42,4860
41,8203
57,3073
31,1552
34,1150
38,9109
31,4836
44,9173
41,5549
41,8994
44,7465
41,8967
32,0353
33,4542
33,4352
41,5475
31,0561
28,1262
35,4445
46,8945
45,0269
39,1688
34,5144
36,5308
27,4704
37,1448
28,5542
29,5287
38,3391
36,8128
24,4927
24,7518
24,5287
22,0736
28,5757
33,8419
37,6790
30,7589
35,7264
30,4633
43,8346
38,9459
34,2827
61,8348
28,8095
26,1209
30,3969
42,0322
39,4403
37,8091
27,7698
47,9013
30,0701
32,3811
51,5726
29,3252
39,8558
36,3623
34,5101
41,3867
32,5720
32,5250
27,0619
36,4224
38,2545
42,5316
53,6449
41,2337
41,2335
58,8675
42,2835
55,4360
41,5917
25,2744
29,2022
35,4968
31,2053
36,0674
30,2682
30,8308
36,6204
25,1851
32,4236
31,1781
35,5948
29,9082
39,6869
30,5768
27,7468
26,8355
31,5024
26,1812
26,8961
47,0670
33,0953
48,2098
31,3563
31,1271
28,9626
25,9018
32,4260
35,1012
33,6357
36,7314
46,0753
37,4320
39,0310
36,2876
34,5499
38,7337
34,2767
46,2668
35,2596
33,6300
30,6718
29,8783
43,5709
36,8950
26,6465
69,0640
41,3255
35,3876
26,7401
50,4293
33,3290
31,5063
54,7520
39,0437
34,2565
30,4844
36,6726
38,5881
45,2733
41,3048
32,1654
33,5722
50,1156
39,3193
31,0343
40,5942
25,5871
30,3707
49,7531
40,8352
30,0057
36,9229
41,4148
35,9171
46,7468
23,8986
36,1183
35,3901
26,9613
34,3748
40,3236
31,3369
38,7918
43,7671
38,2428
44,2617
37,9737
40,0837
32,7624
29,8190
35,8609
30,6866
40,6273
34,1241
25,6021
40,8994
38,3396
30,0892
28,2544
24,2140
45,6809
38,7729
30,6621
28,7392
32,5412
58,3470
39,0962
31,0566
37,0869
29,4284
57,9184
27,2611
30,0884
29,9357
35,0273
35,3051
37,9483
37,8156
38,2260
80,7081
36,1523
47,9008
27,6523
28,4251
46,9327
38,1683
25,8390
31,5817
24,8887
25,2478
34,2189
32,9194
42,4654
26,0476
30,5808
44,4525
49,5414
24,0219
48,9534
31,0349
36,3318
45,4266
29,7419
25,3347
27,3000
53,2127
35,8074
39,0706
39,3170
38,8864
23,8824
37,9547
44,3329
43,4600
33,9471
45,2400
32,4521
36,9683
40,6293
40,4436
38,5155
29,7187
60,5426
45,1094
45,9235
38,2799
40,7439
46,7604
46,9559
33,6762
38,0361
40,3862
33,0853
46,6723
25,6971
27,9582
28,5920
41,4346
36,9403
47,5390
30,8712
29,7558
42,6094
29,6042
26,8334
35,0257
46,4769
30,2751
30,4741
40,8017
41,1787
37,4944
29,3765
36,9766
34,3160
48,2834
23,8599
31,7252
30,9309
31,0506
31,7154
27,3383
58,7176
32,9697
28,7224
29,5224
26,2675
49,1032
29,9306
35,0405
30,3297
39,9548
34,6876
37,9500
34,0543
27,1993
38,3806
61,5566
29,0784
42,3523
63,4902
29,7580
21,6019
43,2589
36,8573
52,0363
41,2346
27,4536
26,3332
39,4674
52,5055
48,3569
39,1564
28,3758
32,5744
33,1202
55,5833
47,7358
38,5590
51,0645
32,0714
38,7283
26,3827
33,5722
53,5822
43,4207
37,2863
41,6955
32,9184
42,5578
28,6814
34,8335
30,8867
25,4010
54,8925
44,5302
46,0535
62,3774
29,1588
33,1204
43,5399
32,4863
38,5795
40,1574
33,5389
37,0331
33,0430
38,8589
29,4766
33,6198
47,3372
24,0349
45,2983
43,6410
37,5121
30,5993
39,1148
45,0880
29,7811
46,6381
20,4059
37,9605
30,8472
31,8386
30,2075
33,7823
29,1743
39,0221
39,7642
27,8143
36,2009
39,2619
28,8298
33,0159
26,7317
26,3803
38,3919
49,0020
31,7026
50,0656
53,7793
33,0691
25,9201
39,0818
36,4510
42,2181
28,5483
35,6224
33,0077
29,3413
28,7596
38,0335
33,7537
40,2460
30,8573
34,9919
53,2354
27,6565
63,4765
35,9313
40,1488
38,7460
34,8552
30,0845
55,5420
38,0679
30,3794
31,0870
61,6160
47,7021
39,6688
42,8194
32,6289
46,2010
23,9247
34,8146
22,2327
36,5541
28,0437
26,4074
28,3994
47,7361
39,2429
40,0419
37,9315
50,1301
28,6152
46,1405
36,2309
39,8580
22,7593
35,9284
31,5276
30,0830
38,8611
48,4869
32,0028
34,7229
35,1250
56,7330
32,6064
28,0225
26,3185
30,4763
34,1411
64,2539
41,2127
35,6464
38,0729
39,0491
38,3343
59,5083
38,6260
30,9700
30,1421
45,8802
63,9505
37,9407
49,9625
36,4020
35,1094
32,0130
43,1366
28,8620
41,0947
35,5903
29,4147
29,0597
31,1403
33,0534
35,8664
66,7045
54,3406
35,8717
27,8257
33,2977
28,5123
30,1518
41,0109
32,6292
50,6958
46,5072
36,6731
37,6295
29,1430
30,7557
36,9519
48,8689
32,9696
42,8928
37,1155
31,3068
25,6210
32,7476
42,3944
33,4816
36,7960
33,1467
38,3143
25,4043
40,3687
26,6563
33,8433
44,0041
49,3908
43,0928
60,6382
35,1184
37,9870
35,9883
42,9736
37,3597
36,0032
56,1641
29,4910
25,9755
34,7626
58,7974
56,3663
31,8114
34,6615
45,6876
41,5798
55,6796
64,7746
44,4023
72,0180
29,5481
38,1602
38,1415
35,9503
36,6564
29,5896
21,3317
35,1171
32,9379
44,6249
44,8314
44,7275
41,1576
36,8172
42,9525
31,9451
38,0079
36,1612
61,0262
29,1851
37,8494
31,3891
29,8675
42,1749
42,2208
29,2267
37,8315
36,0837
52,8382
29,9030
33,0647
36,8709
35,6654
64,1920
35,6890
31,9420
46,5181
41,9825
37,1692
37,6252
59,3093
30,2114
26,8095
42,4595
60,9106
47,6338
45,3456
31,3539
32,5516
29,5116
24,0465
28,1490
39,7612
37,9725
50,1362
41,3063
29,2211
32,1566
39,3423
40,8024
35,8339
26,6260
44,9509
28,9309
31,6408
42,9293
44,5557
25,4155
34,3289
44,6443
49,8789
34,5982
25,7540
40,7598
31,7578
39,1125
28,8340
31,9473
32,3540
40,4646
27,4040
42,2067
51,1034
34,2766
36,8096
42,5774
25,9720
43,4297
56,7975
41,5930
44,6389
55,5120
31,0655
21,6803
48,3936
33,7862
41,9504
39,2653
33,3222
73,8189
41,9189
37,8819
64,7747
26,7397
30,4573
42,1368
32,7972
18,1140
42,1406
33,3093
26,1546
32,1425
40,7985
54,1338
40,2758
27,6191
30,3420
34,1086
34,5773
36,0021
37,8660
34,9293
35,5670
32,3324
39,2997
36,2695
29,1840
47,8054
42,7850
41,7444
27,4993
31,5808
35,2077
30,8123
18,5050
27,0779
51,4274
42,4159
48,2669
36,1516
29,1201
24,9604
37,9069
32,9937
30,8942
29,3829
16,3556
41,6188
37,7002
36,2624
50,9397
44,1998
42,2557
33,0854
31,0727
57,6243
56,7490
25,5870
22,3823
33,9764
28,1945
58,6663
31,6843
89,5323
30,0722
36,9833
28,3106
41,3797
33,8540
40,9134
54,9355
34,8796
35,2082
27,6711
45,7375
27,3461
31,4413
30,5258
36,2306
34,9353
22,2799
39,1773
28,8886
40,1110
27,8166
31,4477
39,2505
37,2436
33,6916
33,3726
36,8313
27,6634
44,6507
38,3487
36,7970
31,8086
31,4299
31,1792
32,3651
37,0125
24,3569
30,3058
35,4602
25,0515
25,6268
38,6313
30,3597
47,3543
49,3381
30,7665
28,9408
41,8889
28,8270
37,0204
17,9528
37,2434
39,1070
46,7016
33,2881
30,0989
32,2355
41,8806
38,0035
33,9283
34,4137
41,8534
28,4320
29,3131
31,2368
74,9951
30,7037
28,2917
34,1378
50,8958
28,9306
37,9856
31,5451
34,0276
47,6042
35,8824
35,9212
46,0375
54,7362
27,0060
37,4749
41,8449
47,5450
31,5179
39,3267
28,2579
36,5210
42,0211
31,1698
53,2958
34,8918
33,8707
32,9631
22,3668
36,6248
43,6451
36,1629
47,6811
47,9590
23,0862
43,3331
31,6765
41,6038
32,9567
45,9610
30,8881
30,8536
35,3920
37,5934
33,7661
44,8855
32,4002
46,6100
36,3304
22,3920
30,9955
32,5722
44,6912
54,1826
29,0216
32,1568
35,5235
38,1111
45,5271
28,4048
33,8271
57,8649
44,6629
44,1252
30,2715
46,9923
36,2739
40,3579
44,1175
43,1386
66,6916
41,0132
33,0481
36,8022
32,9609
39,5644
28,7349
39,5528
31,0066
52,7772
21,0141
34,2987
51,4972
29,4369
28,5594
37,8816
28,2504
61,6725
27,7395
50,8779
41,7146
62,4902
37,7392
35,9473
39,2720
29,5009
43,6014
43,5538
48,3339
32,3229
38,1473
47,3148
25,9665
37,9642
38,4415
22,0700
42,2702
26,1833
33,9010
50,6275
33,8637
29,2698
33,5263
33,5660
47,4505
27,9067
35,4303
27,9122
29,4287
37,8596
47,2401
30,7132
41,2650
71,5570
34,8423
31,6935
34,3684
23,2420
36,3760
36,9820
34,4607
21,4497
36,3804
52,1165
34,0805
29,4166
36,3927
30,1813
40,2563
22,1980
36,9615
34,9185
31,5931
38,2851
33,6401
24,4339
51,9324
56,9596
35,9882
40,5626
48,6603
38,5816
29,1550
47,6988
35,0897
31,1925
36,6587
31,3119
48,1590
35,8206
31,0084
29,3522
42,1892
27,7393
29,4999
33,8229
36,9696
35,8548
38,7109
24,2069
32,4230
72,6466
37,1907
45,2596
39,0244
51,4312
49,5884
51,0837
26,5131
25,8919
36,1335
30,3608
44,9089
45,4009
27,5071
39,0210
37,6196
30,8945
28,9732
29,1068
44,3071
34,6674
46,1937
55,7038
29,8217
43,2471
35,2095
42,8116
51,4812
28,6992
37,5423
34,3700
57,9196
38,4803
37,3743
27,8348
33,1448
40,2602
48,3108
29,2832
33,4219
38,3040
31,2037
42,4703
34,1606
23,4470
49,1050
57,7394
42,5433
49,2866
40,9900
26,8184
45,1344
41,5318
32,5340
30,6656
29,2493
37,6887
33,2585
42,7366
28,4198
38,5198
35,2539
49,0334
43,3320
40,3483
28,6721
39,4111
37,9057
38,1430
35,5120
31,8666
38,0525
40,9179
41,4499
34,6212
73,6426
27,3694
43,7076
30,5443
38,1573
46,6920
31,2063
33,6429
34,0371
43,3020
32,5703
36,4658
26,3904
58,9370
27,5667
27,7676
43,7071
55,3214
31,4443
28,4734
33,7785
30,6164
24,8194
52,7864
9,1830
40,0071
39,9801
29,3633
24,8940
34,1769
47,6278
39,0996
39,3237
29,9056
17,7155
33,0973
59,1158
36,6235
38,1921
38,7903
43,1358
37,2858
49,1911
38,9986
33,3497
28,6687
26,3619
36,0968
37,3385
50,9309
21,6911
25,9335
33,1556
43,3869
34,6976
39,6519
36,3737
33,8582
49,3687
23,5173
27,1819
22,7887
37,1319
40,5550
38,4196
51,1331
41,6588
24,7967
40,9522
35,5804
35,4636
35,1747
14,7595
34,7104
25,1734
38,5053
31,3870
60,8793
38,7933
21,5329
37,7031
31,4237
23,3554
40,5819
29,6199
31,7107
28,5923
35,7251
33,1639
35,0512
33,8676
27,7487
33,7308
43,2242
26,7495
35,7988
38,8382
44,3280
34,0124
30,4362
38,6435
34,5243
26,4137
33,2530
28,7679
33,0806
43,1819
31,2597
43,4146
33,0316
25,7275
23,9356
28,1640
23,0523
26,3409
39,8193
29,5160
20,8941
28,1752
39,8749
30,6665
34,1025
28,8865
23,1616
52,6104
28,5820
26,3640
34,5644
28,7671
31,3647
28,7883
32,1381
44,1503
30,8783
43,1307
30,0587
44,1327
25,3154
29,7256
37,0026
40,4592
36,4941
45,6326
52,4303
32,2091
36,5776
39,1450
61,7393
63,8679
27,7074
46,3651
42,4746
33,3410
30,3956
38,5496
29,1466
35,6436
34,6104
27,4143
38,1710
33,6813
48,4713
23,6901
25,2824
31,4244
37,2682
34,8056
61,1455
30,9770
38,8398
27,0004
27,0606
34,5353
33,4441
51,3241
35,6041
35,4929
46,0520
37,8470
31,5532
31,7770
38,7811
52,1947
32,7231
33,6611
30,2188
34,4530
30,5376
34,5349
26,1358
42,1782
31,0147
34,9797
33,9837
46,9261
32,2220
40,7571
39,9138
35,6111
41,9773
37,9946
43,7228
32,7052
31,7621
40,7594
35,1534
32,7115
31,4453
48,8452
27,1406
38,6562
36,8535
26,0893
28,2643
43,3884
43,2410
39,3709
24,0453
30,4845
32,6714
24,4638
37,3047
26,7605
38,2244
25,5867
42,6358
35,7123
26,0421
31,1217
39,7003
29,0002
58,1941
24,9693
37,3232
36,4543
33,6714
29,6085
30,8970
35,8322
60,6998
39,5131
24,0253
26,0209
53,7300
42,7664
32,6242
37,5493
28,0103
37,0062
40,6813
44,2177
34,5494
50,2757
34,1366
39,6131
25,1141
31,9558
44,3177
27,1217
38,0621
47,7817
38,2495
28,9411
43,2952
33,8265
38,4514
39,4806
27,8707
39,0705
33,9415
30,0527
25,7130
69,0782
23,3312
32,6488
41,9640
30,5858
34,6561
52,2348
26,5723
37,0350
60,5839
34,3165
44,0500
33,3899
38,6985
27,8902
33,7100
66,6656
38,8421
22,8893
25,4965
28,8777
42,2076
39,0063
25,1965
42,6944
35,8848
35,3773
46,5082
42,5088
36,7575
26,5441
55,0451
34,4371
37,6212
26,6699
31,1105
31,2004
22,1904
41,7636
33,5282
24,2500
32,4605
32,6980
33,3235
50,4228
27,8384
41,4865
44,4488
29,2803
43,0925
21,6236
44,2348
37,6533
38,3803
30,2406
58,1771
41,3473
27,2504
45,6389
26,6132
19,3661
36,3339
43,5960
40,1907
34,0391
32,6643
33,8556
39,7086
46,0230
35,2276
34,0930
28,5800
37,0801
46,4534
39,7013
34,3863
34,2469
42,8763
43,2611
36,4735
34,0873
46,3238
44,5426
26,9786
32,3943
28,1183
38,2314
36,3289
38,7010
49,0009
35,8377
38,3555
34,3312
30,9375
32,8422
30,7823
39,9435
20,9462
23,7613
37,6032
58,9202
29,0645
53,1152
37,3596
26,8063
49,2228
56,8588
58,0253
34,6024
40,8527
31,7015
36,8216
50,5799
44,8655
36,0995
34,5633
51,5349
39,8549
37,5151
52,9449
43,3210
34,3110
30,3910
44,3017
32,6374
32,5421
31,1474
30,6134
48,6483
36,2346
18,4436
31,1838
34,2048
39,0290
35,8712
42,0525
36,5499
31,1629
36,2321
38,5216
34,9100
36,8182
43,1269
35,4307
51,8006
57,9060
34,2331
43,3288
31,6508
51,5792
42,5535
38,8423
29,7011
31,5064
29,0483
29,6133
49,6955
43,4388
36,1931
36,6248
26,7277
33,5238
35,7283
30,2584
48,0663
39,8694
20,2923
33,1470
42,3350
48,2271
50,6138
66,1049
39,0755
45,9434
29,6707
33,3093
57,4440
41,6519
31,6319
52,9583
24,5533
44,3736
31,1610
52,7538
32,6999
35,3267
50,1108
38,0114
34,1456
39,0611
28,8193
36,9071
35,1973
35,5816
37,2628
34,9226
28,9045
42,1234
28,7406
34,3248
49,0887
41,8358
25,7210
25,1144
25,6440
52,3714
24,0124
32,2683
25,1889
37,0998
39,8393
56,3947
31,4442
13,1014
25,0262
82,9069
35,2158
38,0336
24,0650
56,4633
25,2757
58,0573
41,1874
42,0887
27,9182
39,7636
34,0295
34,0469
28,0113
44,0354
46,3426
31,2250
31,0496
43,8168
40,4227
42,7186
29,3985
48,9896
32,6523
28,0180
37,7740
36,1543
34,1228
25,0212
28,0931
25,6175
36,2877
27,6486
41,9698
26,6708
32,4294
38,5843
42,3158
41,8266
52,4946
34,5404
33,9775
27,2239
43,9407
19,2056
52,0453
33,1810
53,6447
44,4239
36,3875
45,9651
29,1421
36,7215
35,5823
47,1101
38,7314
34,7566
30,3111
37,2911
26,3769
39,4201
22,7044
38,2188
28,3258
36,6833
55,4713
33,9248
37,0484
41,9527
43,5634
27,8254
35,7474
57,4939
48,7446
32,1244
31,9426
30,1069
31,7011
38,0956
41,9454
32,3623
33,0153
70,2408
45,5298
27,1310
35,9019
45,6288
42,5611
31,0928
41,5542
39,5110
36,4635
37,4058
30,9333
40,0150
45,7507
35,5511
69,7769
29,2936
44,3190
17,4552
43,2594
34,8823
32,0871
36,9168
22,6643
47,9665
50,0231
29,1825
39,3248
37,0729
38,9521
37,0555
38,1718
62,4573
33,0904
32,1687
29,5061
31,6921
42,7596
43,8268
42,6455
42,8553
34,6283
68,0573
44,8305
37,1174
27,1277
47,5383
38,0504
48,5236
45,2415
46,4956
29,4819
27,7514
35,4997
28,9778
38,5618
55,1531
42,7852
31,5074
50,8984
40,3791
48,4564
46,7363
28,3987
27,8935
24,3211
39,2396
40,6640
40,4198
60,2763
29,4901
45,3894
53,8751
23,7973
26,1847
41,4806
28,8187
32,9919
35,3832
42,6572
48,7971
23,7133
33,4265
45,9760
24,5151
35,0387
50,5708
52,1403
39,1647
28,1960
57,9162
28,7209
43,2339
27,3467
44,6914
44,9151
52,8729
39,2348
35,2077
30,7631
30,8650
52,3360
32,2130
28,1370
56,7243
39,0097
42,2784
25,8182
25,0687
28,0470
42,1258
40,5573
28,1303
33,6549
37,4602
40,8196
32,3203
20,3542
30,5819
34,7375
46,3967
31,3205
49,2509
26,8387
39,6856
41,3855
48,6920
44,8410
40,4159
31,4571
45,7284
36,1879
42,8451
51,7148
38,6577
40,7943
32,8828
46,1959
43,0885
22,1101
31,3160
41,1958
35,2314
48,1041
43,6021
27,2748
35,4895
37,2477
35,8142
52,5207
39,2216
30,7238
36,4214
28,2453
46,1389
32,4381
37,5044
23,9357
42,7792
48,2411
26,5202
30,2656
38,9718
34,2286
25,2388
29,5026
63,8961
32,2452
40,5519
41,5849
59,5769
36,1506
41,1112
29,8425
34,4059
30,4478
39,0868
31,7543
31,0864
62,6067
31,4936
23,7809
35,4981
35,2667
50,7622
33,9729
32,9374
39,4165
47,2153
32,4914
33,1920
29,6282
45,3117
40,7683
56,6580
43,0902
36,2204
28,7675
42,9549
27,8069
29,7003
23,8222
39,8261
29,5811
34,4843
29,7038
41,7783
43,7026
28,3422
29,6397
51,9554
38,6553
35,6146
35,9476
43,3443
39,7673
41,3143
48,2477
34,3737
28,9998
29,7130
22,0957
50,1389
40,8562
57,2802
31,6263
32,0931
35,4881
35,4700
54,6702
37,0114
26,5761
41,2893
36,9100
36,0002
34,0537
26,9759
37,0574
49,3488
36,3611
39,6781
38,1520
53,0490
46,5842
26,7343
30,2702
44,9353
63,4278
33,7255
41,0633
36,7641
25,1442
33,5282
36,5374
29,0775
42,6656
35,8558
29,4253
29,0883
37,0603
30,8766
34,6458
46,9127
46,1144
40,4787
31,7355
30,0888
30,8154
36,7282
38,8480
47,5449
41,4362
46,6366
33,0079
33,7347
32,7484
34,6937
39,9411
35,8899
28,4653
39,4270
35,6324
58,4331
26,8435
37,8677
53,3869
46,1321
28,9665
37,0194
38,6638
38,6524
61,2694
52,2956
30,1705
33,2335
30,6381
26,6786
33,6853
40,4894
35,1674
29,1431
41,2344
34,5757
48,3903
26,6419
51,2203
35,2799
22,4581
40,9513
29,6855
39,3129
31,6096
38,4055
33,4254
34,5491
32,3733
27,4142
41,0392
25,8909
30,7958
25,5126
42,0599
27,3110
26,2687
32,2395
31,4717
35,2480
41,8029
43,5007
52,5472
21,8715
27,8316
40,4511
37,4685
29,7938
45,9771
33,4897
31,8740
26,2908
28,8793
28,8780
26,9725
45,2763
24,2319
33,5277
32,0963
51,4954
42,1029
37,6818
23,8792
21,9297
36,7252
43,1567
51,9108
50,9582
36,5502
38,1612
35,7416
26,5151
47,5987
40,8792
39,2579
32,7622
43,7494
48,3739
26,9429
35,5767
43,6067
42,7075
39,7278
37,0578
33,6998
28,4184
42,6584
31,3086
37,4747
29,1382
57,1553
26,4381
31,4747
46,5175
41,4928
31,7882
26,7576
34,8920
39,0133
30,2797
35,3023
39,3737
59,8724
28,9407
31,8677
28,1957
35,8261
36,7549
30,1600
34,8440
31,5562
27,0053
51,6528
22,4017
35,9704
20,9816
37,6921
32,3988
35,8828
35,3455
32,2653
37,6776
39,8521
40,9914
41,7209
50,7617
30,1830
22,4730
27,5075
52,4837
43,1363
37,7843
47,0138
44,1979
25,5440
43,2400
32,3913
49,5195
60,7102
44,3763
32,9926
51,1031
42,7825
39,0612
33,8205
41,0291
41,5545
36,5019
33,8911
32,3250
42,3076
40,4897
49,2490
56,2326
30,6317
26,1048
42,5399
25,4323
46,6337
36,9779
49,2135
26,8394
45,5689
27,6910
35,4302
36,8923
19,3961
46,3430
29,8535
48,8063
38,3429
32,7326
31,6004
35,6930
31,5446
37,3886
32,9872
33,4387
32,1028
25,3566
24,7831
43,2778
30,5173
43,1357
32,6845
44,1558
36,4384
35,2906
47,1265
40,3103
35,0561
72,6673
28,9970
39,7666
42,2043
29,0591
42,5975
26,6433
25,1932
29,1180
34,0876
63,6489
38,2740
37,6403
31,2263
32,2194
49,4032
62,6271
37,8382
29,8944
28,9379
39,8885
33,2192
38,9119
32,5889
34,6603
33,0873
37,7333
32,8180
40,6074
37,6077
32,0843
34,4800
37,2180
53,7997
33,0448
52,0511
50,4252
41,5962
43,0454
55,8728
32,9802
36,8503
28,9224
38,9855
31,7519
33,0712
36,1147
36,3201
34,9390
31,6689
40,1142
42,4790
26,1953
37,4931
32,5358
31,0536
34,5518
37,7847
40,3343
26,5945
41,6151
32,6312
37,9229
38,3235
39,9991
45,0247
36,7174
34,1137
35,7105
39,6457
21,8394
34,7671
29,8069
43,4774
26,9623
45,1174
41,5788
30,6974
25,6230
45,5726
27,7431
31,9340
33,8033
33,8016
12,2284
37,0338
35,9031
32,5142
41,5229
35,2882
32,6773
39,5748
31,8936
17,9701
28,6895
56,7592
34,0974
42,3750
33,0945
38,8733
23,1552
34,7380
27,3806
27,7599
26,2582
35,2612
24,8723
33,0956
40,3603
34,2299
26,3245
30,5604
49,9066
30,6855
31,8834
45,2203
42,5552
33,9226
39,8753
35,6356
25,1337
22,7633
36,1882
36,4754
21,6574
42,5097
29,4015
24,8018
53,2806
52,4129
32,2680
45,9467
50,5173
24,5308
45,8094
36,8845
39,5374
32,0191
32,7143
36,8978
34,6637
43,5758
40,1638
33,0860
23,5716
31,0702
29,3847
34,6598
22,9734
32,8280
31,5959
34,7476
53,8970
35,5017
36,6389
47,9373
37,1413
43,0772
34,3392
33,7805
47,7543
29,8921
44,8792
33,9767
39,9915
30,8452
42,6523
25,3652
35,7800
31,0870
83,5574
31,0491
39,6274
41,7299
26,3568
31,9365
34,7021
31,5573
49,0054
43,9064
35,5003
28,0443
41,9884
38,7590
32,5103
32,5492
32,9429
45,4205
44,3050
17,4824
47,4779
44,0147
30,2164
59,2993
36,1495
37,9381
54,0460
57,3893
63,7844
43,6385
35,8078
52,2548
34,7690
43,1101
37,7652
43,3669
30,4703
48,5402
27,6164
32,8775
38,7675
34,6369
36,9986
49,3062
32,7815
32,2441
27,0632
37,3962
31,1343
32,5114
32,7358
37,4600
28,9964
47,4304
33,0776
48,9746
34,3969
34,9659
46,0009
41,6333
33,5804
48,5950
33,3534
33,1418
24,4201
35,7625
34,8411
43,0032
46,7562
33,0405
29,2295
24,3808
30,9669
34,2879
42,3736
29,1781
29,5133
37,3976
33,8843
30,3164
32,5673
36,8390
45,4204
27,9133
35,6885
46,6628
36,5032
31,0737
41,9306
30,0913
37,4124
38,0082
43,9641
42,1869
39,8249
16,3952
28,1375
22,2428
32,2176
24,1910
31,4131
37,4174
26,0619
31,4119
46,9732
50,1332
42,5551
36,0279
31,9482
35,0979
39,6209
32,1158
39,0792
30,4961
33,1548
38,4916
48,4655
35,0842
63,6439
33,6629
39,8433
22,8957
55,0876
31,9314
45,0314
33,6890
32,5847
45,5620
43,7560
39,2805
26,8016
26,7013
34,2280
41,8097
44,8712
35,0285
63,9547
54,2548
56,2647
50,7115
37,3485
52,3189
50,7379
28,5336
30,9599
30,7528
33,8934
42,3207
33,0129
31,2986
24,9787
41,0264
31,7578
26,4768
48,2922
40,2976
23,5071
31,9002
34,9844
31,5092
60,8512
28,4079
30,8353
30,6270
45,9441
38,4809
25,0116
28,7711
39,5909
46,3427
54,6527
34,8915
39,5857
24,4511
59,2406
37,7656
40,5123
40,2458
37,0916
45,0260
38,2144
33,7774
27,9554
38,5307
43,0769
37,7025
39,0162
45,3446
43,8910
30,7626
38,1180
36,9398
31,5564
63,3220
47,3076
66,5756
43,6390
49,0432
43,2738
29,7683
29,0093
36,5515
30,7436
40,8225
32,2107
38,9856
43,7725
40,7971
29,7892
31,7875
27,6323
32,7461
36,7819
24,8388
33,6888
48,2610
27,8923
58,1533
47,7349
39,1906
35,8035
37,9864
40,6854
35,6619
37,4094
38,0209
43,3565
28,3181
47,7242
27,9011
33,1154
44,2216
37,5811
73,6588
47,5037
41,4205
33,4376
30,4182
37,3584
26,4282
28,2870
35,2102
40,7247
34,1490
37,2391
44,8947
32,9083
35,1826
30,6666
33,3723
29,6722
28,0757
56,8133
42,4886
57,9766
39,4635
34,2226
38,2122
40,2184
31,0384
33,4750
41,8569
41,9122
42,9185
39,2026
31,2821
34,8922
30,4020
34,6618
46,0357
31,9972
44,7812
29,9119
33,7107
42,6666
31,7038
37,0198
32,3529
33,6101
26,7484
26,4449
24,8050
41,1527
34,6574
30,6899
33,6375
33,2332
32,8576
37,2194
39,5063
30,8021
30,9993
38,5216
29,9499
39,2333
49,3293
32,6135
40,1429
34,0627
44,7332
34,3898
43,3817
32,2336
37,5799
45,2228
31,2461
40,5320
36,6576
36,1224
42,5059
40,5153
47,4332
25,4269
38,9425
22,2082
29,4038
32,6210
53,1770
43,2133
23,6832
32,8747
37,3278
37,8610
35,0022
45,3422
30,7196
48,1098
39,5537
45,9753
35,9217
31,9284
23,0873
34,9899
30,1055
41,5354
31,0696
39,7861
55,0263
46,9691
27,4896
39,8945
38,3888
32,6773
36,7781
38,7534
38,3989
36,3437
49,2305
45,4193
47,5598
35,7833
29,2009
25,7614
23,3349
34,0035
22,3761
28,4192
49,3969
48,5077
34,5300
31,5947
41,6554
29,1775
30,7528
38,9519
56,8221
32,7068
52,1871
21,2019
93,8806
24,2007
27,3443
28,8477
31,3321
55,6097
23,5261
33,0258
29,2533
36,6718
30,9332
36,3975
48,6462
37,1214
33,8508
44,9605
37,1921
40,7897
40,9663
29,8476
33,7686
30,9663
27,3598
29,9507
32,9894
24,2854
27,8287
40,1560
46,3995
32,0376
29,8949
47,1970
34,3895
25,3442
43,7806
38,3240
37,7271
26,2273
31,4983
36,5326
32,9335
28,3758
38,3906
36,1526
34,5305
28,0000
33,9606
34,9610
28,9019
35,8453
23,0546
47,9224
40,5845
44,3246
40,0167
30,6461
43,8830
29,9427
44,9828
46,4974
49,3871
34,5298
31,9314
27,4979
39,2243
37,3904
34,2923
25,0288
47,8184
57,6832
24,0704
33,3343
52,2684
51,7551
41,9015
48,1298
26,5698
32,7140
42,8336
36,6883
40,1702
42,3739
38,9664
52,7876
34,0216
30,9466
41,8030
36,4814
36,1463
34,8691
48,9627
33,2814
29,8972
23,2558
24,7196
37,8516
31,0021
25,4026
25,6657
30,9782
25,2564
15,6024
26,8668
27,1094
38,3504
37,7487
38,0155
45,6394
37,2334
49,7661
27,9193
48,0790
36,3174
30,7362
34,6041
42,9780
55,2059
36,3695
43,6080
35,5742
32,2276
37,0970
30,2287
28,5489
39,9927
26,0230
37,3774
41,9703
29,8678
34,7294
22,5216
33,5459
36,9292
31,8585
35,9037
47,4759
29,4089
33,8369
40,6758
32,3805
20,6367
35,3582
34,4324
46,9533
39,7171
31,6208
39,4212
33,3956
36,3923
24,6249
40,9882
29,1649
29,6159
51,0884
35,3308
24,3052
33,4321
33,4362
42,2772
41,4788
39,0344
31,7358
31,6601
38,8623
33,8218
34,3964
33,8819
42,2369
31,7651
30,8865
41,0997
41,0893
21,8305
35,4484
34,5147
25,5649
33,1468
44,3065
35,1292
37,5937
29,6942
30,4068
26,7998
27,9047
40,9857
33,5136
32,4763
29,7308
31,8542
37,4588
34,0063
38,3602
34,7982
55,0834
38,4539
42,7315
33,6025
32,8103
40,0017
52,5001
28,7841
30,8617
31,1136
21,1599
45,9281
33,3685
23,2762
30,9082
16,4748
32,2789
38,4487
27,9803
21,6380
26,6883
38,1655
49,3822
30,7472
38,4813
34,0432
56,8487
45,2755
40,7305
26,8755
35,8606
35,5782
33,3983
31,9196
30,8579
34,2198
36,5008
47,1619
42,7915
47,3784
30,1254
31,7032
37,6177
48,4850
31,5130
46,3553
26,4602
29,0816
36,4549
28,5670
26,0425
31,9800
35,6830
38,9494
38,9885
28,4320
44,7419
58,5316
38,4588
37,9335
42,8933
36,9378
45,1440
22,2322
44,0444
38,8472
37,1803
40,1419
43,4080
28,4391
30,6615
35,6994
38,8984
47,0509
28,6808
26,8691
32,6499
29,6373
37,7567
39,8114
22,0042
34,7131
28,8288
37,1808
30,9964
53,6661
45,0263
36,3696
38,4052
39,3496
25,0136
41,6299
33,4926
31,0483
28,0979
34,8802
35,5877
38,6820
29,0936
34,7321
46,9971
32,2014
37,8792
26,3873
23,9959
39,1337
43,8296
36,0472
25,7425
30,4011
44,3067
30,8380
36,6807
23,6276
47,2554
41,3193
46,1429
40,1929
29,7294
27,5051
49,5144
30,7748
50,4590
27,2835
41,4730
38,6184
38,3569
34,9255
37,5318
37,4974
46,2355
42,7071
40,5823
34,7792
40,0058
66,1639
26,7827
45,9984
38,4903
25,4656
24,8686
43,3666
36,9349
40,7281
36,7572
36,5868
28,4702
29,8854
29,4663
45,5149
40,4894
59,1993
45,8068
29,8951
47,9652
40,7504
37,1791
33,0051
34,3522
40,0051
47,8601
33,0146
43,9456
35,2603
27,2790
31,8927
26,8362
44,0808
25,6297
52,2817
25,0024
33,5765
37,3925
28,4404
24,8460
24,1939
29,0741
29,9694
51,1709
42,4795
27,7094
28,5897
27,8554
25,9568
40,0882
57,0401
40,0547
29,4459
44,8351
36,0256
34,4461
34,9941
26,2985
41,3594
24,9601
48,6663
49,1902
33,6523
27,9158
36,0696
34,2391
24,9793
38,5723
36,9698
33,3019
31,1287
29,0893
50,4252
30,7491
41,1105
43,4561
34,2872
36,6231
39,0710
53,5611
59,1452
44,2549
28,1698
31,6893
37,5490
32,6514
42,8081
39,3190
21,4299
31,4464
31,2751
28,1209
34,8721
44,8603
18,8725
12,3687
22,6261
40,1359
55,8023
32,2485
32,9569
35,9027
34,4036
47,9631
47,3327
27,8146
37,3476
35,7548
31,0447
32,6334
37,3450
37,2596
28,0799
28,2852
43,2006
39,0908
37,0245
22,4298
32,2649
38,8859
44,7682
33,3048
28,6331
38,0375
49,3374
32,5970
61,7656
42,4252
37,3549
25,1207
27,4216
31,3691
40,2926
33,2448
28,1520
30,8463
29,9021
30,9974
34,6715
27,7000
33,2041
38,5586
42,1796
42,9087
35,5779
39,2803
36,6620
50,7104
40,3942
53,6385
26,6931
40,0749
37,8594
24,6789
31,2347
38,1596
39,9608
43,2280
40,5067
39,8932
41,8181
31,7030
59,6071
42,8608
43,5111
35,6410
28,8999
35,6375
31,6019
56,4773
41,1267
32,3489
22,9196
42,9627
40,7101
24,9592
50,7416
31,0388
24,5694
23,3725
25,7934
36,9175
38,9388
13,1448
17,8470
34,4378
38,1695
29,9031
25,9018
30,7302
58,2594
39,3627
44,2259
27,2010
28,5292
30,5571
25,5421
39,2887
32,5607
30,8304
34,0117
33,2800
29,5213
31,9166
41,1051
43,8093
38,7529
40,2714
43,4961
27,9119
39,0783
32,9723
29,5288
32,7154
45,5367
44,8219
34,0315
43,1540
40,8528
47,6342
31,1416
35,9585
31,0245
37,3267
49,6688
24,8297
58,3701
29,5104
39,9443
31,7092
33,0395
26,6985
31,9703
46,9077
33,8512
33,1315
36,8878
56,7069
25,6076
32,5219
42,8766
37,7522
50,0026
33,1761
44,2880
34,0771
29,4139
24,5681
51,8914
29,4391
34,4862
41,3576
26,7854
69,2960
24,5985
32,7160
21,6204
33,3416
45,3547
59,1947
27,0088
28,7939
46,3253
38,4595
31,7315
25,2243
37,4467
35,8728
40,9856
45,1867
51,8319
33,5015
31,9393
44,8857
37,3973
35,2457
29,2249
36,0576
28,2096
40,4056
25,9675
54,0001
23,6386
27,1602
32,1011
27,8159
27,5773
32,1073
46,0922
31,5721
61,5934
26,3789
29,9832
36,5965
34,8404
30,4158
23,3225
28,5739
40,6341
37,9614
30,5107
33,1737
29,8122
32,1048
27,6324
39,5754
36,1202
25,9890
51,8347
41,7307
36,7956
41,5480
49,7988
28,5776
38,3384
27,5343
33,7389
34,6650
38,1724
34,4440
41,5684
29,6249
38,6307
35,9203
35,9709
35,9752
38,7235
45,9616
26,9828
28,3615
32,2513
34,7532
33,2307
24,6118
23,1915
44,6215
26,3305
32,6211
71,6141
36,1518
43,8957
34,3685
61,6877
27,7406
28,6341
31,8510
27,7050
36,3243
29,4451
45,4813
48,7231
35,8191
46,0321
35,2882
30,8850
34,0686
38,4806
34,8591
30,6075
41,6172
22,5421
45,0337
35,4239
37,9172
34,4292
34,0268
33,0430
40,3613
32,7798
34,3981
24,5486
31,9246
29,2508
46,5806
28,5304
51,9163
31,7177
48,6496
27,3633
26,3131
37,0065
38,6191
32,0913
27,8881
44,1098
29,4690
40,7847
33,9196
32,4252
26,2171
49,9808
36,4726
24,3479
33,4625
26,8869
30,9566
36,5227
32,7161
27,3701
41,3909
40,6875
20,5779
46,3859
42,8681
35,3971
31,5547
50,9857
36,2421
27,1699
38,7893
47,5584
45,5861
25,8366
31,4199
48,1115
33,3021
35,1431
43,7036
39,5072
44,2100
25,1168
25,4352
44,4975
34,4411
48,2613
37,8026
30,5461
49,3409
25,1081
39,1539
37,0851
39,8592
38,4826
39,2401
26,4124
46,2609
52,5680
31,7411
39,7000
30,5451
29,9717
38,9044
36,4079
37,2361
48,2187
25,7587
27,8857
41,9745
31,9275
27,1939
39,7141
29,6135
35,4322
32,6441
30,5948
43,7617
27,4252
36,8082
45,0570
49,0298
36,4454
28,2149
51,8808
32,5414
37,1756
33,0209
55,3164
22,5972
44,5014
39,9953
43,9281
30,2698
41,0997
56,2944
25,7316
24,0800
43,1460
28,7609
32,8541
40,6685
44,6182
30,1958
37,1397
51,4654
37,6706
27,5172
26,5878
32,8675
36,8760
39,8403
44,5768
43,6395
37,7256
36,2074
31,7827
27,9049
37,3817
39,3515
38,3192
50,5772
30,8364
25,8320
34,0022
32,8777
27,7167
48,4480
31,2910
26,1635
30,2615
25,5219
23,3499
24,1813
20,5037
45,7167
11,7261
37,7050
39,3413
29,3257
36,4824
41,5333
27,6043
35,3997
31,4964
21,9467
20,9848
41,9853
39,8718
33,7979
49,9830
42,3825
41,3826
33,5911
26,5845
26,3719
40,5063
32,6013
49,7530
39,6248
42,5617
28,0280
34,7203
43,2531
33,1635
38,7544
42,7501
53,0917
40,6902
43,5493
28,5753
26,2159
34,3354
36,6420
41,3929
39,2082
36,0929
31,1701
34,5145
43,3442
34,9111
35,5483
39,5193
40,8795
54,2656
32,7594
43,2660
35,3390
34,4900
36,2677
32,9108
30,3374
35,3842
35,3383
26,8017
25,1124
32,8436
26,0361
49,9008
24,2491
23,9905
36,5694
42,9544
38,5580
33,4070
32,4916
67,0201
23,8728
37,4817
58,4702
40,5388
36,5656
45,4424
22,8476
69,4268
40,3986
27,8853
33,6716
37,1641
42,3867
31,0607
39,8702
44,4606
33,5421
41,6163
51,5705
32,3352
29,2777
43,6948
32,0462
21,4978
40,3042
49,9601
39,5801
34,1224
27,9687
23,6683
40,2104
33,1659
24,5143
29,9921
22,0250
43,1911
47,7400
35,2675
32,0062
21,7563
48,4807
28,2257
31,0273
29,3601
38,3852
26,9693
48,4098
27,7998
33,4092
44,1240
40,3678
54,9995
27,6165
36,7164
26,2382
43,5567
51,0186
28,2280
38,8232
30,5798
30,3092
29,0752
51,6845
23,1636
48,2523
28,5063
42,8647
25,5769
35,9410
22,3467
32,7852
16,7100
42,0513
26,3369
35,9037
19,0596
17,7197
33,7190
33,3504
37,1149
23,5707
24,3108
30,9250
36,2938
30,7025
31,1254
51,8237
34,2222
51,2917
35,4584
42,2557
40,1845
33,0573
35,7776
52,6776
40,1362
37,4048
30,0777
25,2597
51,0668
37,6956
26,4853
30,7913
48,3826
20,1550
42,6919
28,2343
25,8531
33,1112
29,7111
29,4080
43,9379
30,7606
30,0558
29,2323
23,7914
40,0545
33,3280
33,1206
44,1433
24,6008
30,9657
14,7812
43,3213
60,6654
26,4368
32,1796
37,1396
27,9513
37,0781
52,2344
37,7634
33,3822
38,5807
35,3371
31,6549
33,6176
29,7459
36,6630
30,2851
39,1628
34,6802
39,8301
51,3247
36,9921
37,9014
57,8016
28,8276
33,7373
33,0912
33,7894
34,9072
36,2946
33,3785
29,2099
35,3113
44,2481
33,3059
49,9570
34,5733
33,9660
34,4562
34,2502
40,4631
32,6230
35,7614
56,5967
36,6482
36,7938
38,7150
38,8795
41,4729
46,9995
41,9367
30,8027
46,9278
35,6597
31,9706
52,6151
37,8903
36,4856
45,8712
45,7380
30,2471
42,4021
31,3789
48,5934
36,5786
38,6642
35,7585
34,8126
33,8943
36,9348
24,6372
29,0282
31,8935
39,7345
24,8116
31,1792
20,3409
26,2592
36,3138
36,7183
37,2077
41,7443
47,5852
32,3904
28,0971
29,0308
32,3466
37,4696
25,6529
29,5444
31,2098
30,8690
34,1815
35,9707
36,6704
30,4669
33,6594
36,2973
33,1790
47,2020
37,3310
24,5650
27,9134
30,5827
40,9536
45,5891
29,8376
32,6029
22,7070
31,5114
46,4320
30,5217
42,0233
36,9980
69,4102
32,7072
70,3793
52,8024
41,6921
39,6926
32,0994
42,5313
24,8642
45,0981
43,8208
48,6922
42,2824
46,4745
46,7950
32,3974
41,6497
36,5381
34,3611
38,3327
37,5347
65,5951
34,4588
39,6363
54,7517
36,0479
39,0777
23,8369
33,2431
51,4832
42,9961
33,4316
30,3011
41,9225
30,5330
40,0694
35,2385
58,9528
50,9520
39,3596
33,5881
34,8932
27,6717
41,8127
40,0473
31,4522
36,2375
27,1810
29,2250
42,8828
31,3950
50,3816
34,9158
36,2879
36,8444
43,5857
52,7256
39,2063
39,2208
34,0362
28,4996
44,4516
38,6188
68,2995
63,0674
35,1158
31,4768
35,1199
35,1870
43,9348
42,7404
32,6615
36,8927
35,1195
24,9069
36,7115
35,4037
42,1459
30,5618
38,3122
32,7479
33,4985
33,0665
42,1188
66,8517
27,9168
31,1389
38,6441
28,7898
48,0708
39,1097
21,2091
42,0438
25,6949
44,9262
32,4221
27,1302
22,3548
42,0862
40,1168
30,3802
27,8749
37,1286
32,7019
42,4548
41,0687
23,0887
46,6867
41,6352
27,0080
41,5368
45,5485
32,0473
33,1578
34,4608
36,6009
24,5117
55,0421
37,4007
34,1316
35,6598
41,5385
33,0945
35,2243
42,0760
28,3744
59,6152
33,8464
24,1670
38,6801
36,7568
33,8099
36,7773
37,0339
38,8906
38,0682
28,3002
45,1957
37,4252
37,5706
27,1104
41,6184
71,2293
31,2625
41,8126
24,1176
26,2112
57,4276
41,4746
34,2337
32,5846
34,6573
39,7480
34,4992
48,4011
27,4546
38,5637
42,4190
37,6236
28,6634
36,8425
31,5393
36,5167
25,1926
54,1280
28,5612
44,5208
37,0898
39,6189
40,2360
33,3152
21,4507
32,9256
25,3886
51,1888
52,3605
37,2983
33,5363
34,9378
31,7721
40,4209
31,3247
41,7594
37,2206
41,7855
50,5864
33,8419
33,4432
39,3644
53,1901
31,5512
44,4889
32,5212
43,9894
61,8022
29,5362
45,0448
42,8943
42,5259
45,5221
36,7351
49,0709
46,7212
48,7435
39,4056
60,9974
28,0436
40,2490
39,1652
54,0582
33,1384
42,0980
40,6718
40,2025
35,4853
37,4332
50,3314
38,3576
37,1337
31,0407
35,3039
34,7038
59,1346
28,3532
42,3395
26,8139
40,9900
41,5281
32,1875
28,0287
72,4690
29,4952
31,8033
39,1361
32,8006
44,1696
35,1305
55,5339
38,6020
34,9491
48,5580
29,7180
34,8676
55,1490
31,1846
31,4195
33,2793
29,1624
35,1210
57,5019
26,2610
38,1489
21,4105
37,7883
31,6850
38,9028
30,5824
30,7428
44,2761
37,8739
35,7687
36,9567
40,3205
34,4154
34,8282
28,8268
31,3401
50,0386
47,3030
41,6130
34,1862
24,9686
38,0177
32,5285
39,6497
28,8742
40,0710
49,3408
36,2609
40,4681
30,8313
31,7490
22,0801
31,9106
32,9067
35,8241
40,8353
46,4495
71,8957
36,6410
31,9046
29,5402
45,9260
37,4118
52,4851
46,7247
36,3164
31,6835
39,7488
48,7146
37,4377
28,6248
45,9181
31,4217
32,8981
46,2881
30,2371
32,0848
40,9781
42,9774
28,1182
28,2680
39,4792
34,8273
28,0274
23,7727
52,7964
32,8807
23,7233
36,7154
28,1731
36,9356
51,2759
25,0545
39,8386
15,0812
31,7066
41,5503
39,7298
35,0655
33,7720
35,8486
28,6580
25,6293
37,1445
25,7335
38,8816
40,6277
58,5142
15,3491
36,0015
23,3448
29,3593
38,6457
53,3396
46,8508
40,2811
24,1011
45,4701
53,7230
24,3121
23,3257
28,9781
48,6758
32,5160
32,3532
39,0680
44,4889
44,1599
28,9340
30,0674
32,7034
22,1761
44,2706
32,1074
37,1783
39,6969
39,5379
40,7542
45,7096
41,4232
27,7662
28,4190
38,1646
21,2189
33,7109
30,7164
38,5750
42,0217
38,7514
28,0502
41,0899
34,3875
37,9433
30,4276
30,4755
38,2471
31,1685
41,3600
48,5412
48,5288
50,9748
32,2098
45,7212
37,9477
35,2850
49,6317
34,1181
32,2207
29,4166
40,8852
29,5192
52,5677
33,7521
40,9793
28,6540
15,5329
39,6428
34,8600
27,5269
41,3622
45,6893
27,2951
32,3286
52,0528
28,2613
36,7486
32,9069
36,5054
37,9034
39,3839
42,6325
60,2493
29,0102
25,4346
42,3724
37,1184
24,8865
23,2623
32,2444
42,7553
31,1384
44,5910
46,1941
33,4024
31,2542
26,9546
30,8334
33,9065
43,3868
32,5371
41,7578
43,4620
57,7132
62,0368
37,8742
31,6429
32,2053
33,1574
45,7000
