11.0619
28.2111
42.5455
17.1429
12.6163
16.7670
35.2026
19.7045
32.1412
28.0234
5.8906
27.1175
21.0422
41.9275
22.6897
36.9445
22.2396
6.0055
16.3088
19.2950
25.6823
34.3371
22.0805
12.2357
30.0748
24.7508
36.6569
28.7426
28.2637
38.0034
21.2314
27.4102
41.0226
23.6776
23.2302
25.1850
43.1573
19.3887
13.9985
26.3674
19.0477
19.1043
34.1494
17.1126
24.3927
14.9290
17.5128
16.0421
21.0983
26.6594
10.7177
39.1193
30.7115
14.3778
8.5374
23.4000
36.9729
24.5333
24.6686
25.3810
18.3752
21.0759
47.5082
17.9162
6.6512
12.3939
14.5989
24.3596
43.8802
35.4750
47.0412
38.1494
28.9005
20.0207
-2.7606
29.6443
26.9731
14.8481
25.0250
22.2721
25.0078
20.3412
10.4564
15.1346
27.9273
27.6543
13.0193
37.1073
27.6287
22.9026
35.6508
12.1394
8.6151
13.1209
11.4407
26.0980
19.3600
21.0772
28.7546
8.3699
32.7155
20.7734
16.8642
13.7660
12.0946
13.1914
23.9418
19.9447
15.5109
5.3276
39.3054
13.4649
16.0053
30.8965
21.6658
18.5832
31.9689
40.2461
17.4693
25.7732
28.2569
16.0491
9.8645
34.1466
34.1052
8.3952
16.1575
18.4121
25.7760
18.4533
24.3551
16.5500
21.0565
31.7454
28.0579
31.8367
16.6396
20.1967
27.8114
12.1411
18.6067
42.7295
21.4252
19.9581
44.1450
35.3073
36.7586
26.3630
36.7926
30.8506
28.1141
24.2170
29.2090
12.6881
34.5762
23.1095
31.0219
31.4371
32.1904
23.9971
21.2056
35.4851
10.7211
31.1802
12.4191
36.6243
44.5374
29.6406
29.5907
5.5096
27.9038
3.5315
15.3191
22.1795
23.8321
11.7291
9.2957
29.3577
44.3086
28.1778
17.0785
32.9345
26.6938
34.6155
18.7206
32.9852
29.7527
20.0107
22.2404
21.1538
23.1676
21.4455
27.2400
27.0351
14.6423
25.8105
32.0965
5.9423
11.7312
34.3207
9.3917
28.7040
21.9581
9.3386
34.2574
30.3250
24.3416
25.6432
13.2010
26.5828
30.1996
31.9918
17.9779
23.7649
32.7489
24.9348
17.5802
25.0852
16.2526
7.5755
24.7303
21.3159
16.4827
19.6183
31.6799
26.7329
36.7498
21.5932
20.8602
23.6062
17.1014
13.0677
28.8619
12.5482
16.7336
25.0104
37.6143
31.6941
16.4286
13.5349
16.2514
15.7858
3.8188
12.0529
24.3545
36.3254
30.6673
37.9738
24.6940
32.1984
25.9156
17.0342
28.4329
26.7267
18.8515
33.1081
24.4236
19.7525
26.9629
41.0861
30.1279
23.5879
37.4579
31.0100
17.3171
28.8469
23.5302
32.2142
21.1212
36.5984
19.2472
Inf
8.2459
13.2893
42.5686
31.2272
24.4423
42.3567
29.8380
30.7703
34.7154
34.4438
14.7485
20.3881
32.5213
17.3501
37.2038
4.3781
17.2783
35.6874
38.8377
21.4870
28.9839
30.4289
22.8410
15.8345
40.4189
13.8003
10.7905
21.2053
16.5550
27.4647
27.7571
17.7489
25.2252
9.3446
22.8759
11.6884
17.5013
20.0508
15.3383
16.2870
13.3964
-1.1895
24.0228
16.3026
28.1729
30.0996
20.4226
14.3386
35.2904
21.6288
27.1317
14.3895
7.5041
21.1683
43.3731
12.2936
16.2599
17.6842
24.0519
12.2123
38.0789
33.0490
28.8760
32.6736
50.4717
26.5396
31.3101
26.0837
16.4492
27.6420
24.2430
15.6680
17.3729
40.0160
22.3218
30.5543
13.7835
28.0265
27.7095
18.5076
23.6566
21.3697
29.6798
26.3017
22.2021
36.5306
26.7831
18.1757
24.4525
30.4114
15.1231
29.0200
25.3962
22.3910
27.5920
24.2586
25.9430
30.5341
24.0505
24.4319
33.2781
15.6966
7.4096
12.7918
16.0481
35.4399
12.9737
5.4779
16.7117
17.8435
32.0728
31.4470
15.5487
19.1140
27.3111
13.2106
28.2934
24.1962
9.4642
9.1677
30.4511
21.7918
29.1013
31.5909
38.8125
32.2893
39.7675
26.1839
27.4081
25.0289
37.5864
12.7536
7.9188
16.3743
27.3436
29.2164
24.7820
20.2790
24.5718
12.4406
37.0847
21.5876
22.3357
18.5899
20.2684
31.8101
20.6911
43.5919
20.7275
10.8858
23.8982
24.1945
18.5189
14.1692
30.2229
34.1568
28.6549
26.1890
33.3626
25.0134
15.3922
33.0511
5.4529
36.6450
11.2783
16.9089
19.5234
18.6763
39.1496
28.8916
23.7704
25.8137
14.6590
16.7230
22.8380
23.1515
34.1460
34.4939
23.7358
24.8864
15.8704
38.2066
23.8697
29.1982
33.0724
21.2065
17.2547
37.1517
30.8986
29.9638
16.1314
27.0709
18.5737
11.9408
20.2051
44.0432
20.2208
27.3772
42.9370
15.5228
42.0869
19.4946
23.5761
33.1768
31.1134
20.6700
13.7326
26.1926
23.2028
36.9559
34.8133
43.5279
12.3317
21.5336
18.3639
27.2987
16.7809
28.0929
41.3280
31.1671
15.5406
26.9487
35.7145
12.6787
20.7655
27.7586
20.5994
40.4216
23.9579
11.9624
28.9466
29.4224
23.6117
33.0811
28.3647
33.3554
36.1979
26.7901
10.6692
12.1986
30.7395
29.8131
16.8224
17.8604
21.3507
10.4714
33.2735
24.6977
29.5082
37.0325
28.9028
38.0513
30.7811
19.2873
7.7106
23.8545
10.9957
15.1138
22.0617
8.5790
32.2485
44.5904
22.4762
12.0078
15.0719
30.3770
40.7580
29.7046
19.6523
15.8768
20.8812
39.7534
27.3062
33.4633
25.9510
34.4765
33.1391
32.2821
4.6295
16.7900
30.5052
27.0438
22.8207
15.4802
12.6762
17.9934
40.2385
17.6166
23.3928
33.2958
24.7080
37.2885
23.7046
24.2367
18.5474
22.4967
27.0659
39.4704
30.3756
31.2248
31.4855
16.5798
28.7726
27.2801
33.0056
48.0342
29.6173
35.1723
32.3307
32.6488
20.8337
29.3145
38.3333
17.3828
17.7421
19.4802
27.1425
20.6382
15.9098
21.2652
7.4787
28.9963
29.1451
19.0982
21.5372
10.3254
25.4708
20.3159
13.7512
31.8950
29.5687
25.8258
40.5571
17.1955
26.6431
39.0914
24.9205
18.8361
21.1649
20.1571
18.3446
26.8362
9.8079
24.1242
12.0464
32.7972
23.4025
23.2244
32.0910
35.8367
29.3931
32.8521
12.1343
16.8591
25.4822
19.9776
11.1159
32.7465
20.5559
14.9042
5.3056
43.8558
25.9913
22.5624
27.7732
18.1035
18.3023
15.6693
23.5430
23.3801
28.9414
24.0519
25.9887
30.9426
31.4809
9.7546
20.1555
20.3165
25.6363
30.2911
22.7282
4.0496
0.7553
24.2121
24.3146
13.8103
36.4453
25.0793
20.1895
29.1372
15.8486
30.3557
21.3293
38.9455
27.7099
23.3339
26.4100
22.1630
11.3674
22.4820
12.3304
29.3250
5.5193
36.9270
31.4265
9.7376
35.2503
22.8343
26.8348
22.9826
26.0081
19.6555
30.4014
31.0407
2.4048
25.7184
29.4530
18.0556
37.5044
12.8479
13.2825
7.7725
18.2739
21.3038
19.5216
38.2058
22.5862
14.8901
20.2390
27.2900
20.2509
23.3217
37.7707
19.5894
12.5091
22.1520
36.5754
28.0494
18.2329
32.9966
14.1600
28.5696
23.8635
13.3962
26.2505
4.9884
36.0132
12.6788
20.3410
39.4861
13.3875
30.0600
16.7552
1.7147
-0.4755
13.2162
19.8974
7.6008
38.7496
23.3627
18.6628
33.2694
8.1365
29.2872
11.0929
16.2891
23.3317
23.2919
26.4352
23.8941
4.6550
20.2403
25.0419
37.4610
23.4457
4.8386
22.0273
23.1550
8.0495
8.9082
29.4336
19.5708
23.7465
16.9266
27.0213
14.7027
7.1213
28.3588
21.5370
29.0942
25.1618
31.7267
10.2985
31.7284
18.0391
31.2327
31.2667
35.3974
35.0560
15.2981
39.3518
17.7907
24.7201
14.4197
26.0654
10.6639
24.5208
20.1284
33.9222
29.6565
14.1118
17.2869
22.6829
30.6817
29.1898
9.6494
48.1851
11.1683
38.2468
18.8536
16.8469
9.1498
24.4535
28.9476
18.8756
25.2390
20.9409
20.4372
17.5803
12.4510
24.1103
28.0320
32.9811
12.0078
20.1633
31.1982
23.8653
32.2859
21.3824
26.5723
21.3636
37.2426
30.5538
24.2661
31.5685
35.5653
20.1889
35.0697
1.2609
37.9895
18.5437
24.5627
27.1900
18.6911
23.2452
12.7940
19.8513
24.6021
25.0556
33.2423
32.5774
32.0404
28.9012
21.7533
32.6119
23.1277
21.5600
20.8374
19.8854
26.0472
13.9559
21.8491
24.5889
28.3457
15.9536
34.7416
17.9797
30.3254
39.6669
18.5109
9.6991
19.6170
26.2846
15.5151
18.1992
19.7374
16.8388
27.3459
27.9317
13.2888
20.4913
33.6742
38.0300
29.9353
24.8422
25.9884
39.6241
32.4454
42.5654
12.0756
34.1283
6.5767
17.1310
23.3326
19.4315
32.4100
34.2856
32.5954
15.3400
28.3346
14.3109
21.5056
2.3956
10.3943
12.7318
15.4478
5.3913
4.9927
27.9739
29.3592
28.0749
18.9528
26.7366
19.1947
30.7984
15.9734
25.5937
34.1724
9.3402
25.2891
26.7003
31.9924
27.5636
12.5717
17.3593
27.0637
39.9660
32.8937
43.6562
36.2583
15.8672
15.4344
27.3091
24.1402
28.7187
16.1207
14.8685
13.0293
23.9483
18.3576
27.3529
34.5965
32.8090
37.1763
13.5742
20.2592
20.3286
13.7974
21.6984
30.4106
12.8868
11.0300
22.1545
36.5195
26.8018
20.6012
13.8870
29.0471
19.6318
8.4456
27.2453
23.7379
35.3357
30.1056
18.4697
15.3988
16.8762
19.6731
17.2882
13.3205
21.7511
18.7929
28.2302
34.1703
40.9723
34.8137
28.6427
19.9130
31.3779
43.6646
31.5935
12.4607
14.7774
23.2577
24.4511
42.0585
14.2328
30.3112
29.9555
12.3989
24.7527
25.3544
22.3685
11.7070
26.4241
38.6510
20.6020
29.3205
46.0837
30.5137
25.5365
17.9052
21.8829
26.9699
26.9018
17.9871
10.7652
18.7470
24.6950
30.0469
23.4637
-3.9654
33.4458
38.6150
32.8940
18.1988
31.3108
18.0971
38.4707
9.9389
30.7339
7.9559
19.2091
21.6751
27.7068
31.5431
14.6602
23.5708
39.9867
41.4895
21.3142
14.7564
35.8337
34.3963
19.7029
31.3683
30.2621
34.6915
26.2225
33.5975
29.5677
30.7029
38.3331
23.3096
26.5275
19.4060
19.0005
48.2475
25.0048
18.4392
19.3114
15.6691
18.2039
10.6777
27.2654
16.9367
23.1093
21.6430
11.1395
38.3330
34.4056
14.4639
30.4551
19.3854
23.1784
30.1806
15.8271
39.0131
37.5125
13.6829
24.7643
38.6798
11.6938
37.8699
20.5851
31.4485
40.3541
19.0247
28.7197
41.3598
23.3529
16.8923
15.1465
30.3698
11.8929
27.6656
25.5105
23.9188
25.0148
37.1827
38.7551
32.8269
17.5836
5.9097
21.7063
37.7862
14.2812
23.5176
34.0007
41.5882
34.3587
20.6184
23.8173
31.4961
6.9956
29.8630
27.5951
28.9210
35.2827
29.0609
23.6850
30.3886
17.2172
18.8137
10.8953
32.5482
34.0917
17.8285
33.3404
16.6898
13.3237
4.9862
20.6171
24.5423
13.2065
29.1261
39.3642
21.3561
40.7171
17.1793
38.9167
13.6212
22.9715
35.0641
26.9283
19.2383
36.4395
39.1357
30.8817
17.2695
28.1193
24.2168
18.6244
17.8099
29.0055
20.4465
38.0564
32.0857
32.9507
41.9930
29.0984
21.3528
29.5103
5.4320
6.6064
51.1429
18.7419
16.6774
21.0972
25.5684
23.2340
38.6806
26.0775
17.3661
17.2890
6.1958
14.8036
15.3778
12.7157
31.5078
22.5487
35.4043
15.8874
34.8506
14.0225
22.3222
-7.1040
14.4382
19.7330
34.1718
31.4715
23.9340
15.5564
22.0748
15.2376
21.9979
34.2176
25.8212
36.7469
22.2230
22.0661
17.7681
30.4481
12.9106
41.6817
36.4699
16.8467
35.2757
25.1033
30.2819
12.7233
22.2920
34.4432
21.1560
23.7835
28.5213
19.2807
34.8814
27.8253
34.1051
33.4422
24.0047
35.1503
25.5195
34.3113
24.9120
39.2375
23.6737
26.6535
39.6509
18.3874
17.8359
14.1202
44.1405
27.5559
20.7287
11.8685
32.6347
35.8650
13.6811
36.8489
28.9391
19.7406
6.1975
26.7875
45.4022
17.7156
34.4029
19.6105
32.8073
24.0381
43.1670
24.1655
32.7443
22.9396
9.7956
25.3874
13.7215
13.4588
15.2814
4.7849
21.6277
43.9547
12.2744
33.6283
15.8496
11.0703
19.2246
10.6261
28.3834
33.5270
31.1059
16.0303
20.4921
32.2570
20.1911
28.9905
17.6758
39.5469
24.9454
32.0480
12.8234
35.3797
26.5556
21.3963
17.3514
27.0039
21.5263
26.4190
22.2693
30.8988
35.5816
21.9417
41.8922
16.5785
21.1800
23.2586
-8.4822
22.3124
28.8110
32.5904
26.1059
14.8564
27.8717
12.2488
14.9719
31.9810
31.1353
18.7732
19.5957
30.5736
9.6310
35.9870
21.2477
6.3914
16.4946
37.2793
33.1254
19.0071
24.8144
30.3431
26.4085
28.2740
9.9745
12.5419
54.3603
24.0515
28.6963
29.9087
27.1352
18.1747
24.0881
24.0745
23.4552
37.7745
38.4722
32.5389
30.2786
5.4758
40.1916
18.8686
25.6766
15.9894
21.5607
23.9726
20.0598
20.9350
20.0934
34.3806
32.1518
34.9111
22.6254
24.7779
15.5356
28.2604
29.1430
29.8031
13.7086
29.4040
38.0155
17.1662
27.0163
40.8048
13.0609
16.5292
21.5074
21.4962
23.4559
19.6839
17.7369
15.7381
15.4084
16.3688
36.4900
35.8342
30.1969
20.8058
17.2298
36.8525
18.9371
27.5521
31.5960
21.0860
26.2834
33.5606
23.7147
39.2778
26.7882
5.9705
31.0746
37.7586
33.2325
19.8994
16.3092
21.9429
11.5654
20.0517
36.0815
15.6351
30.9786
24.8813
38.9256
35.8477
27.3160
22.5648
27.1524
36.7735
26.3877
20.2366
22.3161
17.3079
19.9974
31.6919
32.3476
31.0173
36.6114
25.8080
24.3391
36.1490
18.8048
27.5226
29.9076
28.1363
12.6666
37.9697
22.3899
29.6180
38.0278
22.3126
19.8085
19.3091
9.4119
17.2371
35.3451
22.1792
1.8532
29.2207
37.3551
21.9842
20.7323
29.4383
30.2468
47.3646
33.9787
10.7457
16.8686
27.4315
24.8126
18.4999
24.9961
39.9493
12.4394
26.3466
38.1702
42.0447
11.6311
8.0636
28.7976
7.9441
14.4425
14.9512
23.5725
19.9156
28.6909
26.4955
27.3801
47.1861
27.7147
23.0591
28.1197
26.7168
20.9753
16.1438
31.4589
4.7669
9.1927
29.1981
34.6448
21.5034
19.0682
28.8663
36.2104
34.0800
27.0938
21.7577
25.5687
31.9301
13.5803
38.0382
23.9754
20.6454
18.8827
37.1693
39.7003
25.7033
25.5616
23.5090
19.7018
20.5743
9.8918
36.7729
-0.2091
14.7025
8.2081
-2.5685
8.3349
19.1819
24.1405
27.5603
16.6336
35.8297
25.3640
11.1163
17.5255
19.2587
29.5236
22.0371
31.4604
24.4363
25.4740
32.4532
26.1948
19.1669
24.2671
19.4693
27.4715
24.1246
30.3951
26.5108
22.0883
4.2368
22.2681
11.3387
23.4297
39.9632
30.4049
29.2733
33.8287
29.9318
16.9786
3.9527
31.2032
25.5897
21.6687
40.7395
32.9476
25.9481
8.9719
23.7628
18.2699
24.2988
7.8777
37.7310
23.6460
21.1226
11.5566
14.9231
18.3511
20.0137
32.7110
23.4949
31.6340
28.9286
29.0448
17.7016
15.7082
37.3302
37.6952
20.2240
33.5167
19.4476
2.9577
10.4034
12.4704
26.9317
38.4058
21.4298
22.8028
38.4080
23.3962
13.8334
28.0549
18.6392
20.1621
25.8951
20.8120
23.6822
27.7449
18.2218
14.5875
21.3071
15.7457
26.9045
27.5425
30.2461
17.8412
17.9087
29.6875
17.8554
24.2220
23.2528
16.3514
23.3185
0.8557
31.0430
31.4618
32.6813
40.6177
26.7125
29.1947
27.8411
31.1871
21.1335
17.3028
18.0877
41.6740
28.2566
14.2564
17.9017
30.5294
30.9221
28.1495
26.6248
10.1607
16.9221
20.9338
27.9334
18.7050
0.9848
14.2148
20.4113
31.8435
28.4752
19.2560
22.6605
25.6454
32.8387
13.4748
31.9212
37.4512
24.8752
26.7536
12.8334
31.6512
26.9736
12.4134
32.6297
29.9294
12.3931
28.3257
39.3466
33.4963
2.8773
4.4924
6.9147
26.7640
9.3037
42.1002
29.9899
32.5660
40.0777
22.5847
23.7721
16.8208
39.5451
32.9644
25.0676
33.9099
13.5794
14.2017
21.6722
32.2819
19.6411
25.2300
26.2495
27.7604
26.1798
41.0561
37.2020
18.9901
19.3084
25.9398
3.1888
24.2198
11.5358
29.8340
38.3250
35.2047
16.9439
21.8250
25.0503
28.4956
25.8772
35.7410
42.3629
9.4144
4.4247
11.7150
9.0872
16.2365
26.7764
9.0052
8.6522
32.9276
27.7270
17.3543
36.1086
30.0169
18.2345
18.3872
40.0432
17.0577
36.5684
22.3978
8.9770
33.6883
27.8783
35.9912
29.7461
13.7577
7.6319
-2.8864
32.3602
34.8599
18.6669
22.4279
2.8820
11.3234
14.2780
37.6738
17.1048
34.9374
33.4500
37.8099
14.3502
21.0953
27.0257
22.0719
21.5416
25.0216
28.9470
35.3325
33.1409
30.6990
30.1484
20.1109
14.6359
31.6325
14.1189
17.4005
29.3193
22.7269
23.8332
24.1586
17.6178
23.8487
27.6301
30.3262
16.7450
33.9801
37.8056
31.7034
14.5325
32.4756
15.1610
15.8720
19.1081
25.1689
25.1871
19.6116
22.6443
36.1383
41.1105
34.2584
13.0020
18.6734
31.2608
9.9451
14.8494
15.6476
33.9665
16.9997
19.5490
12.2781
17.4836
8.4189
27.8822
16.7885
19.3614
0.2383
16.7310
28.8820
36.7346
31.4505
27.7792
31.0117
28.1991
12.1472
21.5156
26.1603
32.3428
22.5470
33.3407
39.2865
21.3467
15.5187
23.1671
27.3413
26.6742
28.7823
13.5810
-13.6840
19.0716
21.0704
18.3016
29.7670
41.2439
23.4229
19.1313
20.0967
34.1860
28.7066
32.6854
34.0259
22.9645
24.0071
19.1261
25.1670
31.7668
37.0598
21.8989
24.3131
27.8181
16.6345
32.4631
24.9981
24.3403
21.4941
25.7089
31.2136
8.1716
17.7484
24.8073
28.2707
19.2587
30.6007
26.0339
41.2270
12.9632
33.2529
29.1753
40.0873
32.6888
21.9002
18.4592
30.1085
33.3143
19.3480
20.5858
40.7392
25.0453
18.1049
29.9249
13.6757
6.6632
32.9352
19.4117
21.6123
11.7514
28.8524
25.2576
19.6015
30.9911
26.7425
17.5440
31.9893
39.2070
27.4232
30.0011
31.1904
29.1613
34.2570
7.3143
31.8126
26.1336
20.8695
18.6957
18.7782
34.6855
29.8463
31.9632
15.0090
32.6406
25.1614
22.2728
35.8418
26.9991
6.7480
18.0342
24.2100
29.8530
15.2868
23.1021
32.9453
31.2596
26.1807
34.3193
36.1664
29.1449
34.3666
32.4803
37.1274
31.2876
14.5669
39.0352
33.8781
36.2289
24.5119
24.1016
24.8997
22.7741
21.4407
15.1306
25.0644
35.3662
12.5907
27.7873
26.7265
31.4425
9.3991
21.4755
32.4862
11.5446
28.9024
25.7859
20.3314
24.8123
29.0155
37.3251
24.3667
21.1596
33.6982
23.2212
30.2171
12.2684
25.0504
33.0433
8.1110
26.7628
38.1560
15.9200
29.5727
29.8354
38.4875
24.9501
7.6968
18.3086
30.4112
17.5945
17.9289
23.0059
24.8296
12.8561
22.8703
17.5420
21.4635
18.6012
25.2813
23.1648
15.0694
39.4245
27.0234
43.9276
38.2055
15.6629
24.4699
27.6535
20.4738
33.6352
34.4911
17.6968
19.1231
15.9718
23.0508
35.7988
11.8104
41.6033
33.0520
46.7932
18.6772
18.0971
30.6364
28.3251
25.8167
30.4692
41.9071
30.2999
7.7789
25.3172
31.3659
27.6603
11.8705
18.0952
34.1686
21.0829
17.3031
41.9930
20.2382
18.0923
16.1364
16.0361
12.9609
28.8104
14.7705
28.9228
27.5511
9.1065
21.4628
44.9106
27.5040
14.8378
14.1345
29.8501
21.2160
34.9289
21.1902
26.1464
27.3547
23.5173
21.2640
40.4608
17.9232
21.1482
22.9577
14.6979
39.5217
30.4428
44.3089
35.3815
23.2027
14.8657
18.6184
22.2195
30.5847
19.3654
23.3611
28.2367
27.8032
17.5429
14.0247
15.5446
23.5896
31.2275
34.6885
36.7642
16.5293
42.4354
26.3969
26.1168
18.9480
13.6817
25.5053
22.3058
20.4826
10.0636
33.6399
9.7383
29.9268
12.0335
26.4002
36.7958
29.1040
40.9218
21.9286
23.4059
26.8700
30.4105
36.7108
19.6441
30.8506
18.7227
29.0697
24.0583
15.4758
6.4373
16.2294
18.0215
24.1390
27.7747
19.6991
18.7620
31.3582
20.9984
26.5955
29.4996
17.9318
11.8751
31.8807
17.0358
19.0577
48.9679
32.5749
26.5005
33.4018
32.3007
10.8273
20.8194
36.9313
31.1733
27.7359
26.5320
24.3410
22.1719
45.8063
36.9748
28.6992
23.7963
31.8052
34.5971
37.0327
42.3189
24.4585
21.7783
27.3076
18.6061
33.8517
22.6710
23.9959
28.7525
28.4901
26.3088
33.6180
21.4797
15.2671
38.8291
30.9168
28.4854
33.6952
34.0751
34.8116
13.5643
13.2073
16.7364
39.4964
13.0805
14.8404
22.0568
17.8969
35.9363
34.8222
29.3425
21.4264
11.2457
35.6966
-0.3195
30.5564
25.1613
33.3313
22.4799
21.8818
21.7986
27.4103
8.6224
23.8264
20.5527
22.1375
12.7725
17.7138
8.4351
0.0992
17.5089
39.3051
17.3241
15.9299
20.2919
21.2688
28.7593
28.6218
5.3533
27.9141
37.9440
22.1233
22.9050
17.1758
13.1979
27.0328
33.7804
27.8969
27.0986
24.5596
30.9540
24.4975
17.0860
30.9585
34.1091
19.9128
25.9612
29.7247
15.7536
21.3289
18.4167
34.3102
36.3913
11.9988
19.8731
22.6587
33.4131
22.9538
30.9073
34.4496
29.5054
33.1882
10.2289
21.8527
9.9178
37.9807
10.3580
13.3765
25.1733
31.7504
26.5134
39.2541
10.9309
29.4816
20.9839
28.4927
16.9556
36.8165
30.7889
25.9184
21.4082
21.2695
33.7952
22.4745
24.5021
23.7532
17.2877
9.0450
-3.0281
