22.0549
26.8122
53.8977
30.1567
36.0426
34.0260
24.4765
29.9149
26.8868
37.5686
30.6477
38.5291
46.9534
23.2384
38.9226
40.6099
32.6250
33.5377
37.1866
26.9769
46.0066
31.7353
39.8864
36.1745
37.2607
26.6831
58.3761
31.9795
46.4592
33.9329
43.1620
26.1957
30.5911
34.5219
67.5390
54.1356
29.9455
23.9913
24.4980
35.3891
28.8555
25.3661
26.9608
34.3076
38.6165
35.9126
35.7054
22.8206
27.7492
36.2611
65.2417
43.0699
46.8973
24.6206
18.5261
34.7072
34.9400
23.7199
31.3854
48.4197
38.4812
26.5151
37.0781
38.6607
30.0166
30.9397
38.8762
32.4777
24.6129
36.1042
62.4320
24.7573
41.3934
42.9694
45.9430
36.4851
26.0100
61.2806
26.1812
33.8076
39.7562
48.7868
49.7062
36.1823
29.2101
46.0688
29.1758
29.1233
27.5693
26.6314
29.5721
44.7595
40.9036
27.7365
29.6687
30.6920
40.9786
21.9694
38.5760
40.7473
33.9814
23.1751
62.8841
20.8190
20.8877
26.3700
30.4201
37.5379
36.2469
32.5514
58.7174
44.1665
41.7699
32.0286
34.6055
35.4493
37.0255
34.0190
35.2825
21.3299
30.3519
40.0594
30.1913
31.4669
49.6353
20.2445
47.9580
53.1272
46.1443
51.8689
19.6436
22.4638
34.8631
41.0714
40.0408
31.8068
48.8434
38.2290
28.0763
49.7766
27.9360
33.8323
20.1436
45.2868
39.0756
33.7769
36.8046
34.1551
30.9457
45.8749
39.7258
19.7978
30.1268
39.3970
51.8423
37.4974
42.0663
42.1396
34.7992
42.7834
24.5136
44.7047
38.9407
37.6555
57.5040
35.3677
26.2788
36.4642
31.1439
34.7688
51.9649
42.8711
40.3033
43.8038
31.3995
34.8712
37.6842
50.5860
22.3911
30.2320
44.1410
29.7415
28.3488
46.5121
31.9587
53.5933
37.2486
38.8931
62.2366
29.8707
25.5277
35.8328
32.1313
30.9358
49.0807
25.3405
33.1363
54.7462
51.7821
44.5433
29.3801
13.9921
45.1313
33.8823
43.7972
32.4589
49.6639
23.2487
39.1797
39.5496
39.3396
49.7198
36.4005
38.2938
36.5883
37.0670
47.9033
31.3064
28.1932
62.7726
27.3730
31.7423
28.4952
35.8831
18.4359
47.1482
54.4966
36.7903
27.3629
34.1385
32.5427
33.0389
30.1302
33.7476
47.0859
50.4236
28.6061
49.5854
40.1220
44.5575
27.8582
37.7575
69.1272
39.7097
22.2801
28.3670
39.4415
16.3196
26.2147
21.3035
31.9171
32.1015
59.6334
29.8950
29.0241
30.1346
56.1486
26.6126
33.3453
41.3623
33.4027
28.1671
33.3100
29.8995
27.5786
41.4136
29.3988
30.4801
37.7326
29.5367
38.6948
38.9293
29.4986
23.0002
35.4864
22.1855
38.5623
36.0446
32.3318
53.4263
28.8375
41.5573
27.9904
23.7246
42.3101
43.8299
25.3846
49.2775
30.4898
22.5653
30.4462
31.5924
24.0143
33.6227
43.2767
32.7043
42.7392
25.8423
41.5560
28.7600
27.8746
38.0045
30.7338
44.2317
48.0017
41.0454
48.4802
23.1094
40.3580
25.4520
38.4932
41.0462
35.2274
31.8697
33.8714
41.0004
26.6670
43.4473
38.0086
36.0178
35.1864
55.8019
36.3646
43.8289
30.7948
31.0752
31.0507
31.2078
38.6320
46.6028
44.8004
34.5861
30.3250
36.0849
32.8424
33.8411
19.0689
29.1809
74.7757
35.2082
43.4260
27.5158
52.3261
50.2658
43.0392
33.8061
37.6233
29.5397
45.8028
29.6241
35.4062
26.8970
27.2694
30.4034
42.8565
34.0201
43.3298
38.9133
53.7824
22.6636
42.6499
45.4754
39.9061
39.6726
38.2760
38.6382
73.0985
60.4443
33.9211
30.5123
22.3587
31.9783
31.7785
30.0020
33.6365
36.6483
32.1528
44.5652
42.3410
42.7749
42.8777
50.5409
51.6606
40.6173
38.1202
30.0515
25.2123
38.2819
42.6809
23.3869
18.1496
40.9209
24.1546
34.0666
27.6164
11.7254
48.8848
32.8819
30.1793
26.7644
34.2962
35.4237
47.5651
37.2377
44.3280
38.0081
34.3619
32.2740
45.6209
34.2931
36.0385
23.9425
39.7249
34.4748
46.2037
32.2695
38.9927
38.8079
22.9543
40.8421
47.0777
26.6243
32.2977
28.8322
36.6877
26.2397
22.4759
28.1662
29.9041
38.8160
42.2880
32.4618
37.1023
24.8495
41.1019
40.0030
32.9973
40.6355
37.5741
33.4784
31.2611
26.0857
26.9112
40.8556
32.3122
26.6936
31.8139
35.2369
28.2853
29.8291
33.6548
50.8712
30.3207
44.0158
32.5159
24.2181
35.3070
34.5502
38.7387
18.8251
39.7951
23.4449
42.3982
40.0743
30.3906
36.0722
37.3526
33.3670
30.0498
22.3502
33.8297
25.4257
35.4928
37.0305
33.7630
60.4956
39.1780
32.2958
37.5655
33.0082
36.6890
34.7803
38.3450
29.2922
31.8453
29.2576
33.0420
45.0783
22.8893
44.3364
40.7570
29.5075
46.5818
43.4275
27.3172
27.8477
36.2083
33.2689
36.7174
41.0186
33.6511
32.2448
31.1399
40.5524
30.8318
39.8960
31.7179
32.8871
40.0072
30.0924
35.2936
28.7447
34.4187
26.9715
41.8138
29.8659
53.4187
50.5679
23.6762
26.7731
25.6567
26.5821
27.6920
31.6644
28.8985
27.9700
34.3900
35.0857
36.6028
46.9982
20.9437
24.3276
25.4233
19.4968
31.4875
36.3399
34.2554
50.3399
36.4909
26.1075
34.1617
38.1408
33.8252
21.4684
22.9528
28.5245
31.4823
30.4403
51.2584
30.7070
41.4559
36.7080
45.4720
35.1288
38.4559
43.8173
62.8727
27.9048
34.4740
32.1827
32.1251
32.8731
27.8480
30.4629
28.6704
36.1603
42.3875
38.4884
33.6579
36.5856
18.3914
33.7352
33.8709
28.4443
23.6452
37.6239
33.1801
48.6999
54.1719
33.1421
34.4116
40.1882
32.0552
36.9842
31.2694
34.1361
57.5345
36.2743
26.4113
27.1608
45.7391
36.9697
28.5857
25.4651
33.8318
33.0627
52.8876
35.7317
40.6339
45.9747
30.9721
32.0321
39.4873
30.6795
44.8666
37.5960
43.1341
34.8581
47.5744
22.3041
35.4737
53.9046
46.3449
32.6825
41.1878
26.9377
26.4506
30.4176
29.2811
32.2657
31.5632
34.4941
39.6277
49.9260
22.2658
31.5714
20.5675
28.9784
39.7994
48.6601
23.3024
32.6512
37.6724
42.0562
44.6497
42.8759
51.4402
25.2051
29.6719
43.2482
39.6870
50.2730
33.7217
45.8323
30.4563
33.8805
28.0872
31.7628
38.6030
33.8091
29.0013
42.1864
37.6423
33.3328
31.3583
45.8756
33.7238
38.2614
39.0356
47.1181
39.8627
36.3942
38.4360
24.0105
33.7180
36.6360
25.7030
29.6888
50.7925
30.4534
24.8877
28.7149
36.1101
27.9350
32.2023
27.5506
31.4205
35.7747
36.9584
32.5806
37.1829
34.1627
31.3618
49.3965
26.4223
38.9379
35.2481
32.0570
35.8958
40.6584
38.9665
26.8670
26.6539
30.3938
50.6179
54.3749
51.7704
47.6821
36.1283
36.3359
34.2154
19.8232
39.2910
45.3645
27.3673
31.0302
33.1422
57.9338
20.6119
33.0416
33.1623
34.7698
21.3285
34.4913
54.0956
32.7363
24.2972
44.2693
30.1043
42.9479
38.5813
40.4749
44.9384
26.9618
25.8602
43.4184
26.3103
33.3480
25.7127
28.1669
46.2137
54.4767
63.5143
38.5118
31.3415
34.7727
29.9142
28.4133
32.7310
24.8291
38.0890
42.9718
31.2277
21.5077
30.4308
31.0769
28.2782
37.7949
28.0442
21.0731
17.7209
46.6638
29.1591
27.8585
37.7766
31.2795
44.8722
33.0683
38.0028
32.7441
32.5878
44.2670
25.1996
39.9929
27.3665
55.6010
37.2063
35.1757
58.1425
21.1332
34.3170
42.4074
24.9301
32.6603
40.2709
43.8842
40.1550
29.1598
46.5457
29.1520
42.0220
41.2736
19.9851
53.4892
36.6176
15.5096
40.6612
30.3206
29.4982
29.7586
25.6475
23.7005
34.6971
31.3871
27.6779
45.3127
43.5068
39.9964
31.6930
25.0265
45.6776
30.2538
44.8525
39.4244
34.0070
24.4009
25.7867
24.6821
46.3314
36.2545
64.0147
31.2343
31.1514
32.9019
33.3231
32.6540
23.0824
27.7120
38.4190
41.3673
32.5345
32.5441
26.2026
37.7064
43.3693
41.9224
33.6192
40.8914
30.2523
33.0807
31.1124
46.0387
28.2733
25.4233
25.2941
48.0059
46.3721
36.9371
30.4450
36.5503
35.9474
31.8408
45.4415
38.8982
40.4996
31.5401
23.2804
45.7364
52.1084
25.3159
38.4240
41.2174
33.7482
28.3958
27.0107
29.5937
20.1001
34.4605
29.9723
27.0534
19.5159
28.2394
34.2247
36.7430
40.8673
34.4568
30.8491
25.9958
22.3539
45.9050
21.8791
31.7182
31.3654
25.2716
30.0813
36.4005
34.3105
32.7477
28.1415
32.1194
24.3932
28.9926
26.8816
42.5585
52.4596
26.1952
36.4410
43.8604
30.3964
42.7335
19.9534
34.4122
31.4360
25.3432
51.2854
21.7336
35.3816
24.9680
33.3859
43.1964
42.3629
28.7340
31.5020
31.4163
26.2349
52.4463
37.1669
36.0706
39.3688
29.9876
36.8676
40.9663
40.1334
38.6977
38.4341
37.3282
30.2798
35.4381
33.5823
21.9828
43.2367
29.1429
31.4107
21.9863
23.0814
54.0267
36.3158
33.9208
35.6161
31.3310
43.7083
29.6667
30.6462
29.1969
36.7163
32.7994
32.5422
39.7014
26.4569
32.9092
40.3522
32.6591
35.5661
30.7967
40.1286
17.8272
28.1847
32.6521
31.9136
63.1640
30.9458
20.8711
29.3401
44.1466
39.5881
36.6405
28.3628
38.2497
30.0070
25.5362
24.0042
28.4177
24.7349
29.7527
27.4359
32.4472
28.5111
38.7811
39.1970
35.8694
37.1678
31.3727
34.8090
31.7312
37.0825
34.5890
42.7248
35.2631
22.8359
35.2331
30.4366
33.1125
14.1478
39.9467
35.6921
57.6995
42.3050
30.8289
34.0448
32.5792
27.9450
26.2509
25.8888
35.3443
32.7527
20.7612
45.9219
28.5306
31.3348
27.9727
36.8357
59.4757
31.3641
35.5991
33.9927
48.3671
32.8633
23.1378
27.3900
42.9345
26.0648
43.2324
18.5800
32.0536
39.5805
35.2684
47.3172
30.4638
33.7563
31.8140
25.2723
24.1106
36.3432
28.5105
27.9731
53.1682
40.2555
23.5306
32.8568
44.1638
29.3837
34.9780
38.0155
50.8490
31.1483
43.2570
28.1743
27.4556
35.4030
29.9717
33.5979
58.8074
35.0868
28.4635
35.4317
36.6488
31.9671
36.8046
29.3525
29.1817
34.4403
49.9307
30.6854
27.0686
33.0220
32.8639
32.0837
38.5873
21.3994
31.8296
23.9412
41.9770
31.8972
49.8566
37.4876
46.8273
42.1698
35.6251
41.7591
26.1722
32.1191
40.5977
34.0012
59.8040
31.1447
37.8992
26.4018
40.0337
56.5923
34.0351
50.2229
20.8563
52.3426
59.2836
55.6457
43.5550
24.1138
31.7138
40.0919
27.8999
20.4361
29.7416
34.2926
32.0902
42.3069
23.7920
44.0184
39.6629
25.9859
28.8426
35.7406
27.9706
35.3780
46.0129
32.8491
36.7483
44.6418
36.7525
31.1816
29.2012
51.9776
24.9151
30.2707
48.8259
38.6073
45.3915
27.7243
44.2342
30.4059
27.0612
26.6713
31.4457
32.7505
28.6909
39.9162
42.6263
27.0831
37.3870
32.1174
26.6802
36.0734
36.6004
22.4809
23.2266
29.4334
28.1413
30.2302
40.2217
56.4090
31.3005
36.5925
25.0769
29.5724
32.4252
27.6023
39.4935
65.3513
46.7112
30.9572
26.1698
32.2020
36.0561
68.9101
32.4174
36.2472
46.6844
37.6686
27.5574
20.2509
34.6444
25.4476
40.4458
16.1374
38.4483
44.5796
30.7220
40.9888
35.4172
33.0993
39.3915
29.0535
37.7714
33.6798
20.8396
33.2012
30.6829
23.3710
30.7066
39.1880
34.9426
44.9375
33.8137
54.6487
31.3081
34.7248
50.6482
37.4092
35.4388
33.4324
40.0705
37.1356
76.2691
31.9744
30.5518
36.4408
39.0645
40.1077
23.7025
51.8952
22.1776
38.0131
44.2913
25.8939
59.6402
34.9986
35.6714
30.9487
30.4898
22.8591
46.3404
27.1622
57.2810
53.7060
24.7944
45.5066
27.6805
32.8913
42.4974
39.0651
29.3552
28.0424
28.4643
31.5498
34.2355
55.1001
34.3884
37.3078
33.0577
29.6305
43.9540
40.7309
35.8972
34.4810
60.2340
28.5747
25.3160
35.3334
37.2957
35.1791
32.6423
31.5062
42.7752
38.7510
43.4774
27.5703
31.5842
27.9318
43.3152
29.1591
39.3508
24.1222
29.2572
61.5212
35.9418
19.0297
62.2049
28.5590
37.0026
38.8724
28.6239
27.7911
35.3758
69.6496
46.2535
36.6172
29.7479
38.1001
36.3812
44.2200
26.6344
39.1065
54.3159
30.2661
29.5507
45.6128
38.7329
29.5503
24.4219
30.1085
32.0706
36.8208
38.0208
36.0713
43.2951
43.0798
36.1839
38.4901
47.7204
28.9941
37.4276
26.2251
22.3282
48.6606
28.9658
21.3216
41.0961
34.0065
37.7269
19.4101
53.3928
33.6536
28.2356
38.6465
25.8171
30.2554
28.8525
40.2439
23.1358
27.2884
39.5393
50.1131
36.4896
31.1020
38.1851
44.7299
43.7001
47.9824
59.1270
30.5670
44.0019
27.6501
25.8287
21.0181
31.4663
26.5880
45.4679
27.7353
18.5440
15.8518
38.5309
39.7292
24.2151
34.3323
42.9995
50.8695
49.7346
25.9489
28.9657
18.9670
29.4418
32.5568
30.1559
21.8182
32.4382
34.9250
38.6303
26.5017
34.8464
29.1355
33.2341
28.3709
16.1462
33.7307
27.3836
32.7222
28.6556
24.9746
59.6920
34.6206
32.6535
40.2596
44.3788
34.2401
38.6833
22.4408
37.2307
24.2297
40.6848
53.5762
30.3245
11.8109
31.3150
29.8521
31.2976
35.6390
28.5364
31.1178
28.5755
41.9221
30.8948
27.3458
34.5086
42.2888
37.8029
30.6052
26.6027
41.6339
31.8446
33.0595
33.1516
30.5117
43.7276
51.5551
25.0662
21.3604
19.9656
28.9711
23.9563
23.9840
28.2187
34.0151
35.2433
22.5048
33.9551
33.3282
27.6622
24.1270
58.5172
34.7102
37.5439
19.6264
23.9711
34.5682
26.0578
21.8786
36.7134
48.9297
20.5056
37.5127
26.1057
35.7465
32.0740
29.8694
25.2352
25.3765
26.0998
30.3172
34.2323
66.5828
27.9638
31.7358
38.4890
32.7919
34.0167
52.1720
44.7485
28.2027
36.8431
31.0849
31.9476
24.2370
35.9267
32.6062
42.9494
34.7553
37.0903
35.9115
45.1592
30.8055
24.6651
32.5306
25.4316
32.2415
30.1201
28.2090
31.0390
39.1666
36.8827
34.0171
36.4447
42.3227
33.0275
36.3920
41.5365
30.0732
27.8279
28.3617
55.1122
30.4882
30.3332
39.9413
36.3954
33.5500
36.3805
22.3386
24.2587
41.0898
36.7657
28.7011
46.8216
39.3722
34.4313
27.0504
32.4946
32.8222
45.5005
28.5515
37.5317
49.4297
34.8014
35.6893
37.5562
41.7325
27.5727
33.6588
38.8863
28.7562
38.5392
33.3699
19.6249
30.6052
29.9984
38.2524
20.4277
34.1301
25.8306
46.3356
31.5332
37.7217
33.2915
51.9688
36.1181
42.5473
32.6869
46.7596
33.5110
37.0449
41.9248
39.9763
37.9452
25.5295
23.0832
22.8584
36.9247
20.0945
28.0723
36.3355
46.0141
45.6699
27.7354
43.2749
51.1135
40.5719
31.7914
26.7073
27.3897
34.4091
22.6036
30.0300
67.7226
27.8280
32.6284
28.1635
29.2216
31.5966
30.3357
26.9443
29.7069
49.5072
23.2331
35.7160
39.5059
33.4004
32.8255
42.6840
56.2347
26.1681
37.7602
35.1195
42.7893
34.4972
24.2576
45.5185
39.4625
26.4062
42.6466
39.0895
27.3229
46.0794
35.4928
35.7975
37.6683
35.8280
32.1247
26.8105
35.0023
56.6250
37.7524
40.2833
28.6280
66.8744
26.7398
29.0721
34.5521
36.8637
43.3848
31.9611
25.7259
43.0024
48.8606
46.7568
26.0195
24.9937
40.3078
30.7867
46.6121
29.9024
38.4045
23.7482
40.6210
41.4117
40.9832
24.9301
29.8835
32.9848
32.4712
31.8203
57.0052
43.8083
29.6921
38.0755
15.9335
18.9948
44.6744
34.0848
26.3867
33.7738
39.3518
41.9381
26.0366
38.6436
29.0954
33.1631
41.7384
43.0383
28.4514
30.0858
36.7286
49.3118
54.2296
34.0318
31.2721
30.7228
20.8502
23.3935
27.6289
30.9802
39.2391
53.0607
50.7579
27.6530
41.7483
44.1577
53.7874
71.6094
29.6843
34.9815
33.3211
42.8790
34.3380
31.4482
27.4896
26.6207
34.6668
35.2622
36.1352
29.7772
39.2902
39.9468
35.7839
60.7450
37.4815
34.2614
37.4992
36.3230
23.5957
36.8327
28.8435
25.8546
42.4961
30.7265
22.8253
33.6752
33.3004
29.8321
36.4945
23.3933
31.0080
35.4400
34.2051
29.7083
29.2515
27.0608
28.4493
32.8093
29.9787
34.6506
32.7869
32.2038
32.7946
35.1401
28.8569
87.4220
38.9687
31.1478
24.8497
41.1847
52.7605
25.3632
32.9157
43.5328
53.0119
18.9391
34.2633
26.4128
34.9296
50.0930
26.1760
31.7453
41.0052
36.1223
34.3244
31.3896
32.9001
26.3806
26.0873
53.8153
39.5600
29.9087
52.4142
18.5172
29.6812
22.2599
64.1198
23.9182
27.8847
23.5539
39.3586
42.7572
28.5616
40.1056
39.6856
42.1459
35.3909
25.0791
48.3821
26.0649
39.8967
35.7368
42.7448
36.9691
30.4052
34.9099
34.7390
35.7037
29.7279
29.0383
30.2857
23.1811
35.1056
30.3200
45.9859
39.4167
49.0370
62.5050
58.3776
18.7472
43.4703
33.7117
28.8743
49.2717
36.0387
38.7263
33.9210
35.8095
54.5189
24.4176
28.1150
44.6025
25.8402
51.6743
33.2952
27.2478
31.8702
41.4319
46.7294
46.3480
31.7610
25.8656
32.5188
34.7721
24.0790
34.4420
13.4225
48.3029
35.2139
33.7378
30.6824
33.1283
32.2033
33.1982
30.5291
35.1170
33.6617
42.6146
27.5132
30.5664
32.3348
31.4213
63.6091
41.1790
20.3762
24.8577
38.2753
24.8112
18.1280
24.3187
39.5063
32.8530
22.5394
20.0673
31.3823
42.9927
28.2854
49.0559
29.6769
53.2829
32.0122
29.8328
25.9249
35.6790
43.7811
31.0928
34.8072
35.9943
18.2948
51.7024
61.6062
29.8286
31.6390
29.1210
27.1849
32.1233
49.4270
24.4871
38.2857
23.0963
57.4008
25.1842
24.3682
36.0470
27.5954
33.0766
47.7991
44.6927
58.4605
35.8973
39.0330
30.7758
30.7310
43.9483
37.6497
23.9985
35.7514
33.6518
27.7211
37.3031
25.6626
33.5115
29.0168
29.4577
32.6363
32.3435
30.0451
39.6107
28.8419
32.0341
42.1929
28.4057
34.3509
61.5191
33.1170
34.9874
33.3114
28.4637
31.8609
27.2561
32.2385
36.0698
34.0355
27.3139
40.9046
36.8266
32.3855
49.3913
24.2435
40.4827
21.2967
54.0978
37.1714
54.9297
40.6452
35.1140
30.3809
47.9250
35.9604
33.0863
32.5637
51.6120
13.8620
35.5655
19.3602
26.5857
38.7568
38.2227
34.2793
36.3222
32.4448
32.0496
45.9425
32.6865
24.1476
45.8542
30.3603
39.8189
41.1434
37.9621
22.8599
27.6788
31.4541
32.3734
26.9049
32.3497
30.5717
28.4528
28.4225
37.0462
28.6276
25.9273
33.5591
25.7524
40.7059
45.3922
31.3285
32.5078
42.6839
32.7920
24.5728
43.1837
29.1203
38.0546
27.6676
34.1556
45.5445
30.5177
31.5310
51.8761
35.0927
33.5627
34.6032
43.9458
48.8012
58.5705
43.8030
31.0530
41.0440
38.0033
28.7107
41.9328
42.8200
34.0632
28.9065
55.1271
30.9375
29.5292
45.8979
25.9352
38.2229
27.1836
23.5700
30.3041
19.4673
51.5445
37.3249
36.0394
33.7002
38.8430
27.2961
55.9289
33.4042
28.6596
21.1900
27.5181
31.6755
13.4560
42.8595
37.8708
23.7557
24.4086
30.4388
26.5015
37.4308
32.5921
46.9819
33.3196
49.4456
26.2612
57.4342
39.8999
27.5767
31.9932
32.8871
42.1351
44.8679
25.7992
39.8338
30.4879
41.8610
22.8606
29.7777
42.8574
37.1023
59.2485
45.8757
32.8449
53.0251
49.3385
38.3856
29.3636
42.1552
31.9210
21.6676
44.3430
51.4538
26.4979
37.5878
23.9203
19.4795
33.4579
23.0131
48.3665
48.0839
30.4298
38.0171
28.4288
29.3411
35.3403
42.5742
42.0256
37.7818
27.7313
40.9346
27.1760
30.5972
41.9683
26.4721
29.2233
29.6846
38.5947
13.9005
13.8441
45.9923
38.1750
36.9598
33.7124
28.8874
40.2171
42.8090
36.5963
30.8929
32.2439
38.0712
34.0597
36.2948
24.8244
26.1483
27.8545
30.7775
41.1775
34.0425
12.8787
40.7267
43.6669
30.0405
46.1083
40.7298
25.5738
35.3945
24.1740
36.0220
39.4701
42.5568
21.2615
36.9521
22.4054
31.4434
29.6839
27.0025
32.3678
30.7816
33.3358
25.6028
13.8401
36.8023
24.1745
37.0651
31.4650
33.9665
31.3249
24.7813
57.4904
28.2321
31.1040
27.1234
35.9394
42.6842
42.3859
48.3280
24.8369
38.6541
55.4019
27.8503
41.8224
19.9098
45.5945
34.1395
43.2957
34.5035
50.8759
27.7267
28.5607
29.5566
24.7456
37.3280
24.8338
30.6522
35.6372
31.4676
35.9544
37.6891
33.8234
38.6463
58.4463
30.3532
29.3453
27.8254
30.1889
51.2372
41.2519
26.4656
35.2013
29.3321
46.4916
22.5466
35.8996
33.3954
25.6286
23.5533
19.3953
49.4244
36.2629
28.1480
27.4006
41.8501
16.6248
26.4434
41.8114
22.9306
25.9548
32.9656
56.2957
20.9166
32.7064
36.0157
22.5212
48.0697
31.5582
17.9255
22.7896
33.6140
31.1571
44.8351
35.2000
24.3901
30.8803
33.4358
26.9748
33.4249
