36.8124
40.0080
41.5051
63.3474
57.0000
39.0497
30.7104
52.8918
39.2864
39.2903
36.7259
24.8938
40.2396
33.1936
27.4635
45.2239
34.4520
34.1883
28.8534
23.3159
40.0646
60.6658
36.7627
47.9711
36.4000
37.4919
22.6638
59.4947
38.4085
30.0720
57.6202
29.9743
37.1984
52.6270
32.7238
27.0002
36.2704
27.0108
22.5010
50.3263
41.5156
32.2636
23.8904
32.7573
26.7119
10.3634
33.2666
39.5466
32.3438
35.1635
48.5644
54.4584
47.2598
38.7382
30.0790
36.1773
37.5033
36.5721
37.5272
19.3592
55.9820
26.3299
26.1457
47.8616
27.0034
35.0173
34.7725
32.8261
38.4779
29.3158
48.4866
32.6640
46.8060
39.1119
42.4332
19.8495
36.9897
41.4431
32.1093
29.8740
34.8757
29.4281
29.1496
40.4410
37.8862
52.1760
37.3002
33.6883
39.5474
38.2210
59.2842
34.4709
33.2071
24.0213
37.2208
31.2494
25.5675
24.0934
28.0179
47.2157
25.9878
31.3658
36.3124
52.2622
21.2488
35.4620
17.3899
42.5104
40.1975
37.7709
28.9165
52.3854
34.5386
28.7440
35.4443
29.0461
38.8517
50.1729
29.0812
30.3772
29.7677
26.8559
42.9858
35.9713
36.3676
57.4305
29.5178
38.8972
42.4104
31.3105
33.1001
24.0407
38.6328
46.0395
45.9168
39.2660
35.5563
30.2894
29.7916
30.5766
35.8735
29.1992
30.3797
26.5440
38.2049
34.2133
39.5870
36.1011
61.0409
28.9687
23.5305
38.6713
24.7518
41.7150
40.2946
26.7638
33.3018
49.0783
30.7743
30.7111
34.8593
24.2029
31.5374
42.4110
40.7733
43.9259
31.0768
32.2055
44.1750
37.3182
26.9961
30.1864
41.5499
43.1057
40.7013
42.5304
30.5518
33.3471
25.8858
29.6514
31.5055
36.4636
24.3810
43.8615
20.2548
33.7147
27.5388
41.0396
55.7613
42.7069
77.2234
22.1713
44.7983
41.8871
41.2916
30.8327
34.8462
28.1431
50.9505
34.5544
32.5380
42.5280
25.3566
45.6891
34.3762
33.0003
44.9711
32.3616
38.1306
23.7904
26.9408
21.9859
32.0757
32.3832
39.4950
34.3277
56.3680
27.7161
30.6026
34.1464
55.6397
27.8883
28.7235
32.0389
38.6001
32.3915
33.0212
32.6396
30.7401
31.1143
38.7727
33.2180
42.4755
29.9933
45.7995
50.7422
25.8731
30.4726
27.1464
33.7796
41.5061
36.8945
34.8075
31.2567
41.4270
29.6805
19.7194
37.5518
27.4690
40.2801
34.6261
46.4754
44.8620
40.1945
33.6702
45.3579
27.3467
46.3065
41.6543
30.0042
47.9309
57.9019
30.6736
32.0915
32.7329
34.9396
36.8157
37.6524
45.2589
25.0777
32.9227
32.1805
27.4479
37.9105
72.0378
49.7521
39.2643
35.4523
54.7323
30.1361
38.4548
65.6411
42.8630
42.7495
38.8410
35.2432
34.6032
38.9817
32.1919
32.8174
34.5091
39.0309
41.6702
34.6410
19.6186
10.4586
31.2733
35.7656
17.9274
41.2041
33.8056
47.9863
36.3826
49.6331
41.6524
30.0016
31.8086
38.2728
28.6575
38.6290
40.3108
40.1509
42.6696
45.0948
49.0391
50.0872
30.7757
40.9909
42.0664
40.6986
37.1614
20.8629
42.3478
33.5987
26.6042
58.8809
41.4225
24.6360
47.3988
41.8055
35.7467
34.3359
34.8843
35.1048
26.3071
35.9333
29.0540
29.2803
33.4749
34.0349
60.6515
32.1492
33.3146
29.0743
31.9345
33.5063
31.8444
30.8764
33.8244
39.3600
37.2544
37.1606
20.8814
39.7737
36.9399
44.2748
37.6105
26.9832
30.3826
28.6063
44.1116
22.1774
40.3295
35.5979
35.8358
34.5765
34.3016
29.3435
31.4479
33.4480
54.9820
36.1159
40.1404
38.0993
42.0303
43.7963
47.9262
33.2309
40.1073
32.0106
44.5980
43.0001
42.7541
28.7278
31.1920
48.6873
34.0789
57.0350
33.3555
28.7805
37.8877
30.1077
42.4870
31.9748
48.6239
24.6457
43.6689
33.6386
64.1293
31.9774
25.7944
27.7177
28.6118
43.5437
36.1675
34.9125
30.0953
32.7877
55.3143
49.1602
46.9808
40.9832
38.6196
23.3273
30.8754
31.9143
29.9032
45.8322
41.9361
33.3013
24.8204
35.5822
23.0495
36.3318
30.2178
42.5295
21.2162
23.7194
53.1385
34.9718
45.9074
31.1114
31.3943
23.8095
36.5744
27.0607
37.3331
34.6986
43.2065
29.7392
27.5910
40.5270
31.4909
27.8731
29.5263
39.4077
38.6136
32.3537
45.1255
41.1935
26.8797
33.0502
33.8653
55.5204
32.1586
39.2409
32.7807
31.7414
26.5444
35.9664
31.3754
42.7181
38.4363
42.1060
43.1627
33.5317
33.1639
24.7115
29.5223
39.1557
38.6396
49.1403
33.2465
36.9666
34.6747
52.7739
34.1555
35.5207
33.4956
42.1141
46.3581
47.6831
34.0667
41.7580
32.3789
32.8449
32.4697
43.9658
33.9537
36.6381
30.9487
29.9488
48.9154
33.7689
35.1160
59.0105
33.6443
45.5423
37.1288
27.1740
37.3682
27.9104
29.3340
41.9801
31.5653
49.4264
35.0846
35.5535
25.7691
53.6340
34.4427
48.8501
42.5664
34.1800
41.2872
59.7129
39.5055
21.7960
35.0578
39.8586
44.3322
32.9374
40.5816
42.9767
37.6448
36.1480
51.8854
29.6026
51.1862
30.0878
43.9394
43.7343
45.3992
31.7760
35.5019
27.2654
38.3651
24.3503
20.2788
52.6926
32.9086
38.7674
32.4702
30.0510
39.6334
33.5198
31.8074
28.4886
38.8538
27.7315
40.4580
37.9435
39.5577
45.3505
31.4367
45.3207
30.4016
34.6367
42.9434
36.2902
49.1191
32.0698
34.3676
38.8421
45.6451
31.4209
36.7557
45.9275
40.5037
30.7406
42.7708
32.6802
31.3661
32.5800
40.5549
47.7671
28.5788
32.8229
37.6638
32.6856
34.5929
37.0864
43.5024
23.8358
31.8254
33.7550
38.0690
43.0981
35.2598
44.7704
30.9247
33.6472
31.8137
39.7237
33.3918
42.2466
38.1048
35.4393
26.3978
41.6394
32.1678
39.2348
53.7395
31.9268
36.4207
29.1639
40.4629
35.7254
36.9116
35.7619
47.1938
46.9388
33.3601
31.1111
34.2894
39.3641
35.4470
27.1734
39.6963
39.3317
28.2472
43.6245
24.8989
29.3704
33.5807
36.3171
30.0413
30.6371
42.2723
32.3049
33.2844
34.1335
35.8481
30.4428
34.7520
29.0620
34.4854
30.7570
27.6512
38.1595
31.6445
25.8438
37.6624
31.9878
31.2599
40.2792
38.3309
34.1861
24.3102
37.5972
30.1825
20.4076
41.6113
32.9335
13.8725
29.8363
23.0451
31.4865
51.7417
44.7285
42.4040
29.7434
57.0957
26.1140
35.6567
41.6584
36.6163
49.9804
31.2082
28.6428
36.2651
52.4269
29.9236
56.0721
25.7143
32.9461
28.1647
26.1344
41.3053
77.6087
37.4061
42.8362
34.4826
40.6109
30.3691
52.3167
29.1518
36.5222
20.2726
39.7853
26.7172
69.0386
28.8242
27.4315
26.3957
32.9116
11.1349
23.3416
29.5950
21.6744
61.3349
21.9644
34.6315
46.6452
31.6874
35.4456
35.2121
26.9347
41.9559
25.9402
33.8084
23.7804
38.0455
33.9529
47.0750
31.4714
30.0946
34.3387
19.8782
33.4594
24.7629
28.1844
25.0381
46.9930
47.8844
34.2202
36.1052
39.2058
37.7686
39.6331
34.5017
29.5177
30.5064
25.4092
36.2061
45.1536
39.2077
23.3834
36.9878
38.7698
24.7318
44.4441
50.9683
36.5244
39.4692
38.9375
39.2141
23.5294
41.7303
46.9810
22.9455
26.2756
37.6108
28.9883
53.8207
36.7920
35.6466
33.4526
35.6533
27.6312
29.7558
34.5596
43.4866
26.5451
35.5533
62.4607
35.5695
30.0284
46.9923
16.2696
15.6571
12.7998
15.2637
47.3943
45.9936
38.5374
43.7421
35.7917
54.4428
51.8449
41.1500
35.2102
27.4108
32.1029
32.9432
28.3619
28.4295
47.7972
20.1414
27.7638
40.0727
45.4201
28.3774
41.9933
22.9596
27.7214
34.1059
26.8231
34.7852
55.6341
40.5502
36.3473
34.8900
51.0334
42.8280
33.4796
25.7136
39.6710
34.3101
49.9175
29.1224
28.7527
29.8596
41.6211
38.2751
43.3555
30.2046
42.9599
53.8376
37.7805
35.7656
32.3638
32.3154
42.4623
58.4749
21.5969
28.5621
39.5110
40.5304
29.0779
32.1550
25.7150
42.4812
28.4080
20.4069
19.5654
30.3983
43.9129
24.7680
39.2067
40.6823
25.9315
31.3422
51.6678
31.6077
44.6358
36.3591
43.3386
34.2012
23.6320
42.4479
43.3685
27.8122
37.3942
49.6926
28.8787
35.1207
35.6116
31.6603
35.7707
38.2042
28.4733
36.2409
24.9819
34.9976
31.8716
55.5048
30.4284
27.4054
27.5656
29.0244
55.7115
25.4064
41.7100
35.6193
35.6182
26.2322
49.5784
32.5644
23.6491
47.4770
40.5288
31.3917
41.6884
41.1194
37.1907
53.2826
27.6220
27.1196
49.6105
37.4645
35.4173
32.6693
36.0520
40.6313
30.9333
17.0394
35.3564
33.8489
38.2867
33.5238
31.3042
59.8903
45.7435
51.7836
36.6296
49.2987
25.9408
40.3663
34.7438
25.9748
36.4603
31.9747
28.9222
25.3571
40.3217
31.9549
40.6714
31.3616
22.7802
18.2909
21.7036
18.4771
45.7289
35.5260
37.4880
37.0373
37.2296
35.0319
32.8365
55.0447
31.0869
31.6457
18.1047
30.9093
33.8960
34.2087
34.1087
41.5745
24.0318
36.4689
36.9480
62.3883
58.8856
35.1641
38.5925
45.8971
41.9679
40.2530
31.2756
43.0029
28.1946
32.0188
39.5952
31.3975
47.1371
42.5542
35.7915
35.1406
36.9909
24.4295
30.5808
34.3546
45.6108
40.2035
49.1114
35.1982
36.0010
32.9995
48.7510
55.2714
23.7466
43.7244
26.7999
28.3467
39.8525
54.4784
34.1129
28.0893
33.3294
35.2350
39.5481
16.7183
25.3291
36.8698
42.3345
47.0222
36.3042
33.6813
42.6741
36.1680
32.9997
62.3842
41.2208
50.1338
47.1406
52.9321
46.4913
34.5297
40.6589
37.6797
32.7591
60.4390
25.0869
25.5727
48.2161
37.7673
37.9809
34.1706
51.6620
36.9516
38.3574
32.7152
39.6459
44.4875
27.9925
26.1812
41.8137
33.6511
25.8714
31.3812
37.6390
47.0806
40.3772
32.8231
30.1631
44.7733
23.9347
65.9012
37.7062
36.7212
45.3700
32.3590
36.2852
61.4146
26.3600
34.7698
33.0663
31.4824
34.6801
31.7802
35.1957
40.3633
31.5555
23.6937
38.5832
33.0960
38.6288
34.4814
39.6677
26.5728
28.2380
38.9226
55.5070
41.1345
36.8014
29.5999
39.9450
24.9531
24.9479
24.2272
31.4718
40.2344
32.0242
46.5584
28.8295
22.1751
34.8834
26.4765
38.8873
42.6074
35.3665
48.6392
45.2771
53.4657
43.2616
53.2168
36.7171
30.1825
41.3083
47.5984
39.0666
41.8765
37.8789
48.7128
33.7768
39.0785
36.8044
49.0158
27.4356
40.8800
29.7957
29.3717
44.4565
40.6039
46.7054
34.1180
32.0255
37.8331
37.0027
32.1491
45.9842
49.1971
41.7008
30.7291
28.7760
37.2997
56.2311
37.2380
36.5902
38.3342
27.1103
30.2306
24.5179
37.5058
34.9517
29.1021
37.7865
34.5425
38.5327
33.7821
35.6638
37.7783
31.6287
28.1806
28.9402
29.4457
35.6990
25.2278
25.9124
38.0487
36.3227
30.9147
33.4314
36.8461
26.2384
44.3095
26.0492
36.1510
29.6804
26.6794
48.4366
37.6452
34.4253
45.0125
35.5791
45.0646
36.4543
47.6194
33.4254
28.4379
55.2954
37.2047
36.7770
24.3115
49.3315
22.3758
43.4852
44.6363
34.8744
26.6914
40.2704
40.5477
51.4318
34.0174
52.1222
29.9294
24.6080
26.7896
48.9298
37.8078
35.1254
43.3202
61.3540
29.6958
51.9126
48.6499
33.8458
30.5470
45.8746
32.2243
41.7563
25.7470
40.3212
31.4498
44.7789
29.0645
34.0914
33.3563
30.8452
41.5754
33.2708
35.5579
58.9391
47.5278
36.0336
45.5374
40.7818
32.0080
33.6184
41.9323
34.1525
27.2398
33.7073
46.5832
54.7454
39.0842
46.4119
43.9922
31.9351
29.5237
27.2300
41.0977
37.8307
37.2723
35.6474
32.6006
34.7042
40.1730
39.6634
42.7516
67.1996
40.3445
39.1011
28.9161
41.2271
39.8213
38.8338
30.0208
45.0257
33.6230
34.1890
32.4982
32.1867
34.2424
27.9144
36.4083
49.3542
56.5506
28.7299
36.3026
26.2796
32.0951
33.4244
62.0759
37.9728
37.7253
32.0360
25.6528
47.0450
29.0822
31.1083
36.6363
29.3506
63.3188
38.7269
37.5655
62.8745
39.4421
40.2110
32.0195
29.5996
55.5594
25.0571
34.3566
37.8758
25.5236
24.0641
34.5131
23.9828
32.8549
75.7541
34.1603
18.2302
28.9938
41.0702
46.2571
38.7914
19.8578
27.6681
24.0804
27.3658
8.5469
31.0845
18.9542
47.2766
34.2060
26.3093
27.9393
35.1626
34.4179
43.4038
34.4008
36.2401
30.1760
26.5433
23.8565
39.9621
45.1406
30.6040
48.8639
19.0092
39.9887
37.6383
48.2693
15.4158
32.3730
24.9794
36.2824
40.4762
31.8923
31.4569
36.2520
41.7670
28.7853
44.2897
46.4037
27.5487
52.5522
36.2507
22.2025
27.2518
16.7513
22.1704
36.3756
48.1139
41.7329
40.2469
27.1420
37.4994
32.3791
34.5350
34.6171
36.1200
35.3423
56.4597
46.7502
51.7585
36.8399
40.8818
28.1689
30.1665
36.3233
37.3535
34.8181
42.2235
37.0004
30.3187
35.6397
50.3357
32.1380
36.5332
58.0758
25.9684
32.2531
26.7372
38.3538
42.2862
22.1009
38.8140
27.5220
36.0319
27.8782
36.9337
60.4513
23.6952
28.5232
31.2087
39.9151
29.5280
34.6899
30.8452
34.7090
57.0622
38.5692
33.6677
42.4709
25.8575
33.7982
30.9929
15.4444
37.5207
31.5220
32.1322
32.8044
31.6977
42.3098
35.4013
32.8326
29.2752
42.4775
68.4672
40.2459
33.5083
31.5026
37.2162
38.1296
34.8179
38.2479
22.7235
39.8066
26.2409
29.7500
26.9365
42.7097
37.3180
43.8616
32.1911
31.8666
42.2136
42.9727
37.9515
30.9423
52.0492
29.4369
26.4681
34.8918
45.2717
33.4452
35.7920
30.4009
30.8638
24.6360
31.9412
42.5423
32.8545
41.1610
49.0089
31.6539
37.3885
76.1349
38.7679
36.5327
60.9725
53.3031
27.1173
28.3212
28.0322
8.3027
42.4064
32.1956
27.0243
13.8593
43.9058
28.9287
37.9474
26.4565
29.9187
45.0177
33.7308
32.8846
36.3931
38.7371
44.2002
50.2604
35.6978
44.9844
36.5363
45.4950
84.7479
38.2748
39.5022
28.6768
43.9562
30.5055
32.3868
55.9719
27.2281
27.8310
45.7333
37.2675
29.3765
32.5901
36.0302
58.9437
38.9938
25.3287
35.1366
30.5089
32.8462
37.5584
51.3691
46.7979
39.2752
43.5180
57.1170
31.7057
27.1835
33.6270
60.2461
39.6109
28.0902
45.9956
34.5613
28.7989
34.8945
33.2087
23.5343
35.7747
46.0527
37.5125
25.6983
24.8575
34.8807
33.3277
33.2058
31.7187
31.6842
46.5885
37.9775
40.7805
31.3075
42.0148
30.3857
40.1289
26.0518
31.4302
41.1214
29.0135
36.9270
28.2706
23.6630
26.8818
41.2504
49.9309
45.9493
50.0283
54.3132
28.2863
36.7544
45.1117
35.8870
48.9576
48.3705
28.5307
47.2890
36.6465
35.6902
40.3896
30.1701
32.0618
15.5921
21.1838
28.0831
33.5535
42.7077
35.1282
23.0967
30.6656
45.3864
44.3926
39.5663
41.7673
54.4017
36.4909
54.2404
39.3871
39.0360
31.6619
40.0021
30.6740
31.9076
36.8364
32.6849
31.7406
31.5228
47.1568
41.1029
33.3197
25.9707
29.5675
33.4210
24.5553
62.9876
43.7791
42.3858
24.5428
28.6610
30.2309
31.1828
56.1827
26.7001
26.0025
25.2166
26.4925
40.1504
19.6329
18.2979
30.9460
35.6582
84.4710
30.2620
33.8195
25.1222
24.7321
34.7329
32.6264
29.7299
58.6868
30.5224
61.5718
30.2895
36.3001
43.0994
51.5751
38.0543
33.1518
37.1185
39.3939
21.8798
31.5275
35.9473
29.2754
42.8916
26.8107
55.2069
34.2794
24.2216
40.8777
33.0041
24.2765
48.3988
27.5502
34.9662
39.3838
31.1342
71.3903
36.9764
43.0755
31.2541
32.9467
37.8076
33.0843
38.4121
45.2195
18.2491
33.4525
24.0154
33.9818
44.7086
30.5750
36.4493
52.6337
28.4604
25.6582
79.0075
30.8255
35.3798
37.0323
36.4152
36.1654
29.7572
33.7055
27.6596
34.6916
43.8080
30.9993
40.6061
49.2725
32.3920
59.7565
31.5516
40.4182
46.0995
65.5326
29.3790
30.6858
26.6563
32.8730
42.0247
28.7557
38.3417
33.6337
36.8570
38.8104
47.1036
53.4190
40.4945
34.1699
60.2979
27.7711
35.3540
42.2600
29.0872
37.0093
24.2579
41.6528
35.3040
34.6652
34.6166
43.0157
36.4975
36.0929
35.7962
30.8039
54.5937
30.5459
36.2132
41.9807
38.6257
52.5265
37.2349
51.5591
30.2127
40.0501
60.9991
28.8395
40.6140
43.7139
40.2919
22.8238
34.7932
38.5962
42.1505
26.1489
44.8219
34.1410
32.8280
29.8527
28.1641
45.8164
39.3496
29.1450
45.8636
37.1348
30.8366
31.6538
35.0139
42.5584
26.2960
40.7345
46.4762
42.6190
25.8653
33.0923
42.7345
66.7538
47.5772
31.1337
35.5622
22.8362
34.0486
38.0163
38.9813
29.2863
31.3510
39.4169
48.3218
31.4373
27.6451
34.7382
31.1828
29.2950
22.3483
31.3786
40.8807
41.2970
9.5988
41.7281
26.9204
34.3173
60.0381
27.1869
53.4466
28.2233
38.8297
25.9857
30.0211
29.0708
31.5629
38.1072
32.4865
67.0330
42.0645
47.8916
36.1753
53.3236
29.8729
43.3351
36.1325
39.9399
38.5609
40.0951
35.8650
28.8019
40.7948
26.5237
31.0592
42.2632
32.3262
33.8193
38.1645
30.4121
53.0384
29.4203
29.8875
22.5382
65.0099
38.0414
36.5211
28.7584
32.3631
21.4431
31.0765
33.9215
45.8362
37.5109
24.3358
33.4793
45.6579
45.3148
31.1782
25.8576
33.6935
39.0368
55.4539
41.1117
24.1042
23.1179
29.9732
38.1613
42.6317
34.7294
34.7722
33.4424
25.6460
29.7668
29.8785
35.8514
32.7938
35.6747
42.3445
35.2542
24.9796
41.6079
34.2787
48.3666
37.9406
31.0499
35.5723
45.8931
59.9479
38.7219
46.9975
33.0191
26.4529
38.1573
59.4097
56.2331
23.8128
33.1076
35.7397
54.6811
33.5458
40.6359
48.5571
38.5805
28.1379
31.5436
33.8187
33.8167
41.7138
23.7571
30.9815
37.7630
39.4759
38.0281
38.6996
33.4195
35.8008
24.1566
54.0875
43.7396
22.6820
44.8649
29.0641
48.3549
38.7120
27.7785
30.4257
34.3101
45.5172
45.0294
68.5880
56.8937
27.7259
37.5767
37.7482
34.1658
64.1762
42.6734
51.1185
62.0286
32.4429
34.3062
49.7924
36.3598
42.1698
41.5967
24.9183
42.2596
41.7528
27.7810
23.9799
35.4255
30.0076
29.8484
30.1563
45.0951
30.4886
48.1414
38.5418
28.1491
38.5420
36.9290
30.3827
34.1904
37.3703
27.1577
50.1978
40.0351
34.5057
29.5254
27.2125
31.2329
34.5643
42.4404
19.0827
45.0389
45.5614
38.0612
31.9959
27.8134
36.5430
29.4229
38.7145
34.1261
41.2432
34.9348
50.7433
37.5588
33.0159
39.6448
45.7752
40.0180
29.8588
42.5735
35.7902
41.5513
36.6914
30.3408
37.2719
35.9649
34.2712
28.7735
28.1977
31.0212
24.6235
31.9498
19.3145
25.9958
30.5310
53.0965
36.9089
37.6721
27.1729
26.1428
24.8060
38.1797
45.6547
39.6160
35.8233
70.2389
24.3036
36.0555
27.7657
29.0258
25.5661
29.2883
28.8557
12.4228
65.9466
44.9820
51.3649
27.7929
28.7451
32.5494
38.8622
23.5907
30.6079
49.5606
32.1214
39.3137
37.2305
39.2431
31.6203
34.8529
25.7283
49.6693
25.0174
51.8322
25.5243
42.9782
47.7139
39.4693
49.6261
33.5706
35.7194
34.5351
44.3928
41.8115
57.2796
42.2349
42.4870
30.8710
25.9820
22.5434
44.7350
25.1533
34.2398
43.0770
36.9541
30.0279
46.3795
33.1588
37.6618
52.8905
36.7677
29.6368
42.5164
40.9915
32.3325
41.4747
38.2348
47.1256
29.0764
38.7771
31.7963
31.7258
26.8506
37.2553
40.2893
47.8758
41.7889
24.5795
36.1543
43.9687
38.5269
44.3181
27.2427
31.0183
50.5356
37.8883
25.4089
33.4793
42.9259
49.0009
21.2800
22.6198
32.4887
35.4089
44.6864
34.3551
29.6714
37.6532
26.5636
34.4614
40.0397
45.7120
30.1126
48.2079
52.9216
43.2119
31.8634
38.0457
41.7468
28.7827
31.9602
25.1888
26.5272
31.4011
36.9465
38.5627
30.6403
37.4105
26.5899
31.0342
38.8448
42.9184
29.2115
31.8602
47.6760
34.6869
45.7737
45.4246
26.1697
30.9605
34.7501
41.0809
36.0646
28.4081
35.1801
24.8757
34.4455
28.7926
57.2464
58.3235
44.3249
27.3014
37.2548
22.7840
23.4568
30.9880
29.9066
28.9278
33.0427
15.5489
