30,5323
10,2746
19,3995
16,2765
34,0038
-4,4842
19,2106
4,6385
9,7156
8,4461
12,6785
13,7597
19,8085
6,2001
8,0922
20,7500
9,0171
19,9252
9,1405
8,9934
13,0603
14,9888
30,7995
19,9962
17,3561
12,8932
28,8764
21,7454
29,1093
28,0263
7,0929
8,0163
19,9819
14,4734
25,2805
24,1170
24,9702
5,1317
12,4728
11,6479
9,2706
18,7288
25,0609
25,7649
15,9864
30,3807
6,8781
16,2795
15,1384
38,2790
4,8813
15,2367
16,9464
13,2930
7,6135
28,9986
8,5059
22,3657
25,6092
14,8691
16,2883
18,5566
11,0046
19,5850
26,1845
25,9807
0,3569
19,4266
8,1826
20,4147
26,5979
7,2974
24,4757
-0,7536
35,3534
26,1462
22,0479
19,8372
-3,2474
13,9256
18,7863
17,5040
18,3823
17,2101
27,8419
20,5167
-3,7958
6,2764
28,0351
27,3491
20,7709
30,8642
0,7274
23,9971
8,6583
18,0552
22,9278
16,6308
-6,2563
14,4904
8,3415
37,3920
9,7132
12,9987
14,6394
9,2218
18,5808
20,4952
36,7730
3,1435
8,8350
7,1985
17,3791
30,1129
5,9279
26,0463
3,4050
14,3292
14,1080
22,2162
26,4042
30,4078
9,2476
28,6931
17,5401
20,1391
15,2001
28,7076
10,8164
14,8875
5,0754
18,0107
27,5777
9,0600
24,4215
38,0833
8,4759
12,3634
24,1852
12,4992
5,0996
27,3374
33,5815
28,3547
-13,9574
26,0837
3,1797
21,6950
16,7227
1,7311
22,8407
16,5650
29,7256
26,4756
24,5683
22,8037
9,5519
32,5576
31,0310
9,2227
33,5363
14,2366
38,6441
21,6443
20,5709
7,2340
18,9921
24,2353
13,5822
31,1694
7,5085
10,3356
30,8119
17,9749
27,7745
0,1270
0,9636
27,3244
20,0902
33,9997
17,7487
22,1771
22,8643
7,2964
21,8482
13,5261
19,9029
4,2698
18,3604
15,9869
24,1901
10,4435
3,1555
9,5156
20,2324
23,6703
19,4591
18,9016
31,4680
20,9800
9,8877
24,2376
21,8721
12,6854
28,8493
13,1968
20,7042
14,7602
18,1705
3,4265
17,9148
20,8319
19,8224
11,9147
5,8693
30,5957
24,7006
9,9480
21,2778
17,4493
14,1092
22,5831
30,7699
15,7626
19,1627
17,6656
4,4843
15,1140
20,1909
8,2406
13,2072
23,6162
20,6230
5,8146
28,8899
20,4689
9,5283
11,4704
10,7959
27,6911
32,2566
17,0659
16,3662
22,1099
25,8273
-4,5254
28,6483
30,6365
13,9097
22,9986
21,8861
30,4081
28,0676
34,6686
13,1516
13,8247
15,8114
21,1403
17,2332
14,2805
25,9223
18,3865
18,2964
0,5099
19,0443
14,9765
7,6549
19,6808
19,8519
17,9972
20,6084
19,2703
14,6046
22,6273
23,1604
8,9419
33,1919
-2,1206
17,2814
11,6613
10,3087
2,8217
32,5905
7,3094
33,1390
26,0009
30,9702
30,0585
27,7859
14,9203
23,5310
17,1254
4,1339
29,2199
14,0683
27,5032
15,1110
17,6074
10,1240
22,7621
23,5876
25,1812
21,4737
19,4300
29,6303
31,3583
18,4558
28,5181
22,7806
18,2255
32,7384
12,4921
8,7252
27,7746
23,8561
25,2746
7,1405
18,4584
3,8521
7,2753
8,9025
18,9427
22,5401
14,2998
8,6781
29,1281
-2,5482
10,6033
25,0320
26,0783
21,4857
9,9260
5,2309
30,9315
28,7528
6,7551
20,3201
25,4088
12,2790
28,6039
30,0846
19,6038
10,2806
26,3692
9,7647
9,3436
9,8750
20,0908
4,1598
30,1048
5,2717
6,1031
9,3023
12,5195
24,9871
19,4659
21,8652
30,9119
11,2628
-5,3442
25,7754
17,4438
13,1605
13,1161
21,0567
13,9428
24,3954
21,7238
27,8176
6,3939
15,6894
18,6100
14,3752
25,6920
4,0261
19,9365
5,3575
21,6618
20,1959
24,2045
7,2224
28,8503
20,8244
30,8175
16,7119
11,9674
21,6928
22,5100
30,2478
10,4487
8,9421
23,3791
29,3356
6,4366
4,9281
15,3017
18,1158
21,3129
18,7476
19,1667
16,4575
12,7105
22,8604
5,3727
7,3461
8,5666
29,5712
21,2668
35,8876
23,3887
13,6114
24,5352
18,2915
14,0123
19,8095
31,5602
14,8238
38,6957
23,9148
26,7093
16,6132
5,7636
13,3313
15,7065
4,3707
30,2203
25,5275
9,0148
21,1574
11,1663
3,0994
20,9479
22,8119
32,7009
16,9905
35,7569
24,7571
26,2452
14,5482
16,8402
30,3662
12,8441
6,9879
10,4557
22,7798
16,0412
26,4069
22,8529
24,2105
31,5232
17,5018
17,4150
31,9389
14,5823
26,2976
23,0423
23,8570
20,4722
5,2803
11,0915
12,8323
12,5041
29,1570
11,5325
32,2619
13,8618
22,6840
21,5325
24,4801
29,0747
30,7007
25,9748
4,0510
4,1747
22,0611
14,7658
20,4835
13,1392
26,1147
1,6489
12,5863
29,3020
15,4787
19,5424
33,2868
24,9591
26,9612
26,1602
9,7651
22,6430
29,4272
17,5392
13,8912
12,6253
10,1181
15,3739
25,8451
27,5749
34,2694
7,8594
24,7158
22,2033
29,4820
30,3204
20,1378
17,4957
11,8369
11,6560
8,6681
23,0547
4,2477
34,9213
4,5844
16,9646
27,3141
11,0379
8,7955
8,8469
29,8318
18,3559
11,1695
1,4755
28,5702
25,9255
25,7261
13,5086
15,0879
9,7843
22,7352
4,4753
28,7255
4,1911
30,8724
19,1366
26,5610
13,4194
20,3319
14,0419
30,3290
-1,8816
22,1889
-0,8162
23,8372
16,3474
20,5517
12,0893
27,2754
31,6487
21,0333
1,5977
33,9380
33,5594
18,2123
6,4870
24,8307
25,1262
28,5761
29,6425
23,8119
15,4250
23,1951
15,9740
32,3688
17,2356
13,2334
15,5066
22,5179
13,8294
22,1467
8,3252
20,8671
19,5823
30,8870
24,0504
29,0861
13,2755
8,3050
39,1622
-3,8528
19,7175
34,4045
19,7378
17,8266
13,9889
7,6286
19,3195
8,4542
15,1479
21,2766
22,4810
15,6757
9,9432
11,7766
19,2987
20,0456
15,7996
17,0801
19,7317
5,7565
19,5289
13,2623
28,8163
11,4780
6,5409
20,1271
30,8633
37,0670
-2,7115
26,2304
9,6632
26,1519
22,2112
4,6516
11,1720
10,8697
2,3220
25,7427
12,0641
3,6221
12,5321
16,0718
15,2741
19,2706
12,0368
23,4387
12,5824
21,9861
26,6318
16,0316
14,9969
20,0360
30,8021
26,8325
19,1533
9,4752
24,6534
19,1458
3,9728
26,2212
33,3560
28,9674
11,8743
20,7034
13,8701
16,2082
7,7190
27,4252
17,0109
35,1479
-7,4626
24,2381
-2,0553
15,0484
29,3326
17,8746
5,2648
14,8100
21,7491
13,6683
32,8527
20,5408
17,1165
18,2708
17,2240
9,0981
3,5441
33,6545
7,3065
10,8783
14,4490
12,5090
21,1382
12,5719
33,9232
6,4470
8,5547
0,5813
-2,4656
6,0426
7,5753
38,8754
9,9961
22,7076
18,2255
20,2933
28,7850
21,1000
24,5384
0,9412
27,6843
19,1261
9,0026
28,0816
23,6697
26,2059
22,5216
7,0403
21,9073
20,1822
6,5759
36,0036
31,0673
10,7546
10,1646
13,4144
18,5797
15,6242
2,3824
16,1067
12,5787
-0,9922
32,2013
14,0469
12,1929
16,1615
24,3342
26,3504
19,2844
4,8825
17,6527
5,6664
6,4444
10,3679
24,9856
18,5565
23,3694
13,5394
11,5216
16,7135
14,1120
9,9019
22,2275
21,5025
20,4097
24,0062
16,8906
11,6516
18,9161
31,5563
23,5687
26,2249
25,4092
24,5438
22,2927
23,0071
20,5335
6,5190
17,1459
7,3295
11,5852
31,3436
3,9159
18,4015
15,2979
9,1231
13,2384
17,7731
21,5389
9,8812
22,8683
-2,3398
17,4501
24,8891
27,7182
18,3569
16,4843
3,2031
7,2609
18,5450
13,3547
2,9240
31,7993
17,6218
26,9872
21,9234
19,1265
23,9000
26,6326
22,9112
23,9881
19,9547
33,6826
26,7423
17,7412
10,3347
6,1916
6,4806
20,9997
33,6240
30,8351
13,9502
23,8085
28,9067
10,6146
4,9181
20,9188
29,5864
16,0038
7,5893
13,8512
8,0241
11,3170
38,6465
-6,6608
14,3117
5,9355
18,4495
16,2713
19,8070
19,2300
21,9345
14,1768
26,1172
15,1002
22,8728
24,3637
17,3691
26,1589
13,4286
25,7740
21,7340
14,7240
14,2691
25,6695
7,6606
7,4816
20,1934
3,6445
23,2585
18,0467
17,9325
4,9787
29,8879
17,2788
13,8724
25,6836
26,6648
30,1535
26,8938
2,6132
20,9348
30,5136
24,1041
12,2395
8,4548
8,2686
9,5470
11,3912
10,7072
25,0277
20,0323
23,8498
8,1580
24,8724
13,7277
29,4191
23,3023
-0,8731
29,8875
9,8748
28,8265
19,6889
31,0399
6,9921
16,8141
13,4395
8,5259
21,1108
23,3610
29,8242
8,2751
-10,2841
19,8753
6,7522
23,4797
25,2468
22,2302
21,2515
15,5892
16,5961
29,8021
12,7199
16,7060
14,1250
13,1989
-2,4142
22,4313
23,3335
-0,8972
14,6129
-1,0685
7,3462
28,1570
20,4744
18,5938
21,1063
12,9553
15,1866
26,9988
22,4938
26,5000
19,0869
22,1892
7,0441
18,9199
18,5126
29,4710
16,9156
4,7698
2,4798
9,0205
29,6563
7,1946
22,4623
16,0942
12,2688
3,9898
15,2155
42,3279
20,7227
5,7086
20,3483
17,0732
13,7608
8,2939
25,4167
23,6734
26,4042
10,8358
34,0923
15,7297
26,9585
27,1119
4,7462
10,4777
20,0869
28,1172
31,5565
4,5720
15,5899
9,9403
2,3916
41,6433
31,9255
29,6530
18,3323
24,4019
32,8081
-6,6524
9,7608
-2,3093
19,3918
9,8527
22,3610
35,4317
12,8985
27,1046
34,4807
26,6235
26,8250
23,2155
27,3493
7,0974
11,9578
0,9250
22,3639
12,6714
22,5635
13,6909
7,9778
20,4364
6,7103
16,4834
19,2463
4,3433
25,1876
14,2627
15,2020
25,9945
20,6890
14,6473
20,5003
7,6687
23,2465
26,6731
25,2640
8,2166
7,5686
22,1907
-1,1746
12,2902
34,5970
33,6412
18,9384
28,3630
10,0119
22,5088
18,7114
28,5280
20,6710
39,0274
1,7271
23,8924
27,7074
16,2846
31,2801
15,4939
11,3403
15,2538
17,0654
20,8348
4,8205
25,8784
12,7595
17,9263
19,8085
6,7395
27,8197
37,9365
13,9985
1,1964
15,4431
14,4798
19,9321
11,4945
1,1459
6,2289
35,4001
9,8830
42,5959
12,9387
33,6690
11,2316
15,5605
12,2325
28,8594
8,1099
16,7321
14,9083
15,4524
8,6577
24,8749
18,9609
23,0402
2,6568
-1,8751
16,5277
11,5440
13,6548
24,7886
15,9312
30,9010
38,3989
32,1037
14,2092
13,8319
19,2454
16,6019
24,1264
10,2267
37,5911
25,5906
10,5107
18,6442
3,2115
13,2290
7,2492
31,6675
18,7122
17,7512
31,3291
11,1002
4,3252
5,3424
17,6947
16,4004
13,8802
32,3116
25,3270
37,8090
17,3730
13,4983
19,9790
12,2255
19,8778
15,0072
21,8912
28,0283
31,3514
29,2412
28,2894
13,5884
17,5443
1,9398
17,1806
7,1795
16,9233
30,9277
24,5067
29,6515
14,2721
28,8721
34,2658
32,1786
21,4911
5,1390
3,7624
14,2296
3,1667
17,1933
14,7879
5,1473
10,4874
14,7606
14,2274
7,5523
21,7702
17,7561
6,6069
16,7536
26,2726
14,5299
11,4979
33,6371
28,1751
19,4406
26,2105
5,0185
22,5839
17,7254
1,4879
40,9719
17,3299
30,0367
17,6947
16,0076
15,9004
21,5494
36,2373
10,8502
-1,0662
15,6982
15,9342
11,1376
20,5123
24,2122
2,3999
18,1638
17,3376
11,6857
28,2186
17,1298
17,7563
22,3547
14,5950
7,5879
21,4267
12,8431
15,9511
30,5019
7,8188
3,5268
20,6157
14,3730
18,5017
30,6057
19,6570
15,9179
30,5503
25,0110
20,4881
9,1396
16,2101
32,6008
22,1663
22,5137
6,4907
22,8891
27,9701
14,9019
27,2759
12,7993
18,7456
15,4136
2,7794
14,4025
20,4569
-18,1321
14,8091
20,4067
18,3851
9,3898
19,8551
-1,1740
25,4811
20,3029
31,5623
18,9447
22,1579
17,4784
19,3280
12,5205
27,9757
23,4261
9,8318
27,8593
15,0389
30,5473
26,9192
27,2250
24,2425
31,5341
3,9483
17,7489
16,6227
4,8290
30,0782
15,3305
25,1425
24,3699
24,3965
8,2367
31,9980
20,3208
24,6008
21,9165
13,3511
17,4125
12,1881
17,4149
25,3116
36,8627
23,9083
21,8430
30,8355
11,5538
21,8630
18,8184
27,3091
28,4066
32,1378
18,5770
24,2238
12,7240
26,0668
17,5971
7,7671
14,8846
20,0073
23,8716
14,6993
31,1980
10,5075
38,5381
18,7739
21,9869
43,6260
14,9122
13,8826
8,2994
20,5206
14,7153
35,3840
11,5894
18,8974
24,1192
15,2432
11,0809
2,0325
36,3716
36,0199
1,5836
22,8535
17,9999
18,9588
26,0278
-9,3998
22,4938
15,7316
-1,7285
12,9939
8,1700
18,9724
22,1740
26,0778
25,5396
14,0656
8,0697
19,4193
23,9791
13,7035
12,3591
18,6860
21,6885
30,6126
19,5243
27,3623
19,5639
3,0338
7,3928
36,3430
9,0995
30,4612
22,2451
16,6964
29,7461
26,3956
23,8596
35,5458
11,2738
4,8994
14,4981
14,2472
26,7345
19,5887
0,0969
34,5216
33,1389
23,3028
10,4730
34,0536
16,2459
28,7559
2,6372
27,0025
18,7193
9,6151
6,3244
33,1491
27,3864
23,1650
15,4138
25,0280
6,2203
31,1027
43,2291
12,3293
19,0575
23,6350
26,9270
16,3343
8,3538
14,1152
17,4643
20,8908
4,0986
12,2161
17,1868
30,0553
28,3881
16,7895
5,5516
18,9911
34,2857
9,4199
20,3801
5,4865
2,4205
26,8898
26,1844
18,7143
36,6381
26,0883
28,0613
21,2502
28,7008
30,2233
30,2125
11,8046
18,4749
26,1288
35,8042
10,2928
7,0090
9,2943
22,3668
22,3806
4,8398
36,2805
12,3344
9,1815
16,5763
32,3370
26,3010
18,5998
18,3971
4,0849
26,9074
35,4034
18,8506
15,2796
10,7344
18,9179
9,5434
10,6508
18,6099
26,1076
31,5080
11,6770
29,1946
29,5173
33,6233
-0,2533
6,9798
16,0455
0,4032
8,5081
-1,7565
0,0949
26,2956
15,9414
5,2033
27,3284
25,3265
5,4838
5,3722
6,2889
11,6011
6,4573
22,3098
21,9121
27,1788
13,2502
6,9373
22,0034
13,0378
14,8559
38,1895
24,6875
6,0647
22,6402
32,1116
20,4144
7,3592
12,6254
21,8197
31,3586
12,3694
21,0716
27,2674
24,2475
31,2500
-6,1650
27,2437
20,9828
33,2666
18,4334
28,8837
13,3386
36,2679
14,6389
-0,3811
15,8089
1,8961
36,9178
9,5701
5,5370
22,2785
3,1681
19,1600
1,4737
8,0777
12,3086
12,0203
12,5754
21,6137
35,7430
17,6636
6,7912
24,3304
22,6077
27,7239
24,1285
16,4894
19,2194
17,4137
24,4399
13,8319
26,1989
21,4689
23,3760
15,5920
31,0896
19,6985
8,3614
11,1460
20,1119
36,7663
23,9287
14,1566
25,7455
8,2330
8,5392
16,1815
34,1323
28,8237
8,5460
32,3230
21,1013
16,7985
25,6585
23,1060
18,7669
31,1153
20,1460
18,9682
2,9552
36,1480
-2,3432
17,6590
14,3247
4,0780
10,2688
18,5072
21,0263
8,0409
19,5182
22,8817
20,8641
10,3375
32,6621
33,9764
16,8100
25,9701
25,1390
28,3437
27,0109
12,0693
30,2127
8,2817
11,7064
37,9982
30,1195
1,4613
24,6744
16,4859
30,7674
16,3180
24,3588
18,7653
13,8268
23,7809
9,4121
18,3668
29,8016
21,4310
21,5706
17,6925
12,6301
17,7257
6,2875
32,1560
22,9507
17,2875
35,0145
28,4645
26,6644
18,0604
8,1677
11,7224
9,9525
22,8325
27,5490
15,6314
18,6223
4,9863
7,6143
20,8765
32,7317
3,6737
4,9368
27,7606
8,3957
27,2101
5,6982
1,3848
21,8144
14,8318
22,8534
13,8957
31,5614
7,7318
5,9714
32,1753
25,4179
29,0033
17,3760
27,6591
12,8992
10,4826
15,3957
12,1507
20,7889
9,8882
15,8786
2,0716
14,1522
12,4417
16,1575
10,2405
24,8658
31,0768
24,2808
16,8909
30,5555
11,0556
11,8095
32,5817
-4,6259
7,7722
12,6714
-6,1810
7,7941
12,8623
11,5618
30,4130
15,6111
3,7995
32,0107
6,0490
32,8547
27,7079
24,4629
1,6887
15,5169
17,4783
16,9322
8,9913
26,9295
10,1334
17,9385
21,6516
31,3018
33,1969
8,3893
18,2685
11,6496
20,0268
23,0350
-2,6893
27,3191
11,8819
20,9088
13,1293
17,4362
17,6819
23,5012
2,6228
17,2876
11,6825
10,3682
9,2793
21,1502
6,9082
19,8537
15,7655
31,8673
7,7167
14,0087
15,9216
7,7662
33,9210
5,9370
17,2975
26,4670
23,7664
21,9275
25,9695
18,3761
18,5504
11,1415
19,6022
17,3685
4,1111
15,4738
14,8757
12,3414
23,8495
14,7040
4,1748
26,5792
7,7365
28,3714
21,1500
33,5693
27,5372
25,9266
19,2686
17,7252
24,7242
-7,7054
18,6182
13,4453
16,2641
19,1467
15,9037
7,0644
-11,5605
14,5566
28,7673
14,6986
5,0145
16,5321
28,4978
22,6835
9,3887
31,6109
23,2426
13,9930
15,2358
23,8694
25,4932
14,3753
19,5412
18,3315
19,1165
7,2354
16,6642
-0,2884
30,4618
16,9449
18,1442
21,8437
18,1883
16,1824
12,2917
13,0050
11,4155
20,1904
12,5619
27,3323
27,5974
-2,4244
19,0482
3,6967
28,2140
27,9628
21,1617
22,9618
20,2036
14,5497
14,7007
10,2493
18,0850
5,8260
30,7241
2,7093
24,6475
32,3906
20,0284
6,9723
17,2916
23,4605
10,6921
27,2368
34,6448
24,5744
16,5771
16,8521
19,0333
21,6382
38,1921
10,9637
8,2611
32,7026
19,1665
7,8874
15,1714
16,5457
33,7013
6,1179
17,6726
-0,6339
36,4550
17,2690
18,3794
36,3317
7,6641
14,8121
35,5917
31,6960
10,4340
28,8432
17,6791
27,6675
12,2761
6,0253
20,9890
7,3383
22,2404
-2,1130
6,1533
4,6545
17,9248
12,7808
-0,9487
15,3020
18,8678
17,4632
30,2247
29,1346
25,0890
21,6598
25,0529
24,7401
31,4721
11,0397
18,8608
15,7236
22,7194
12,4355
21,8362
2,0238
26,7441
23,2024
19,8205
32,2471
26,8484
33,8489
38,4682
13,4216
24,2501
11,3717
32,9335
33,9833
12,2186
19,8562
12,7363
18,5325
12,1678
-5,6728
27,2446
25,8182
15,3937
13,6699
17,0787
18,1284
13,8416
19,1944
20,9772
32,9620
-1,7277
25,2657
-15,2606
12,4404
-4,1364
10,5916
23,1447
13,4228
13,0267
24,3317
17,9590
19,0501
18,0169
20,1166
22,1539
7,4233
32,9471
23,3460
29,5832
21,0317
3,6358
25,1433
23,3815
32,4714
-3,3201
13,8227
16,2332
24,9506
2,8074
39,7176
23,0935
18,6360
13,4880
12,8357
13,2841
8,5739
24,1729
6,1122
13,7442
27,1538
15,9205
17,8160
3,9683
47,2815
4,4498
4,3336
21,2944
21,1099
25,0814
11,7416
15,7275
15,7835
22,1701
15,5391
25,4039
27,3596
11,1100
35,9959
13,8676
44,1130
3,5538
13,9948
3,2342
27,5637
15,8915
22,1645
16,9049
21,2647
13,9947
8,6193
13,7824
24,7456
23,9991
32,9400
22,7122
10,3699
15,8625
32,3000
16,8571
5,5879
31,5470
16,9462
13,6475
19,4964
34,7538
11,7967
22,0669
19,9718
19,3754
6,1033
24,2774
25,5033
30,4866
15,8085
21,1441
17,1810
37,1124
17,8740
25,2189
8,8643
22,9454
30,0580
1,1089
17,6087
13,7903
7,4020
14,3171
30,9182
0,3638
9,8773
26,0739
23,1662
11,1005
26,2343
19,9124
9,4831
13,1295
4,1216
19,1507
25,0786
13,7163
33,1386
20,2301
22,6807
13,1643
15,0205
28,5164
16,5012
12,3252
1,8139
35,9809
27,4373
28,0716
0,9609
18,6912
6,9753
0,2184
4,8335
-10,5396
11,0026
26,5769
17,6723
17,6211
5,6336
14,0054
8,7311
27,5433
31,9926
2,9576
27,7967
23,7870
22,8019
19,9471
29,8466
22,6370
18,3099
16,4429
16,1653
13,1867
-2,0061
24,2432
13,4373
11,6084
2,2287
32,7220
19,4639
19,4954
20,8323
23,5671
23,0671
11,2956
32,4711
-1,6229
6,2147
-1,8498
22,9929
19,3519
19,6350
16,1357
26,0965
16,1822
29,5708
0,8324
26,2053
12,6137
17,4010
13,8611
-3,8889
26,8004
24,5397
15,7313
14,6136
8,9220
15,4766
14,3826
16,6835
20,9635
-2,8752
-4,1198
17,8460
16,4733
14,3793
5,6559
23,3142
9,4096
25,1980
22,2093
16,0134
23,6353
26,0005
18,1833
34,5744
13,4019
2,8974
17,0766
20,8198
20,0038
9,4540
17,2674
14,5035
0,1083
26,1291
30,3707
32,1597
29,2793
30,2656
16,5860
29,0529
22,1970
8,2638
12,8714
15,8589
31,0113
11,4943
26,2701
4,8829
22,0627
36,3000
26,8994
35,1356
23,9380
21,1463
20,4978
18,6961
30,4225
20,3951
18,5032
12,6407
9,8636
26,4418
17,3425
26,8615
21,4426
22,5320
17,5250
37,3877
21,4700
13,0939
31,4245
-5,9313
13,6056
13,9523
27,2292
21,3694
15,6634
13,0371
17,3147
9,9841
39,3130
26,3943
15,7399
10,9241
6,0351
14,4802
18,5895
17,1550
7,3971
32,2387
10,1865
21,3862
12,6927
17,5475
4,2248
14,5898
34,6045
-4,6636
24,5379
27,2981
8,7663
17,6445
23,1218
10,2873
10,0139
20,8627
12,7949
24,5389
28,4577
6,4198
10,2523
24,6202
24,2098
21,1223
10,0668
6,3782
21,8511
19,0713
13,6184
19,0905
27,0714
28,0547
-2,2506
19,1943
17,4155
9,6967
15,7036
8,5124
20,3818
15,7255
2,2978
22,7659
20,2432
26,9880
23,7229
11,6197
8,6004
12,7056
21,3306
29,0383
1,1719
25,0891
18,1741
19,5179
22,5571
16,8978
7,0626
-4,8535
33,2357
43,1731
11,0567
7,5956
20,1982
23,3563
17,7834
12,5029
7,6021
39,7971
23,0215
27,8171
23,9391
10,7216
17,3864
28,8378
24,3036
13,9132
10,1833
33,1508
24,5616
28,6468
12,7015
11,0514
26,7611
8,9125
26,9779
25,7518
33,2675
35,2537
22,7034
5,5044
22,7876
16,6748
-2,1658
13,4723
22,8307
7,4186
16,5652
27,6795
13,3670
22,6182
8,9969
3,7411
31,7531
7,8202
26,3989
29,8028
27,1581
13,5503
19,6956
35,1161
16,6981
9,6879
8,6920
-0,1697
16,1559
16,2972
24,1697
24,6868
10,2346
23,3396
19,6723
5,7350
31,7218
23,2698
15,7513
15,5786
14,1368
13,5082
15,4159
9,8904
17,2112
25,3353
27,9721
25,5703
24,6868
22,0391
8,0188
13,2545
40,5031
25,4901
28,1811
29,9258
28,2689
21,6221
6,4546
22,8181
15,2932
17,3367
13,8966
12,6480
17,0561
10,2284
22,0360
13,7649
19,0267
7,7576
9,1344
29,2238
5,1059
20,3183
19,3409
7,0919
11,8592
26,0827
23,5363
29,3190
15,3009
20,0030
19,9453
17,4290
8,9141
18,6144
29,8311
17,1428
38,4692
27,9107
17,4894
6,9830
12,7457
22,4136
-0,7102
21,1491
19,9141
22,8671
9,6171
-7,3116
2,6342
14,0558
16,1625
26,3988
11,3520
32,8988
28,3049
16,1885
10,5740
16,8185
15,5217
8,3126
31,6235
4,0821
30,1707
22,6954
6,4481
10,2456
16,9409
26,4246
32,6564
27,7487
19,8504
20,2063
23,1084
22,4882
14,0268
14,7055
9,1629
10,7741
12,0148
19,2324
15,5791
16,8022
29,8465
6,3551
8,7170
24,2898
32,4502
25,4075
17,5938
25,2258
23,0815
11,5447
20,0528
10,6600
24,6780
34,4736
27,5436
13,5868
16,2594
20,8336
17,6272
29,5813
27,9945
9,4163
-0,0493
20,6243
30,0074
2,9014
4,0133
12,8642
17,2548
11,9656
17,7434
32,6333
31,0938
8,6662
8,4102
20,2675
14,7367
11,9324
19,1830
11,3304
25,9551
18,9132
31,5022
17,0985
25,5505
11,8759
20,5116
6,4341
29,0549
19,7783
21,0184
23,1963
25,4331
11,8496
22,9716
8,4530
16,5320
8,3103
3,3286
7,8384
14,3952
15,9089
23,6373
28,1000
16,7981
30,2243
1,3697
6,3664
29,2349
11,6068
3,9267
-14,6495
19,0602
15,8274
27,6527
18,1971
11,5321
32,2675
25,6933
19,0766
17,0253
17,2625
18,5657
20,5896
36,6143
27,7724
15,6771
32,4124
13,5828
11,5767
17,0633
20,8093
25,5726
23,2696
22,4973
14,5993
10,4121
16,1613
27,9774
17,7334
8,7723
17,2009
16,7446
13,0266
13,5279
26,4721
20,5758
6,6383
23,4366
6,5881
11,3026
11,6701
10,0900
10,2426
14,9462
18,0576
27,2594
-8,6793
11,2376
3,8725
14,6520
16,5128
2,7569
32,0602
27,5751
20,5816
15,9043
20,5221
30,6680
27,0082
23,8871
11,7015
35,8543
20,9669
12,1959
11,6564
17,5741
16,6483
8,7080
20,3291
21,9775
31,1491
27,8785
26,9028
15,2527
17,8802
21,7202
28,2474
29,7294
1,3150
9,1332
17,3698
10,7080
6,3200
31,0196
11,6519
28,1034
17,2324
19,8713
32,0347
35,0674
26,8946
21,2009
12,3959
18,9396
15,7714
12,3399
33,9741
26,2428
10,9521
25,5594
-4,9180
29,9005
22,3178
24,0342
15,4000
6,2376
29,9267
35,5066
24,0461
16,6610
8,0797
20,2291
26,8563
20,1084
15,2351
28,1430
25,5463
5,2778
-1,8744
4,5969
17,8420
11,4986
7,6023
20,6344
15,0296
30,2145
32,4985
28,8735
26,0464
26,0410
33,5192
14,8554
1,4434
41,6896
19,3716
30,7301
22,3515
18,8270
26,8419
15,8798
21,3027
16,8826
15,0419
18,0061
0,4174
19,1153
7,1781
24,7629
25,4234
12,4248
31,8349
12,0182
4,6984
33,6268
3,6529
21,7967
26,8753
8,1299
22,0388
21,4376
9,3262
22,7669
25,3174
11,9274
18,0511
16,4656
10,1099
-0,9297
18,6557
15,2462
7,9142
18,5947
24,2003
21,8196
30,4531
27,0413
15,6982
14,8979
3,6086
13,6105
14,0808
21,9326
20,6868
21,1273
8,2909
24,4966
23,0933
1,4782
20,5066
10,5332
-4,4076
26,3422
9,3780
23,8904
27,2843
29,7531
17,2495
20,1835
30,7862
28,3812
13,4787
31,6837
7,8408
36,9031
14,0092
-2,1004
23,1824
9,9961
30,3601
18,6369
15,0946
2,7334
10,2881
15,9727
6,7590
17,2601
15,1898
20,0719
14,3835
4,9203
15,2478
25,5973
5,7335
12,8681
37,4924
39,9145
26,1725
26,4446
33,3593
10,0722
25,2589
23,9853
18,8703
19,6286
12,5552
15,7263
10,0183
17,8775
3,4914
10,7815
33,3411
6,7292
17,6586
27,5736
13,0682
29,5368
24,6198
23,7516
16,1766
16,6789
-0,6954
21,5439
11,0885
22,3300
15,2262
6,4098
11,2394
9,6240
11,9238
27,6767
20,6804
1,7393
22,5788
9,6937
13,0163
6,6635
-11,7206
4,4137
22,7759
12,9077
4,1741
15,7023
18,5188
21,3647
21,4432
25,0328
12,9276
20,7564
23,6044
28,2399
20,8097
25,9006
1,9179
25,6240
29,1139
6,6758
15,0589
22,3487
10,9897
14,5458
20,7378
28,6237
29,4606
18,3065
30,8716
19,2992
25,4126
33,6192
13,6218
10,9567
7,6755
28,8501
33,0869
21,0543
9,0639
6,1085
17,9880
7,4553
23,3186
18,4876
22,6491
33,7740
20,4465
33,1584
12,2798
9,6450
28,8402
20,1597
13,2541
15,0580
18,6393
17,1643
25,5321
6,0485
27,8031
19,2589
28,4431
20,3191
15,8541
19,2957
13,4681
17,4761
21,6020
28,1891
24,2441
4,2674
17,7459
20,5124
20,6069
14,1661
3,4725
12,7810
27,0451
30,9514
26,9381
14,2175
9,8401
11,4671
27,4697
21,9623
22,3656
14,6890
16,9004
1,1603
22,8584
26,1922
11,6777
12,5537
28,3783
11,0086
23,0956
17,5106
21,2890
23,3702
17,5552
25,1475
24,6749
18,0307
19,1128
16,2986
32,3057
22,7931
1,7708
0,4000
1,8147
21,0932
17,7811
32,2750
23,0593
25,2282
14,6310
24,3891
6,8383
9,6378
6,9830
27,3639
33,1977
18,0622
27,8825
14,9747
-2,6440
28,6657
31,1122
32,7088
16,8684
16,7152
10,4747
11,5430
28,5706
25,3796
25,7965
33,6713
19,2378
21,2909
24,9766
36,8383
25,6664
14,5766
32,9756
22,0172
19,6216
0,6521
-7,2702
22,8530
8,6772
10,6159
10,1297
16,3130
32,4191
25,4749
27,1083
11,0879
13,8194
23,3304
35,9221
24,1906
19,6166
21,5635
22,5512
26,5282
23,2856
22,2415
-4,4882
20,7122
24,9244
13,0700
10,8396
20,6047
22,5103
16,1569
4,7099
15,3184
24,0121
18,0398
2,3169
31,6558
0,8837
18,9212
3,5493
20,3828
-1,3947
7,3863
27,2028
18,0684
18,6089
28,7665
19,3330
22,1815
13,4912
32,4333
20,6099
25,1047
16,0140
1,5170
11,5466
-2,3802
16,9535
19,1880
21,4330
29,9318
27,2599
9,3764
15,3739
24,9809
19,7457
21,0822
-3,8964
8,5446
14,1792
28,1679
18,7581
16,7646
-2,9401
2,4147
11,2688
26,0205
24,0810
0,9609
30,2956
32,3332
27,7029
16,4954
12,7187
29,5672
21,3964
30,2511
21,3532
19,1128
15,8296
17,4994
32,3683
29,3594
20,9939
22,7618
4,1337
20,3926
10,0538
8,0439
29,4214
16,7121
20,8874
12,9681
28,4450
26,0351
2,1050
33,6525
-3,1283
18,2784
10,2218
30,5276
32,6125
17,0629
11,4409
4,0528
33,1559
3,4134
14,8905
34,2960
5,5474
29,1215
13,2268
25,8127
31,0687
28,9603
15,3464
11,5965
20,7127
21,0603
29,7450
20,0136
24,0980
18,5950
8,3014
8,3047
13,9744
12,5559
23,0885
8,9241
20,1736
12,6959
22,0452
32,1575
29,0455
39,6332
25,7927
17,3529
20,9026
28,9659
15,0423
32,3262
25,7925
16,4469
19,8065
19,1524
13,9137
15,1980
32,3874
20,6648
27,8158
20,2754
13,7154
9,5405
20,4615
29,4736
10,8197
13,7058
7,4658
23,5708
28,2017
22,9128
33,4277
16,1257
23,9253
28,6685
28,0037
35,6891
33,0718
36,1375
7,6302
-3,5107
27,4815
9,5070
19,6984
9,2352
3,9821
15,7942
10,8771
15,5646
18,3540
8,9818
27,5132
31,3268
25,3849
17,6226
0,3776
15,8831
24,5674
30,2804
14,4348
7,1778
28,1881
11,5241
16,1559
7,1759
24,4167
36,7840
5,0277
17,6305
26,7815
16,0632
9,8745
31,7463
-0,3315
31,9873
3,1333
19,3740
13,9424
6,0993
28,6227
21,0599
25,8310
30,2422
19,0093
27,9013
14,8247
5,8387
18,3296
22,2954
21,7774
10,4758
13,3878
10,5822
9,9632
12,6308
2,4195
12,5780
16,6319
12,8442
18,8415
-10,0694
14,4817
19,6634
4,1790
35,1877
30,0422
20,9393
10,2735
10,8707
22,3927
29,0184
1,3049
7,2439
-9,0502
18,4257
24,6771
13,5717
18,1462
20,9743
31,6692
30,7104
16,6578
10,8756
27,6254
2,8098
8,0989
11,6542
6,1889
5,0643
35,5686
23,3719
5,1789
32,5330
15,0233
12,1495
24,5621
20,5307
16,8621
20,4312
0,7991
18,8881
-0,2901
14,4783
35,6679
16,4518
11,9610
14,3006
24,0646
30,7233
26,8776
24,4794
16,4623
15,8812
30,7213
28,2273
24,3747
21,4327
26,3765
10,5903
4,1492
2,7483
11,8171
11,8379
27,3864
19,7369
7,8431
15,1653
24,9250
27,1595
19,5725
8,4204
21,1845
4,8107
3,6912
27,2842
21,6289
22,3445
2,6235
31,8744
17,8372
21,4542
30,4140
16,9088
3,4008
17,4358
30,5535
24,1452
28,5769
16,5090
17,3646
4,9206
9,3719
30,1569
11,8587
8,3407
24,9598
11,9743
20,1918
32,5541
25,8422
8,1464
23,3207
32,3145
22,6084
17,5441
21,8761
26,7411
5,4517
24,5270
11,8886
16,7683
13,7759
-1,7506
14,2572
-26,5935
18,6376
13,7118
26,5089
13,2859
13,5776
22,8518
41,1684
8,3855
16,2208
8,6026
8,0536
9,5423
18,2636
19,3389
16,4302
33,5536
27,7985
24,1606
17,6326
8,8012
21,1588
5,6210
-0,0163
24,4000
28,0549
26,2401
28,4983
14,1394
32,1505
18,9309
10,7953
16,3807
28,4539
-0,6667
31,5391
23,2375
9,3949
12,9198
10,1947
32,9754
21,2714
34,7915
6,7993
23,9945
7,9924
18,7022
19,9680
11,1049
19,1743
20,4818
4,4744
13,5843
3,7345
21,7637
19,0698
22,0946
0,5073
19,3448
16,4456
12,7367
14,3316
17,0046
7,1023
21,9173
24,2386
25,5817
6,3162
31,6388
16,8571
18,2038
31,4949
26,1324
20,4292
6,7726
18,2218
33,4452
16,7183
10,3917
14,4049
27,1227
18,2497
21,2001
1,6435
38,0161
21,7308
26,0492
13,1782
25,9415
18,9682
3,5972
22,6837
29,5382
24,9867
27,2940
13,1398
21,3671
9,1179
24,9575
32,6764
9,8248
15,8132
22,1425
26,4270
24,4643
20,3141
24,8269
19,6353
30,8352
14,9734
29,5015
17,2363
21,6453
12,6646
21,5852
-8,7456
3,3675
0,1868
22,8332
11,5650
17,4503
20,6812
26,8592
28,0249
23,2111
12,7413
6,4894
15,4078
9,2623
24,2626
20,0521
14,4274
14,0372
14,8706
19,6669
2,1100
14,4022
-0,6006
1,8570
19,7321
20,7349
23,0686
16,2086
23,7134
28,1513
23,2682
15,3243
21,4691
23,6704
21,0175
13,7770
23,4212
13,4692
13,7574
15,8873
14,2669
27,1329
22,9211
36,3736
37,2971
19,1859
15,5771
29,4287
17,2164
12,0477
26,2956
10,4256
14,0585
9,6985
25,1669
17,0508
29,4509
14,9779
0,5729
25,6444
17,5271
17,6269
21,6395
-0,7951
8,7819
26,9535
16,1065
19,7821
25,4982
26,5508
-3,4024
4,8257
24,0648
2,0396
17,2714
16,1639
30,5251
7,0149
21,3839
7,8226
15,8890
8,9729
14,0610
26,8312
18,2755
15,4398
14,1390
11,0984
19,4257
18,9031
28,5918
21,7721
13,2700
30,1436
13,6184
7,5192
15,4559
30,0506
29,3835
10,9861
10,5895
8,1812
7,5599
37,2599
11,6048
7,5631
29,0397
12,0042
39,1626
6,8620
32,7259
17,1549
10,5959
20,0286
12,6423
30,2797
17,4759
18,2838
18,9672
26,0691
23,6348
22,4313
11,3263
7,6640
27,6244
3,0683
38,1545
14,2865
8,1070
28,1415
20,3635
8,4908
-1,2625
7,0650
29,6706
12,3533
5,6409
27,4164
10,8262
28,4632
21,9487
22,6899
26,5684
31,5726
4,0042
6,9128
17,8497
21,2035
10,6317
6,7487
17,2348
15,8617
21,0026
-1,0651
21,4843
15,3799
28,4133
1,7949
21,0750
20,2661
19,2948
14,9242
15,2860
19,0747
7,0692
14,7217
27,0754
17,7002
11,2348
24,7993
19,5756
27,0877
21,3428
14,0938
22,3721
12,7829
5,2295
30,7998
25,5246
22,7520
33,3124
28,9435
15,2690
33,9578
8,7650
20,0498
18,4298
-3,8427
24,3219
27,1719
18,2931
23,1977
27,9497
18,7243
10,7169
30,6152
9,0212
19,0848
14,8345
20,3953
12,2703
25,1948
17,3705
21,7872
7,3512
10,3449
17,4520
14,7549
-0,6471
39,3366
24,1528
14,7646
36,9593
7,5992
31,9849
26,2308
7,0270
26,0227
29,3834
24,7044
20,3602
18,5939
26,2985
30,1420
19,7836
13,8313
27,3397
17,1094
7,1743
32,0966
7,2036
29,9374
41,8489
34,8516
1,4591
8,1713
2,4946
18,1898
7,8911
27,2746
6,9278
18,0135
22,7463
10,3837
14,1136
25,1841
35,5331
19,2340
27,4158
-1,0671
22,7564
14,4889
17,2660
14,3650
15,7763
36,2910
34,8128
24,8780
19,1012
34,9311
15,0054
21,4583
25,6805
6,9518
9,5450
7,2306
19,1806
11,1196
28,2197
26,5969
34,5302
9,7448
13,3672
34,7372
8,1481
28,4303
21,6696
7,6463
9,9685
36,4197
28,1671
20,1581
34,0083
19,6551
24,8968
34,6653
17,7831
25,0134
17,0392
22,4835
25,2725
32,3805
13,3052
18,8423
18,6466
6,9349
7,9644
-1,4866
23,6588
6,1596
12,1106
25,4554
12,0162
10,4271
1,3634
16,9615
8,1178
22,4484
6,7122
11,2704
4,2943
23,5305
10,2364
28,0348
26,3867
10,5821
18,6353
29,6647
9,7345
3,4933
9,1622
-0,9506
9,0573
19,5949
9,4708
12,2590
26,0769
19,9690
10,4943
21,7881
18,5271
14,6762
27,2316
13,6748
7,1558
16,8429
22,5743
31,0878
24,8314
28,5064
13,9038
25,0302
17,7765
16,2956
29,7283
14,2586
22,1080
21,9380
23,8404
6,7377
14,5366
3,8973
8,4084
23,1084
34,5156
14,1128
10,8397
9,1706
37,8532
5,3466
4,3751
26,6337
11,7496
8,3806
12,6368
30,4335
24,3677
7,6955
-3,8821
10,5737
8,9635
26,2224
15,7681
17,0586
5,3636
28,5492
6,9597
24,6696
25,0540
24,3564
34,4010
20,9464
15,6864
18,3241
26,4818
31,6817
31,5913
29,0657
8,0213
13,7009
38,3433
26,4207
13,2093
24,8356
16,5460
20,7758
26,1337
16,0754
25,2414
18,1176
28,5416
10,4671
34,3992
23,8446
19,0328
13,2423
22,0297
4,6685
17,8781
30,8175
15,3836
0,5637
26,6125
20,4229
19,6626
6,8704
11,5672
21,2334
12,4806
26,6874
18,4129
1,3994
19,1895
10,5561
21,8784
5,1534
33,7992
35,2881
25,9091
10,4888
14,4448
22,4796
33,8965
4,7902
13,3835
16,8012
20,7958
26,2514
12,2454
28,5952
16,6199
21,3894
11,6879
26,4135
15,3583
20,4118
35,4144
18,0087
10,0846
27,2877
23,3271
23,7317
-5,1364
16,2845
20,1294
20,4392
9,4848
14,1622
16,6845
43,4047
-5,7134
30,0649
26,1915
33,4549
17,7963
18,9725
26,4445
23,2972
18,5231
30,6348
28,2394
40,2382
7,7339
11,9459
5,3336
23,9100
31,0197
24,2528
17,5624
12,9915
10,5479
19,8242
20,4974
12,7324
24,8989
18,0488
32,7821
33,2126
26,2252
16,3360
11,8407
29,4676
21,8180
24,7470
15,3314
14,1854
11,2392
8,8464
17,1570
12,0306
14,7917
13,8596
8,0490
19,2801
16,5131
0,3877
27,8817
20,3436
23,9508
15,7137
26,5402
25,9410
26,7479
13,6723
5,6077
4,2170
21,3316
16,1332
19,3112
22,1693
17,6996
7,0179
18,9062
18,3802
31,4097
11,3880
19,0782
11,4575
11,6447
13,3982
18,1704
19,4641
10,9885
20,8641
30,0191
31,0311
17,5965
16,9019
13,8001
33,5382
23,0355
32,3225
27,2588
15,4512
29,7246
1,3361
21,6911
15,1774
15,9966
11,5235
22,1683
26,5641
12,7852
5,4811
31,9225
2,9360
0,6437
31,0596
7,1484
25,2863
21,0341
7,7273
20,6550
7,2484
12,3238
20,5931
27,1294
27,4756
10,7135
9,2448
25,7169
9,7595
15,3095
10,1460
15,1501
28,8854
14,3671
21,2719
15,3540
15,9642
16,9528
10,0400
27,5962
22,0592
21,0780
15,0840
22,7486
20,5191
31,9410
14,1835
13,3212
19,9865
14,1858
12,8231
20,4254
26,8705
24,1000
16,1289
22,8419
18,2680
12,6883
21,6283
9,1282
17,5649
23,9979
18,2538
10,7354
20,4865
-0,5409
21,0029
5,8674
6,0473
9,9468
11,9671
20,4716
20,1772
2,3103
21,7791
15,0969
16,0908
16,9591
11,8749
36,5520
23,5174
21,1831
19,8917
15,9407
13,6036
26,3203
10,3201
19,8522
35,0458
13,5967
18,5182
5,8709
4,5561
30,1605
6,7850
4,3872
13,5887
24,0302
8,8237
16,6983
16,0413
31,3760
29,0500
20,5783
9,9552
25,9689
4,7610
14,8721
16,3320
2,4846
19,5148
5,9408
16,6427
20,5268
14,1952
28,2998
14,3536
18,9080
31,4046
10,5831
7,9027
23,7273
20,4464
17,6024
13,0986
26,5437
6,2083
16,8655
8,3165
23,5640
20,6768
16,6177
28,1599
10,2988
21,5663
18,2873
14,7220
16,1191
14,6632
32,9683
34,9108
20,4417
20,4831
27,0842
-5,1785
11,2968
1,3503
21,3993
2,6795
16,9011
26,0641
21,4688
9,6211
25,3686
19,1395
11,6409
2,5433
21,5914
-3,9548
-2,0921
30,6545
12,8385
32,7117
18,0623
13,6626
20,2698
11,8340
16,6161
14,8685
15,1884
33,3588
15,6070
22,7892
6,1174
25,8257
7,3316
29,9963
15,7051
22,6136
19,8706
30,5632
16,4709
11,9371
14,5276
25,9798
10,1743
12,7979
11,3902
8,7784
22,7373
10,6532
9,3714
19,1060
13,0747
16,1421
24,6386
9,0691
17,4427
19,3574
4,0249
1,0095
20,1438
35,3309
7,0224
1,8746
7,4357
17,1488
15,7796
3,6791
-5,1117
39,2193
9,8760
25,6821
17,1034
15,0999
12,9046
20,6883
24,2928
17,1981
17,0297
30,6958
22,8213
22,9727
17,1410
31,3034
12,3533
1,4216
18,6927
14,1588
35,2104
4,6202
11,1092
13,6965
14,0027
33,2537
29,1210
23,1566
19,3899
23,1747
28,8675
24,9694
11,8819
19,6737
16,6827
24,3768
18,8115
7,2644
9,0342
22,1449
13,5602
14,0383
16,1606
12,6171
27,5310
25,0268
30,7212
26,2160
18,5219
-0,0130
21,7535
0,0670
20,5131
14,7520
13,2739
1,9486
25,0809
16,5824
15,5447
12,7916
12,9185
25,6466
28,7822
23,1316
28,6148
31,1880
11,3116
26,6002
9,8587
28,2482
5,0506
8,3558
14,2936
24,4601
17,6691
30,6587
9,6961
15,8728
19,7483
8,5898
26,3927
14,2966
6,4785
32,1251
31,8934
18,0978
14,4221
14,1582
18,8621
31,0429
22,6015
8,0734
12,9162
27,3888
23,6901
23,0118
10,5331
18,0959
27,1437
21,0351
18,5966
-9,5611
27,3391
23,7386
30,9188
8,3091
1,2787
14,8221
16,2224
12,5397
4,5872
22,1054
26,4279
1,4967
19,3629
-0,6187
11,9176
10,5399
31,1536
9,2612
27,3834
10,8033
27,3294
34,5394
4,5678
20,1864
3,6671
9,5178
26,3949
10,2262
34,8105
28,4992
22,4478
18,7677
19,1303
19,2009
15,5275
30,8024
26,8692
31,2443
8,4577
18,4567
27,8388
17,6483
7,0141
19,1441
14,0637
25,3037
13,1896
32,1252
30,3687
3,9988
29,7071
34,9158
13,1575
22,2800
17,5168
18,6895
32,8391
21,8187
18,1938
18,9946
8,4487
11,7142
43,0424
2,4036
14,0208
32,1740
30,8456
22,1671
15,9544
32,9266
21,0680
9,1919
22,2558
22,6094
9,3554
31,5671
19,9378
15,4795
28,1565
9,7931
27,8294
8,0183
15,9924
10,1583
12,9059
23,3862
19,2884
22,8311
21,3628
11,8527
33,0017
15,9677
24,3341
25,4238
23,6918
10,6675
27,3381
21,2780
35,8479
22,2336
16,8381
17,5774
29,6132
9,8371
5,0974
32,6904
13,0302
11,2071
13,3895
19,2769
2,4075
37,7840
16,0199
-7,4842
14,7691
0,2471
27,0908
6,5702
14,7478
14,4282
7,4870
29,1359
5,4452
5,6934
17,3924
32,2377
25,1079
19,4816
9,2400
23,5376
33,4051
-7,3577
24,3694
11,7029
3,2763
9,8405
19,2227
14,3562
6,5521
29,1857
22,2264
16,5835
28,1891
21,8774
6,6915
20,3589
16,2875
19,0488
43,4880
23,3443
13,6009
19,9766
10,3807
23,2246
9,6942
26,2457
32,8811
7,4252
34,5652
16,2388
26,1182
36,4667
8,5600
14,7064
9,0694
11,6279
30,2460
6,5902
-3,6285
9,1183
33,8703
26,6195
15,0976
-1,3607
22,0874
1,8705
41,0832
22,5295
7,1276
29,8624
17,3051
18,9016
33,8578
24,0234
19,8888
25,2096
15,6546
15,4233
9,2533
15,6124
26,6793
5,9479
23,5960
22,4795
19,8767
24,0514
16,3465
22,1401
14,4550
31,6804
7,7712
11,9790
14,0009
22,5115
23,6742
28,6884
5,5589
13,3277
21,2583
23,7858
8,0182
7,8203
21,4560
15,3694
10,1687
16,4517
28,7555
15,6424
25,8183
23,5538
21,6166
32,7819
6,8218
26,7748
11,2855
13,7057
15,1753
24,2251
19,1795
9,5091
6,3976
25,8273
17,2472
25,0323
6,6334
9,0047
21,9621
-0,2061
16,2925
10,6573
27,9911
24,8540
12,5287
24,6389
33,2175
35,1626
24,7807
17,4609
6,0846
26,9552
34,3373
25,5106
-0,6862
4,9162
25,1744
16,1165
24,9885
41,8917
15,0771
27,3349
14,6128
26,2998
8,9443
31,8241
10,9714
28,0203
16,5608
19,3645
23,4923
17,9836
23,3514
20,4671
18,8993
33,4096
15,4704
17,8528
31,6066
30,7618
17,4155
11,2596
31,8528
31,9419
9,8067
21,8699
6,8959
29,4181
22,5178
-0,3589
13,7160
31,2329
27,1365
12,8810
41,0650
24,1434
14,7768
14,9825
4,5303
19,8178
29,0812
15,5564
16,5300
15,6136
5,0505
-0,0937
25,0504
16,0218
33,4102
21,7468
37,4766
-3,7159
18,8484
24,4038
25,6647
10,2603
27,4173
2,8782
13,9495
18,9266
11,5588
18,9024
17,9690
24,4983
8,7901
25,3414
20,3322
26,3617
32,0440
12,5387
28,1322
38,1208
2,7905
29,0353
18,5289
17,4265
13,4738
23,2187
21,1919
6,5495
2,4818
10,7531
21,9662
31,8438
-0,5870
18,0582
20,0546
15,2136
22,9703
12,4460
12,3155
22,0129
17,1922
13,0655
4,8645
18,8457
18,0393
7,2185
29,5866
30,5126
12,5137
26,5240
24,0414
16,1087
22,8670
22,8763
4,8820
30,5427
10,2632
24,3528
34,3639
25,1057
15,8228
32,4307
5,8899
18,3447
33,9660
20,3177
25,9384
19,5667
20,5568
16,7240
10,1309
17,9052
-0,7674
22,2873
17,1985
9,2617
9,6764
5,6618
20,5334
10,9612
12,8770
22,1711
24,6130
23,2525
11,1272
26,2107
27,5707
30,4998
4,0002
15,5862
25,2619
-7,2782
13,6838
17,3615
24,0304
23,1731
31,0103
22,4924
28,7151
25,3966
32,2651
22,8432
24,9556
20,5298
30,9884
26,0315
13,1520
17,4118
13,0717
8,7754
21,6415
19,8783
12,0393
13,2715
12,8345
5,1174
29,1281
10,8957
24,2703
20,3818
16,4419
32,5112
29,3517
29,8732
0,3432
5,9506
23,7307
14,0547
28,5887
10,4304
10,6604
-0,6767
18,3809
12,0889
19,2115
26,8848
25,9315
19,9904
30,2492
14,2517
26,2359
10,3679
23,3127
18,0915
13,9293
12,0121
18,9794
14,5916
7,1243
15,9061
18,7381
28,3919
18,4590
22,7862
16,3307
17,7877
12,5924
31,7716
3,7951
15,9232
36,7263
26,3612
17,3847
29,1014
25,0300
16,6124
22,0883
23,1037
23,5245
26,2183
12,1983
23,6855
23,6340
25,3800
3,8086
3,8889
10,6426
3,5262
30,8829
27,3395
16,0403
7,3010
9,7614
23,0467
14,1742
22,8560
20,4480
2,8569
30,3364
8,6985
2,8283
14,3954
26,6688
30,3719
19,9728
6,6688
37,1194
20,0297
18,7749
28,8174
17,1475
38,1303
28,4943
19,0335
23,1190
1,5260
16,0762
23,5957
28,6153
1,1236
21,0617
21,9420
28,3390
25,0077
16,3153
9,3312
21,6133
27,1461
13,2423
10,6419
29,3880
26,2270
19,6285
8,2025
36,3335
15,5798
11,2253
17,5571
34,2610
17,9128
11,2655
23,4459
29,3394
15,8111
12,9820
20,3122
14,5117
6,3733
9,6271
7,9912
14,7270
8,5434
24,5808
13,3823
22,7229
17,8010
30,0453
13,6286
6,8603
32,1083
26,6629
39,2728
13,2139
20,2985
-1,5818
20,6597
9,8190
21,1011
-4,1921
20,4287
33,9742
-0,4958
40,7213
1,4398
23,8940
22,9114
11,8054
20,2503
15,1493
10,9133
14,7522
32,0995
20,1104
13,0095
5,2311
21,3913
9,4209
15,5573
18,7786
11,9746
23,9271
28,7096
14,6826
32,3557
23,9705
29,5232
13,4862
31,5462
17,8445
1,7910
24,4746
28,9776
8,6620
12,1467
19,3356
7,5999
20,4496
7,1497
10,7380
29,4956
16,7351
9,0584
-2,8075
11,4160
10,1832
16,8214
2,6707
24,8142
20,9565
24,3546
13,8299
24,2754
19,7137
19,5667
16,9805
-4,9873
36,0406
12,9774
2,9358
19,9444
13,3850
20,4340
23,3160
35,6980
12,6383
23,4910
25,2513
25,0574
17,5849
-2,3628
19,4370
23,4817
22,9174
16,3839
19,7784
-0,5036
7,1263
8,1628
16,4226
23,8148
31,6888
19,3778
31,8809
-4,3323
15,0063
2,3390
7,0554
15,8065
13,2417
38,9191
18,4229
32,3722
11,5881
11,0469
27,3662
29,7165
34,7213
24,1217
27,3916
2,4645
2,0046
23,7422
16,8325
22,2795
33,6741
19,1662
22,5509
11,3643
15,3487
35,2546
23,5273
19,2932
29,5791
11,7866
19,5060
14,9078
29,4141
10,2680
2,3629
10,0467
9,4866
11,4896
8,6131
20,2838
9,8821
11,5793
31,2354
23,2823
30,1691
22,4287
11,5012
30,6466
22,7779
19,8668
19,3071
30,2364
5,8077
7,5503
8,5458
2,3098
33,5696
18,1432
42,3354
