37,8649
29,1980
39,5264
32,9187
47,6475
29,5927
39,9103
27,3096
25,5038
31,9001
28,9647
30,9769
28,9160
26,2910
32,5243
23,4086
30,5888
37,7343
25,5749
28,8818
36,4176
41,5252
47,6475
33,9806
35,8890
29,1829
44,5838
41,0159
46,6631
37,1472
29,3276
31,6849
36,1137
32,7674
41,7823
37,8952
43,8341
25,2308
35,2201
27,5158
31,5547
47,4699
36,5105
46,2640
30,8319
36,8557
25,0660
39,7215
36,9032
47,6475
14,0424
32,2700
33,1727
29,8500
27,5031
47,6475
33,3955
38,4920
47,6475
32,0499
35,0498
36,4360
32,0725
38,8852
40,0430
47,6475
24,4863
34,9803
25,9506
39,7378
46,4632
29,2111
44,5371
18,8498
47,6475
41,6889
46,0835
40,8488
25,5814
35,7494
27,5222
30,0569
47,6475
28,1312
47,3190
42,0818
24,0218
17,2033
36,9265
45,4659
42,2382
47,6475
29,7821
37,8877
28,1284
36,6944
35,0309
37,6786
20,9252
36,0943
34,0065
47,6475
35,4974
35,0819
33,6173
34,4347
34,9969
31,7889
44,0373
24,4686
27,9296
28,8036
29,5978
47,6475
30,1244
43,7398
18,4721
36,0864
31,7180
32,7083
37,3662
47,6475
27,3944
46,2289
40,7565
40,9293
30,1447
47,6475
29,9490
34,4679
34,1115
37,4946
39,6947
28,7829
35,2568
47,6475
28,3762
29,2924
45,4945
29,1201
33,3907
47,6475
47,0407
47,6475
30,0878
34,4425
22,1307
37,5213
38,0527
24,9108
40,4562
31,2319
44,0414
40,6900
41,9610
47,6475
25,1173
41,8839
41,9025
28,9806
47,6475
39,8509
47,6475
43,0672
28,7782
32,5492
44,3890
47,1777
40,7160
47,5336
31,8145
33,8899
47,6475
29,2831
30,1178
23,8270
21,6813
40,6100
44,4350
45,5730
38,8054
35,0370
43,7286
42,5049
35,4176
41,6835
34,2924
25,0499
40,1377
36,7779
44,9485
34,6775
29,2130
31,5112
47,6475
36,4671
30,3446
34,0559
44,1830
33,1510
40,3412
38,3220
45,1463
38,5440
43,7980
31,7016
33,6951
34,6180
33,3812
29,0909
35,8139
32,4318
39,0230
30,9012
21,6399
47,6475
36,9493
31,9824
47,6475
26,9646
32,6864
30,7028
47,6475
32,0082
34,0978
30,9540
26,1914
47,6475
38,8611
25,6225
29,6766
43,8904
32,2989
27,9928
40,6986
36,2128
30,7328
31,8586
33,9232
45,8750
45,1312
38,7976
33,9824
33,6274
36,4170
29,2942
45,1291
47,6475
28,1165
47,6475
38,2755
43,6742
37,9627
42,5553
26,6977
32,3337
32,2784
44,9603
40,7909
37,4974
39,5074
36,4251
32,7155
23,3362
34,0315
29,6752
29,1496
35,0606
36,6242
37,0521
36,8822
29,6711
34,1070
33,6122
39,5876
30,7075
41,6880
21,3625
31,3363
33,7384
29,6847
31,9873
42,1080
27,3430
47,6475
43,5345
43,7162
36,2245
46,4853
36,0806
34,1094
35,3540
23,8023
47,6475
31,4833
46,0999
39,4641
36,0739
28,3332
47,6475
39,1961
41,5249
33,5258
32,0659
47,6475
42,1559
29,6808
47,6475
31,7005
30,4581
47,6475
21,5277
30,9379
42,2711
45,3228
44,0591
24,1128
34,5832
26,2542
34,4068
37,0633
27,2737
40,7688
34,1735
32,3577
39,4831
24,7996
26,5742
36,2251
39,0163
34,5976
27,6837
19,9473
47,3934
46,8589
34,3698
36,9404
42,1295
29,4880
47,6475
41,9167
37,2933
31,8218
47,6475
32,2981
35,3506
25,5342
35,8384
24,7940
44,6190
36,6434
26,5073
33,1775
29,6701
46,3383
35,0028
41,5288
46,6010
29,6896
22,9427
41,1862
24,7378
38,8093
30,2357
35,8297
32,7137
33,8177
39,5253
40,9487
23,9180
35,7005
36,5571
33,1364
38,9827
23,0462
42,2078
37,2856
35,2481
44,7806
34,8103
22,9409
47,6475
38,0578
45,8608
44,6898
31,5488
37,6810
44,9731
42,5410
25,9439
29,2451
42,9794
41,3721
26,5974
30,1320
41,6069
28,6587
32,0548
28,3629
42,4076
37,5866
33,0199
45,3504
26,0028
27,8733
31,0428
32,0027
26,3743
47,6475
32,0836
30,7529
43,1117
39,0236
23,7921
30,1751
47,6475
26,2308
47,6475
36,5837
42,0556
37,5759
28,5354
27,9197
36,4113
21,7086
42,1443
34,9888
28,2219
34,9699
31,5656
28,3521
43,9102
40,1325
46,1846
47,6475
47,6475
42,9784
47,6475
35,4275
40,3409
41,8670
26,1836
29,5476
34,8020
43,0173
32,4040
40,0786
45,8978
44,5104
47,6475
38,9032
35,3457
45,3872
30,8996
44,1502
45,8593
42,4678
25,7918
25,8081
35,1957
27,0558
30,1976
47,6475
21,0386
39,1295
28,4697
29,7349
36,0496
38,5398
47,6475
33,5451
45,2122
28,5359
21,4082
41,9090
31,8001
32,7645
31,5711
40,4928
20,6220
33,7035
47,6475
32,4243
32,0858
46,7519
41,9905
47,6475
47,6475
34,9437
37,5130
47,6475
39,7983
29,4630
31,3616
39,3819
38,0282
42,8874
46,0046
43,8396
24,8500
39,4631
40,0486
38,4737
41,0572
33,5935
32,7351
30,8892
31,8442
27,5945
40,4739
24,1159
43,5819
25,4406
38,7847
41,7458
37,5263
30,6016
34,4820
44,8303
41,3250
31,5721
33,4125
40,3482
42,1051
35,6819
33,7342
27,3707
28,8322
47,6475
30,9928
45,0171
27,3288
47,6475
32,5831
46,8836
33,7981
39,5421
33,5569
47,6475
20,0792
39,2497
21,8505
40,0314
29,6004
28,4192
28,6160
47,6475
47,3992
34,3343
30,6080
47,6475
47,4156
35,8056
23,4743
39,5318
37,7757
39,6662
46,3425
34,4570
34,4536
34,5099
33,4761
34,8291
39,1223
29,6902
35,2684
38,9268
42,3566
36,4854
34,4908
39,9558
39,6238
36,5058
40,3214
47,6077
34,8847
35,2733
47,6475
29,9169
24,0323
47,6475
33,2218
33,1646
34,1384
31,8372
28,0933
25,1507
47,6475
31,8631
42,3591
42,9672
29,3901
36,2669
36,0282
43,5311
42,5002
36,2581
27,1790
26,7410
37,2608
27,3933
47,6475
25,8100
23,7838
32,1943
41,1600
46,7383
22,1134
42,3969
23,0199
42,6926
40,6503
28,4998
21,8689
36,4254
35,8338
42,7120
35,5968
27,1499
29,8293
35,0750
32,5541
41,7668
27,7888
40,0469
33,1699
35,1500
47,6475
39,8252
38,2908
37,2616
46,0601
47,6475
33,9367
22,1557
40,2975
34,3358
26,6909
42,3279
47,6475
44,9280
30,3592
32,9738
31,1244
23,4598
30,9447
47,6475
40,9117
47,6475
18,4668
33,8658
18,6044
32,7912
47,6475
38,6410
26,7137
29,5334
35,4711
38,1099
47,6475
35,7565
35,4000
35,7099
33,0791
31,0702
29,2730
47,4131
36,2671
27,4993
33,7562
35,2277
28,9417
30,7281
47,6475
33,2963
30,2339
31,1308
29,3956
30,2453
27,2173
46,9120
36,3038
40,4972
38,8886
30,7872
42,1220
42,1568
47,6475
27,6330
47,6475
47,6475
28,1729
47,6475
36,0042
36,5480
38,8835
37,2301
34,8300
35,4653
25,9593
40,8659
46,7602
30,2965
34,6495
25,0310
38,7580
47,6475
25,4242
37,3980
37,3017
20,0109
47,6475
37,1567
23,1305
31,4520
43,1444
38,7480
38,8243
29,7540
33,0718
23,8735
30,7080
26,2689
45,4530
38,9809
43,5072
37,1991
25,1105
32,0061
31,9687
29,6450
37,4046
33,2850
37,8352
34,8989
34,7110
37,4443
46,7952
42,3427
35,6845
42,7315
46,7514
39,0001
40,4389
44,2821
39,1469
21,5442
42,0942
30,6390
33,9787
44,4935
36,2394
38,6436
26,6546
25,6409
30,3878
42,8199
37,5707
26,2117
40,7377
26,9066
32,4587
36,0913
35,6092
37,9483
43,1571
23,2264
28,3265
31,4819
32,3695
30,0604
43,7578
30,4468
45,5429
40,8793
33,4226
38,3593
43,3031
42,9591
40,3287
38,0448
47,6475
38,6075
35,5625
36,1793
36,4229
30,0558
34,8726
46,6252
47,6475
30,1973
40,0132
36,4025
32,8381
29,4220
32,8795
47,6475
37,1829
30,8069
31,1608
24,9956
32,9742
33,3958
19,1425
26,2098
29,3208
36,6152
28,3188
36,1568
30,1065
36,7786
32,3965
39,3237
37,7802
36,6326
37,3077
27,2637
37,4398
34,4340
39,2870
38,5283
23,3874
45,0491
42,3626
23,3926
30,8964
33,8009
24,1061
41,1865
34,2541
37,6280
25,1947
43,6676
35,6555
33,8465
39,2163
41,6708
44,7107
47,6475
27,3351
38,2869
41,8596
42,4191
33,8956
29,8031
31,3622
35,8365
33,6119
29,7323
31,3385
25,3523
44,9192
29,6024
44,5646
34,1003
47,6475
39,0851
30,0349
47,6475
22,0586
39,3039
40,1979
47,6475
28,1243
35,6756
22,2592
30,3679
40,2644
36,8904
46,7779
26,0846
26,6097
33,9539
29,5578
35,0323
40,1221
41,7675
39,3527
38,9534
29,9910
44,7926
32,3633
42,4408
32,2634
30,6752
33,0575
47,0254
44,3108
24,3878
36,1018
29,9997
27,3632
43,8974
34,7724
35,4167
41,3329
18,3391
32,5947
43,0221
38,1224
45,1976
40,1435
38,3284
30,5857
37,5102
39,5887
32,2683
27,3766
39,7914
26,5621
26,1743
47,6475
26,5213
36,2678
34,4195
32,1670
24,3904
33,7409
45,3237
47,6475
33,4403
33,6271
32,3939
25,2226
25,5019
43,8065
43,0014
44,1270
34,8407
47,6475
35,3013
47,6475
37,0713
34,2118
26,4532
35,8508
40,2818
47,5968
22,9509
29,2791
29,7411
26,5386
46,4313
46,1104
47,6475
32,4358
37,4448
46,4932
12,5876
27,4946
26,3341
34,9726
29,9938
30,7119
47,6475
24,8150
47,6475
45,8481
47,6475
38,8644
32,2633
40,5580
23,6990
34,3230
29,5176
33,8252
35,1383
30,8190
37,7963
28,5420
37,0742
22,1712
30,9576
31,8090
26,2228
39,4603
27,0293
36,1919
29,3265
39,6400
33,2970
39,6449
29,4367
44,3049
41,8997
38,1669
27,0740
24,6589
42,3727
28,9804
36,6207
47,6475
47,5159
35,6673
42,4033
34,2570
36,5410
41,6969
47,3582
42,3972
47,5300
37,9804
47,6475
47,6475
43,3560
47,6475
31,3801
31,7844
37,7723
38,4533
32,2491
28,9721
39,1970
32,8939
32,2538
42,9245
29,8309
29,4541
44,1184
41,3367
22,8250
29,0786
37,5251
37,3538
36,4525
24,4737
30,6297
46,9975
27,2290
47,6475
34,1212
47,6475
23,6166
34,7370
32,3825
46,8872
28,3113
33,2145
37,5357
33,7755
29,1988
47,6475
30,5571
43,4304
44,5632
32,5361
33,3616
37,0453
37,3310
34,3711
41,4324
47,6475
47,6475
47,6475
32,3921
32,0409
47,0246
32,3787
37,6857
34,1728
47,6475
36,1690
43,0893
34,1398
27,6346
32,5754
31,6041
47,6475
40,8583
39,8946
36,0526
31,8546
32,9417
24,0670
30,4048
39,6818
36,5095
43,8530
30,0036
47,6475
36,9972
30,5578
35,2234
35,5263
46,3269
34,0805
32,9217
40,2909
45,5982
47,6475
47,6475
34,6072
29,6047
25,4579
33,7197
32,5847
31,4737
39,2018
41,5035
47,6475
36,0331
42,0176
47,6475
47,6475
41,8634
24,4325
32,0238
24,7774
27,9341
38,0155
31,1260
26,1134
31,6455
39,6911
43,3274
28,9977
32,2384
35,5667
28,9728
30,9208
39,5953
24,7946
28,9382
46,6187
39,1095
36,1897
39,8905
25,5605
41,8035
36,4521
23,6526
47,6475
39,2571
47,6475
34,4338
37,1056
38,3414
47,6475
47,6475
24,8787
22,9241
32,0016
33,1088
28,4590
39,7261
43,0927
23,5640
31,0169
44,2855
27,8753
47,6475
35,3463
33,3138
38,7485
41,0969
36,8876
47,6475
34,2771
33,3634
43,6092
39,9219
21,5395
33,4115
31,8606
39,0242
35,6572
35,6900
33,7143
45,7663
41,4335
45,1660
37,1754
36,3799
42,8404
47,6475
40,4552
31,8726
47,6475
44,5820
35,3111
44,8166
34,1100
32,0920
31,9059
23,9305
32,9192
39,2984
20,1750
31,9613
34,5691
34,8395
32,2093
34,7611
24,6555
42,1115
32,1897
47,6475
34,5246
37,7398
43,4002
30,3298
30,8102
47,6475
44,3787
27,7148
39,6479
34,1608
46,4775
39,6527
41,9777
40,3277
47,3653
34,4730
38,9421
30,7598
33,7700
47,6475
47,6475
47,2466
31,8604
37,0284
32,6162
36,9457
40,7127
40,5038
33,2753
28,4217
33,1150
34,0821
43,8625
47,6475
47,6475
45,0963
40,0198
47,6475
28,7144
47,6475
38,7938
41,1863
40,3726
47,6475
35,2869
34,9914
31,2794
44,8298
40,4009
27,2870
26,0023
31,2453
25,1847
38,6243
47,6475
38,0655
47,6475
43,4314
38,6020
47,6475
32,9234
33,5290
28,8702
35,6388
40,4780
47,6475
32,6678
41,2447
47,6475
35,8925
26,8529
31,5845
47,6475
47,6475
25,1666
36,4232
31,7339
35,2742
41,3013
19,8143
39,0617
33,8735
26,2052
33,8734
32,0490
32,4864
33,9435
44,0655
47,6475
29,8456
27,1190
36,4929
47,6475
30,4056
28,6739
27,7546
29,7493
37,8761
33,5062
44,7099
37,4243
26,4026
30,8286
47,6475
29,1737
40,8938
40,9945
35,8121
36,6037
47,6475
43,1332
46,4656
21,5584
32,5585
32,7950
28,3815
43,0982
34,7533
24,5054
43,9444
44,4836
47,6475
36,2117
44,8436
29,5697
47,6475
25,4884
42,0726
32,4865
30,9037
28,8279
47,6475
38,4123
35,8529
38,1498
37,0514
31,6062
47,6475
37,5553
33,8249
41,3032
42,8328
47,6475
38,7415
26,8621
29,5384
34,3185
34,5125
31,2235
32,1811
38,6714
47,6475
47,6475
30,6775
21,7584
31,4320
47,6475
31,7109
29,8166
28,5493
11,0738
27,6745
47,6475
41,5638
40,5474
47,6475
38,1538
47,6475
46,4400
34,6026
39,1758
30,0211
38,4939
41,1531
44,7786
30,0465
34,5647
25,1817
41,1313
40,7242
42,1679
39,5507
33,8282
33,3314
30,0401
47,6475
44,1610
32,6363
38,9131
26,1631
40,2851
47,6475
39,2271
38,5238
35,0252
37,6181
32,6833
31,6605
34,6044
47,6475
40,4808
33,8817
47,1663
47,6475
47,6475
33,1725
25,5042
34,8619
24,4644
27,3384
28,0316
23,4910
43,6772
40,0797
31,1679
40,8919
47,6475
34,2440
26,7607
31,4206
29,9001
34,3167
36,4219
43,9506
43,1971
32,5283
27,2986
31,2944
32,8766
34,6670
47,6475
44,4324
28,2832
36,2323
47,6475
32,3410
29,3786
30,6719
40,7989
39,2879
31,6370
47,6475
41,1356
37,5211
47,6475
25,9102
39,6636
42,8996
47,6475
39,4401
43,8261
33,5823
45,9466
31,0177
28,9072
31,7889
32,7292
47,6475
29,5158
22,6398
34,0171
31,0347
32,3544
19,4138
24,3893
29,9915
34,5022
38,0851
38,1493
47,6475
32,4059
34,6288
38,1577
47,6475
47,6475
47,6475
35,9508
34,2859
36,3917
43,6338
32,5745
36,0326
37,8550
30,0958
38,6830
34,1074
47,6475
30,2528
23,5904
41,3561
47,6475
44,5497
26,9243
45,4061
34,9486
27,3557
35,8676
47,6475
39,1217
22,3781
45,9028
38,1582
29,2102
45,6650
39,2524
32,9158
37,7347
37,0726
34,5214
28,9172
44,4437
20,7498
40,5270
33,9815
29,5567
30,4022
32,4943
38,7351
29,7917
36,3778
47,6475
36,9453
24,9911
47,6475
47,6475
42,2098
47,6475
36,5296
47,6475
36,7802
33,2753
41,0028
38,7320
33,2006
47,6475
47,6475
30,8075
34,7934
28,5382
47,6475
30,0892
41,9988
36,9197
41,0961
37,8448
28,4355
35,2293
47,6475
37,6346
34,0908
43,8961
35,0019
40,3685
20,8871
42,6300
35,5285
31,8916
38,1608
38,9134
34,3991
35,9116
22,8678
33,8911
28,7189
41,4317
46,3883
33,5467
47,6475
27,9469
29,9832
38,9806
47,6475
25,3862
32,1987
47,2394
26,8206
37,3284
18,7005
22,6420
42,0529
38,9012
34,9529
30,5195
47,3908
33,3787
26,2566
42,4304
32,9976
47,6475
28,5384
45,1602
29,3372
27,8999
29,7928
33,5503
34,6539
33,3020
32,6777
24,9848
29,7491
24,8337
33,3497
36,9147
47,6475
45,9631
47,6475
35,3600
47,6475
34,3297
24,1839
42,4560
21,6469
26,3030
29,0424
14,9963
29,1442
31,1838
26,9206
45,2033
37,5513
31,2632
47,6475
28,1486
41,0188
47,6475
34,9940
30,7952
28,4689
43,4196
32,4767
28,4740
47,6475
27,9957
33,5222
39,9879
46,2247
47,6475
28,8248
42,2673
42,2521
33,7096
47,6475
20,3484
39,5289
27,7032
40,7766
30,6206
37,5738
38,1897
41,5716
27,7208
35,9926
31,2452
31,1414
23,3282
30,7333
29,0339
36,5234
38,0366
47,6475
33,0206
40,5611
24,4346
24,8850
46,3166
23,6442
38,6960
43,6697
30,0622
36,7499
47,6475
39,3157
40,7833
36,7922
30,1968
30,9940
26,9568
42,0949
47,6475
30,9116
47,6475
30,5593
35,5272
38,3628
31,3267
47,6475
39,4666
47,6475
47,6475
42,1034
35,4022
34,6139
42,0586
26,6629
35,2450
31,0133
35,2380
38,8218
35,5332
24,7445
23,2503
30,5610
46,6053
30,4515
33,3175
36,2285
34,7864
42,6851
24,7368
47,6475
47,6475
31,0307
27,7170
38,5345
26,9691
34,0112
36,8343
29,8177
47,6475
32,4901
29,5458
25,2217
47,6475
35,4409
35,2944
39,8545
43,9385
30,5309
24,6985
32,1845
23,3833
38,0308
25,6124
38,4777
43,1326
27,0031
37,7694
26,9062
47,6475
42,0599
39,8017
41,7089
23,5717
27,8710
34,9922
32,0506
35,5370
30,7566
31,6675
26,1165
38,4311
41,8329
36,9661
31,1283
33,8558
47,6475
30,0792
41,5488
47,6475
40,5102
32,5070
42,3060
33,7275
37,6794
47,6475
37,7072
28,8856
44,2998
36,7213
29,0286
35,5768
32,2177
47,6475
32,0538
39,8747
31,7583
47,6475
33,2344
33,9482
47,6475
28,5402
29,6928
43,6361
34,8844
24,9073
42,0237
44,2147
47,6475
37,8212
23,8039
38,6388
24,5222
28,5820
30,3675
29,4489
28,3676
37,5072
26,6704
26,2249
34,8833
36,9016
33,3396
47,6475
47,6475
47,6475
47,6475
47,6475
34,9036
47,6475
32,8133
27,6799
32,9048
38,3506
24,9992
40,8091
27,5589
47,4046
45,1816
38,9941
35,9447
32,1302
46,6205
46,0539
28,1436
37,1034
27,2501
44,9321
47,6475
30,3552
31,7483
38,2593
34,4094
30,2272
24,5529
38,3025
42,9197
36,2408
27,6416
32,2786
36,7279
30,7034
38,0524
39,8505
47,3512
24,4858
43,8724
20,0630
31,0212
14,2559
37,0097
34,5414
25,5511
30,4613
31,2503
37,9940
35,7306
35,9917
47,6475
43,0228
32,2865
47,6475
36,7076
47,6475
39,8211
33,0599
44,1084
40,5750
46,9785
25,3419
31,8854
27,7254
47,6475
27,7899
41,9447
39,6587
35,1583
42,8649
39,0997
31,7557
30,1368
47,6475
30,1516
29,0336
47,6475
32,7881
32,4262
26,7937
39,4216
28,4948
23,6885
31,5948
40,6116
46,9963
43,4744
32,7013
38,7201
43,8387
36,4797
42,4922
43,3685
36,7425
47,6475
31,7525
47,6475
28,6572
35,7826
31,3009
45,3545
35,3961
30,1566
28,2859
40,4967
37,4774
26,0456
33,3020
47,6475
42,8343
38,3277
37,7376
29,9384
39,7611
46,5834
34,1012
36,2517
47,6475
31,4705
30,9927
33,3456
42,2761
35,0241
34,3496
39,5825
36,3829
28,8474
44,4333
43,1353
47,6475
37,1568
40,6489
37,4191
41,8767
33,7519
36,9162
33,9301
39,2300
41,2260
23,1411
33,4353
29,5002
25,2343
37,2992
47,6475
28,2094
26,2085
40,6623
44,3455
35,6012
47,6475
40,0289
28,9889
31,7503
28,7734
36,9119
34,7050
29,8290
47,6475
31,6569
36,2507
28,4848
31,4361
45,1637
32,8493
35,0660
25,0340
47,6475
44,6586
45,3584
19,1407
26,7465
23,4547
14,5701
23,1213
16,2372
28,5322
41,0235
37,4052
38,7713
36,3350
37,9795
31,1084
34,5405
38,4439
31,4585
43,9196
40,7088
37,7939
37,6275
47,6475
36,1023
37,4313
31,7827
28,8395
27,9683
26,7845
33,9290
29,3566
34,4685
27,4258
44,8147
33,1180
35,6069
38,5641
39,4699
43,9113
34,0187
47,6475
22,6096
29,5523
23,6585
39,2563
32,7402
40,7828
41,7321
35,8293
40,0318
44,0274
25,5897
37,7401
33,4876
33,6329
46,4335
24,0956
32,4094
39,6726
33,9088
32,1122
26,1083
35,7417
30,0774
36,5962
45,6990
29,0949
21,1716
38,9684
32,7079
33,2344
30,4083
38,1012
29,8460
35,5191
47,6475
32,8990
32,5487
41,2569
32,4153
45,2665
29,4018
27,9995
34,2265
42,3181
40,6216
31,2368
37,9064
41,4135
27,8446
43,0145
47,6475
47,6475
39,2676
47,6475
29,8119
41,0146
47,6475
24,8698
31,5046
40,0723
43,6336
34,2157
47,0503
30,7003
44,3279
43,0791
43,2851
47,6475
38,2828
29,4066
38,3852
47,6475
47,6475
38,4174
36,0373
34,1702
26,1802
42,9887
30,4528
47,6475
33,2772
39,8292
38,0970
47,6475
46,5888
34,1261
47,6475
33,8984
35,7344
28,5027
45,6158
38,8117
31,6581
32,7466
29,4973
27,7129
47,6475
47,6475
29,1368
34,2517
27,1714
36,6500
39,3729
33,1147
33,5400
45,8564
32,9560
34,0752
42,7269
36,0661
30,0495
32,0643
47,6475
25,8363
37,0366
39,8849
30,7914
33,2788
44,2563
38,9618
29,6940
42,4431
27,3360
39,0147
39,6552
35,4226
28,8593
47,6475
42,6778
36,3268
25,6098
19,8888
34,8310
42,6513
28,5179
32,1784
42,9385
47,6475
29,7718
32,4501
29,8885
25,0943
32,0884
29,3558
32,0873
32,6502
27,0185
38,1843
32,9199
39,1952
38,4845
27,0826
21,9376
28,4048
35,0325
47,6475
27,2942
32,6558
43,8251
30,1145
41,4009
35,7751
27,8586
24,3739
44,2929
44,9154
39,0688
26,4462
32,5395
47,6475
44,8637
26,1936
34,7848
47,6475
36,7303
47,6475
47,2722
25,0966
30,9129
47,6475
40,7381
33,5449
33,2669
47,6475
41,0924
47,6475
42,0674
38,9107
47,6475
32,0997
47,6475
40,1722
47,6475
45,7778
39,7660
26,4487
34,6235
26,1363
21,8371
30,9598
47,6475
33,5224
33,1284
47,6475
41,4374
45,5494
33,2293
30,1216
44,1629
26,0317
47,6475
46,8754
47,6475
33,9927
28,5812
47,5979
39,1814
30,2483
26,4291
31,3799
36,5507
37,9962
43,6125
37,6373
26,6352
39,9896
39,1094
27,1107
47,6475
39,2879
34,8318
31,2340
30,8588
30,3543
32,3716
28,9963
34,0955
34,2747
47,6475
37,8681
43,3128
34,8391
30,6646
36,9357
47,6475
40,1941
43,9668
47,6475
47,6475
44,2148
27,5698
37,0328
38,7927
33,4087
37,8133
40,4263
36,5354
25,8802
39,6962
24,3260
35,0216
29,8387
36,0547
34,3883
22,9199
35,6844
38,7428
30,2436
30,3072
44,6781
39,0030
37,9056
41,0655
39,8171
34,3223
30,1698
33,9142
36,9909
38,6412
37,9200
40,8642
47,6475
36,9117
27,9030
35,7516
39,1942
24,5212
32,2632
34,4604
47,6475
28,4950
13,9594
24,2646
32,5564
34,5511
42,3569
32,5381
47,6475
38,5906
30,7106
31,4003
40,9746
39,6084
29,9273
40,5732
27,3032
47,4671
47,6475
23,7261
36,9419
32,6220
40,7820
46,3629
42,4502
29,8685
31,2869
37,9976
35,5844
31,6985
24,0704
32,3724
31,3827
41,7139
35,6434
35,7997
35,7523
46,3858
34,1146
30,8249
43,0904
47,6475
33,0739
28,8018
43,5938
42,8387
29,7926
35,6048
33,6704
47,6475
47,6475
32,4869
28,8439
35,8677
33,2052
37,6377
47,6475
45,0695
29,2014
27,6614
38,0971
45,0972
19,5337
22,5550
28,0114
36,2963
36,3051
34,5652
47,2375
42,2265
36,6025
22,4445
38,6876
38,9908
37,3919
35,1461
35,3091
47,6475
41,1842
47,3582
42,3912
32,4616
31,1621
34,4094
20,3699
42,4151
39,3312
38,0037
42,8260
44,5553
29,0490
36,5341
28,3439
32,0918
27,9527
31,8570
26,7896
33,8035
30,5519
36,9619
41,8526
39,1951
47,6475
19,1476
22,8879
41,3754
28,3941
22,9720
21,1004
33,4172
26,3193
41,7530
38,1368
31,5014
47,6475
40,7709
30,2130
33,6170
42,7070
36,1852
41,2031
43,5658
34,5111
27,6456
47,6475
39,3696
35,7316
28,7200
39,9352
35,8708
38,1682
47,6475
40,9699
34,4230
25,8076
42,0841
26,2875
29,2258
40,3888
35,9076
25,4477
26,7375
35,9915
39,9226
28,2180
36,9488
22,5899
31,3566
29,9460
28,0242
31,7268
36,2872
34,3301
47,6475
23,5820
34,5280
26,2910
33,9875
34,7737
25,9066
34,2113
37,2739
38,2273
36,7983
38,3111
47,6475
40,0174
31,2291
31,7741
47,5458
47,6475
40,1872
37,1140
30,6821
26,7489
31,5884
36,6011
43,3392
47,6475
44,9784
43,8579
26,5037
38,7747
39,0422
40,0278
47,6475
17,3243
40,2885
42,5087
35,6457
33,7603
46,3297
30,7889
47,6475
32,3377
29,9324
47,6475
43,9768
44,5877
37,7842
29,0110
30,5425
31,3341
33,3170
41,5962
45,0544
24,3377
35,8784
27,4167
47,6475
41,4239
37,2457
27,0972
30,2157
41,8038
47,6475
41,6993
37,3943
27,0502
39,4295
46,1775
31,0901
37,4787
44,8716
31,8911
27,9268
31,5193
35,3719
47,6475
29,0038
26,9440
44,4251
33,0023
40,3555
46,6734
47,6475
47,6475
36,9162
47,6475
31,8883
34,9755
46,0838
38,6347
35,2739
34,2123
39,3948
40,9026
39,3079
43,0128
38,0057
30,4310
28,6957
28,4125
43,9393
25,5108
39,2965
38,0102
35,6448
47,6475
37,3822
27,8943
47,6475
25,3109
32,6450
44,9676
33,7976
42,6207
35,0580
27,1108
33,3753
44,2182
26,9776
37,6727
36,2591
32,8493
21,8330
43,4067
33,9564
37,7661
34,9889
42,5605
37,2680
44,3582
38,8939
44,1065
35,2105
27,2582
29,0900
33,3181
38,4439
39,0379
38,1892
36,6314
41,8799
37,2787
25,3775
33,6285
29,3187
26,8339
43,0977
33,1415
40,7201
47,6475
41,4881
42,3134
36,9092
40,2810
45,7825
38,6378
46,0650
38,9371
37,4914
32,6595
29,2905
46,3926
32,8230
47,6475
35,3310
24,7685
31,1667
34,1341
39,7085
33,3203
37,6856
33,1349
34,2029
40,4823
29,2886
27,3322
47,6475
26,8328
38,4827
47,6475
41,2312
36,0432
47,6475
44,2380
28,2696
36,2932
47,6475
40,0519
34,3304
40,1746
33,5409
26,1505
34,0168
27,7901
27,7851
47,6475
29,3452
41,0051
47,6475
24,6290
40,7208
40,3978
43,5279
29,4948
37,3503
18,7664
41,9807
30,6524
35,2308
36,1489
28,8824
25,9223
31,5418
30,0834
43,1201
34,0776
32,4822
38,7948
30,9937
26,2631
40,4590
8,9595
21,5738
40,7747
28,4133
13,5772
27,8573
30,1659
41,8198
40,0938
29,2542
37,3084
41,4781
40,7232
35,6023
35,3076
38,1134
23,0469
42,1434
42,1803
29,5734
37,1392
43,3224
30,1999
32,3006
42,9216
36,1666
39,2081
26,3789
40,6027
31,2483
30,2733
47,6475
31,2516
27,0596
33,9718
27,7362
45,8905
34,9811
24,4511
23,7333
33,5397
31,8106
33,8877
40,9528
40,1492
47,6475
33,5466
47,6475
27,3971
26,9826
42,4239
33,5020
36,1315
39,3504
35,4339
36,9135
47,6475
31,2335
46,7754
34,5277
44,8019
27,3631
37,1040
33,5623
40,7265
34,0722
41,2206
47,6475
43,6344
38,9226
34,2541
38,7776
35,6167
27,2558
25,7410
31,7930
42,1066
47,6475
47,6475
31,9465
28,2298
28,0886
47,6475
38,1495
34,2796
33,0815
47,6475
26,2329
41,5022
41,5027
37,2473
32,5947
47,6475
26,1993
42,3103
31,6000
43,7034
39,4715
32,2342
41,8377
40,7661
38,6856
34,0843
34,7931
40,1557
32,7138
23,8144
21,7074
25,3762
41,2732
42,0158
45,3588
37,8860
37,6955
40,4040
40,8110
27,6749
31,5254
28,7589
41,0749
44,3742
30,4731
43,5613
32,7639
23,1030
47,6475
47,6475
33,5902
40,3051
36,1235
29,7311
33,7877
41,0844
32,9641
37,6090
47,6475
36,1510
38,7595
43,6852
43,1378
38,5199
34,6999
47,6475
41,3052
38,1363
27,0411
22,2627
36,5321
24,9166
29,1911
28,5704
38,4966
47,6475
45,8357
43,2075
26,4638
36,7293
35,8779
47,6475
34,5742
34,4328
41,7468
47,6475
47,2617
35,8092
38,4019
22,1218
47,6475
38,0231
33,3156
37,9199
37,9139
36,2553
34,1930
30,7844
27,2748
40,4437
37,3682
35,9056
43,0472
27,3416
34,3203
29,2509
35,1293
26,1176
30,8168
47,6475
39,5330
33,8802
43,1261
30,8254
32,5201
38,4115
47,6475
37,6968
45,9304
37,0962
23,9969
32,1708
23,0939
43,2443
33,9147
36,4111
47,6475
41,5167
32,5746
30,3502
39,9251
47,6475
29,7611
23,9717
31,1808
34,6863
40,2680
39,3593
31,9981
22,7900
30,6672
33,3575
37,1858
40,5482
20,9988
47,6475
43,7680
44,1926
36,8298
33,5015
47,6475
34,2770
47,6475
44,0041
34,8516
36,6743
35,9238
42,4225
44,3329
38,3475
42,0197
19,2222
23,9722
34,1596
28,7397
47,6475
31,6115
34,9790
30,2769
43,4498
47,6475
24,8589
47,6475
23,9788
31,1615
32,1746
41,5619
47,6475
44,9788
31,8239
32,4925
41,0747
28,9400
32,8461
47,6475
30,1560
47,6475
34,9813
43,1369
47,6475
43,3137
38,8326
37,0824
41,4823
29,1361
41,3594
33,8810
47,6475
37,1892
26,0963
30,9418
35,5509
31,7679
38,6588
26,9796
36,5666
32,8478
40,5710
47,6475
40,8437
47,6475
27,5303
32,2765
30,4567
47,6475
32,4897
47,6475
47,6475
34,6427
30,8748
44,5625
38,1824
32,9370
47,6475
33,0115
47,6475
42,1838
31,0889
23,2377
41,2541
39,6077
36,1739
34,4448
27,9225
36,3178
33,7725
45,5900
37,8508
29,8442
42,0448
38,4389
43,1533
46,9313
44,7747
47,6475
30,5499
29,9731
37,7592
29,0693
39,0499
30,3003
30,5073
35,7397
29,4959
37,1048
32,7452
30,6367
47,6475
32,9855
37,9279
33,0733
24,0313
30,7007
39,4761
42,3037
27,9111
29,3272
36,8666
30,5144
36,9347
33,5585
37,8351
47,6475
23,3897
37,3050
47,6475
40,1094
40,6540
42,9517
28,6272
47,6475
33,7826
41,2524
32,4028
38,3515
42,5147
39,5967
47,6475
40,4760
36,9250
47,6475
29,4187
31,1534
36,8518
39,6358
26,9130
32,0549
32,9264
25,0227
38,6656
26,8999
26,2508
34,7890
39,7515
30,1652
45,9488
15,6871
29,4221
27,0447
27,0773
35,2459
47,6475
36,7270
26,2915
28,7040
37,4896
43,9634
28,4210
34,0984
14,5954
26,7122
43,0044
30,9766
36,7862
38,1642
47,6475
47,6475
32,6700
29,9899
41,4509
29,6849
37,8575
30,3858
32,0241
26,7350
47,6475
39,0182
29,8962
47,6475
33,5164
39,5972
47,6475
35,7884
28,0704
36,0957
24,7767
38,2964
26,8624
33,8449
40,4381
33,2689
27,9206
38,5918
45,2500
39,9716
41,3113
38,3022
32,0949
39,8658
47,6475
47,6475
37,7748
40,3716
45,3089
35,6815
24,1011
25,2183
33,5483
29,0915
38,4178
44,1721
26,9456
30,4679
40,2202
47,1343
30,8203
23,5347
38,3353
21,6799
31,7135
41,2171
34,3745
46,9349
26,3306
47,6475
37,7634
34,0541
38,2831
39,6462
30,1156
37,1163
45,0250
42,3472
44,2477
32,2253
35,0760
32,4326
22,7536
43,0016
28,9313
22,8429
39,1245
39,1591
32,6043
45,7556
36,7024
32,1401
40,9740
42,9652
37,1480
36,6795
35,4482
42,4137
24,2462
37,6873
35,2706
36,6516
30,8111
11,3162
36,8891
10,0657
29,3936
33,3329
44,5230
36,7724
31,9269
47,6475
47,0147
23,0551
47,3833
28,4226
32,8731
28,4686
36,4540
38,9033
30,4671
47,1804
47,6475
42,5141
32,6289
28,0917
35,3425
29,1174
25,3964
41,1483
47,6475
44,1452
47,6475
36,6921
47,6475
35,6525
28,0549
25,5680
39,4047
30,0759
46,6595
42,6890
32,3326
36,4343
31,0633
47,6475
35,5936
47,6475
24,7885
36,1861
32,6215
47,2462
41,6961
39,3598
41,7365
25,0124
35,1707
28,1391
31,6231
38,4938
34,4412
38,6089
21,7623
27,5293
31,1763
31,4840
33,6126
33,4397
27,3260
34,0844
34,2131
47,6475
33,0803
45,5973
33,2545
34,5443
47,6475
41,8097
27,2547
24,8158
32,9318
42,7778
32,5575
25,8197
30,5795
47,6475
38,6746
38,6999
31,0147
47,6475
33,6911
46,6175
30,6635
47,6475
33,7488
25,5922
37,1987
42,4391
43,4629
47,6475
22,8946
38,4528
27,5981
39,8902
47,6475
25,5186
35,9880
39,3460
47,6475
47,6475
34,3373
47,4175
37,9315
39,7808
35,9804
44,9965
39,6836
42,3916
31,5788
43,8537
24,9553
23,6622
23,4098
40,3888
27,5487
34,2750
42,0726
44,8377
47,6475
42,0154
30,5491
37,9018
34,5317
33,9362
36,0805
35,4068
34,4013
28,5818
31,6105
33,6640
30,7444
36,5978
27,8985
27,5266
36,3454
39,0038
30,1442
35,7086
41,1946
46,4220
39,9638
34,9549
37,6709
45,9028
45,7832
43,5557
45,4451
35,1964
37,7886
35,3506
30,1814
47,6475
35,7055
47,6475
47,6475
34,3355
35,3206
47,6475
31,1764
39,5049
45,9389
33,1819
29,0808
29,1223
44,5931
36,9045
44,8825
36,1686
18,5315
45,2750
31,8848
38,7308
29,5725
25,7865
29,2146
44,8512
33,9658
34,1420
42,1178
43,5157
34,3138
28,1153
42,2787
24,3501
37,8736
31,6887
38,0918
29,1255
36,6540
31,8657
35,4658
27,6658
35,7031
40,1302
34,6856
35,7183
35,7154
41,4319
33,3474
36,6887
47,0302
42,1191
28,8485
47,6475
31,4024
28,4782
38,1200
42,5284
47,6475
25,8068
29,1733
28,2516
31,6995
40,5179
30,0675
35,6413
38,7324
27,2949
47,6475
31,5205
40,3530
32,8717
36,2567
43,0394
37,4751
47,6475
40,5935
29,4925
39,6234
39,0997
38,7224
37,0495
36,3679
26,1811
38,4470
32,6228
47,6475
36,2639
30,3440
47,6475
39,6964
29,9923
26,4180
28,1467
46,1253
31,9463
18,4845
39,4027
35,8096
47,6475
33,2275
36,9298
39,2102
47,6475
27,2693
22,3528
28,4440
42,2531
33,9238
33,0994
39,0420
31,1153
43,9150
24,6462
32,6871
37,7825
34,5807
19,2347
38,4238
47,6475
33,8585
35,5909
43,0663
37,0150
27,0970
28,4066
41,7806
34,7024
33,2446
43,4089
39,9345
45,7782
47,6475
39,7138
35,5695
27,2904
24,7946
47,6475
38,6398
39,5520
45,2172
42,5287
36,9330
47,6475
26,0931
31,7510
35,1999
24,1204
47,6475
41,5075
42,9659
29,9459
46,7305
32,5291
34,8034
51,4502
29,0247
35,4849
39,3733
46,7906
32,2283
43,4480
38,8365
39,9387
23,2024
35,0830
37,9902
33,4802
26,9167
47,6475
37,0623
30,0557
47,6475
20,7144
45,0937
45,0110
30,1127
43,6380
42,8870
36,6509
36,9692
41,1562
38,6332
46,9679
41,2386
27,0901
45,6485
37,4710
24,8799
46,0919
27,9009
47,6475
47,6475
44,4724
25,4279
27,6419
23,5962
33,6862
27,8470
37,8416
28,9418
39,0757
36,3851
28,6194
32,4206
34,5506
43,0567
34,4754
42,6447
22,3997
42,1970
32,1484
32,5487
28,2633
32,4664
47,6475
47,6475
38,9965
40,4172
47,4170
28,9024
37,2081
43,5713
19,6371
24,7964
15,1476
30,5274
32,0615
31,9615
47,6475
47,6475
22,9858
36,9199
47,6475
30,0332
46,8083
39,1196
28,8855
28,1916
34,4748
47,6475
47,6475
47,6475
37,0197
47,6475
45,3321
30,6294
40,1789
32,5099
33,8263
47,6475
47,6475
40,8366
36,3414
34,9926
35,3899
31,1593
17,4050
47,6475
20,8338
27,6767
37,1059
32,4592
29,3553
23,7667
38,5264
26,5315
45,6964
16,1224
27,3702
15,3528
35,4315
26,7276
45,6710
43,5548
30,0301
37,5561
44,5157
31,0320
18,1139
33,1386
28,4428
30,8789
42,7192
27,8669
29,6635
39,0039
38,2202
34,2031
42,5314
33,8114
31,9273
46,7959
32,1327
27,0831
36,1819
40,7758
47,6475
47,6475
47,6475
25,1064
47,6475
35,3815
29,3253
41,3534
38,0749
41,2467
40,3751
47,6475
30,7331
31,9921
25,6171
36,4800
41,7543
42,5171
30,1085
37,5013
31,1322
56,7813
27,3529
21,4647
33,5335
32,8541
29,8314
31,3292
47,6475
33,7180
29,6897
16,6401
24,9880
30,9041
42,1621
35,4342
35,4066
28,0846
39,4330
39,4217
34,6303
41,1941
43,7299
47,6475
47,0753
28,1751
33,3713
42,2945
45,2013
47,6475
47,6475
29,9526
32,7913
47,6475
40,9244
36,8729
38,1864
46,1484
36,7849
47,6475
27,6512
35,1487
33,2026
47,6475
37,5661
46,1351
31,9046
37,5209
37,4814
47,0772
25,2488
36,7133
42,3786
29,1805
21,5607
43,9341
25,1278
36,3045
31,7705
24,9081
38,9845
21,7232
44,8908
41,3505
22,9015
38,5539
29,3420
38,2515
25,4786
47,6475
47,6475
40,2530
36,4672
36,9664
37,8914
32,5065
28,0083
29,2942
28,3177
36,7430
40,5674
33,5136
47,6475
37,3980
35,5931
28,8229
40,9294
37,6458
31,2703
47,6475
30,5775
37,9217
39,8065
42,3947
41,1542
27,2580
44,4705
47,6475
43,1193
26,6672
34,2211
33,1185
47,6475
22,9337
47,4001
41,2014
43,8377
37,0048
30,4562
47,6475
35,1067
31,9426
34,5906
39,4215
47,6475
30,9401
30,3814
23,4146
31,0317
39,3333
47,6475
38,6336
35,7595
18,7355
43,6081
46,2714
35,6346
47,6475
39,8308
40,3556
43,1599
44,0546
29,6945
31,6418
39,5668
34,3244
36,2209
33,9010
35,1264
30,7911
33,9718
36,8894
22,2175
30,0943
28,8501
31,1682
30,3686
32,4149
28,3861
47,6475
35,8460
40,2173
37,7029
38,6859
33,3407
47,6475
26,4339
27,0721
22,7823
35,7489
30,7605
35,4232
35,0751
34,7159
33,7267
32,3990
29,7920
47,6475
26,7315
36,6510
33,2364
32,8019
35,6034
44,4307
33,3913
33,0517
40,3614
47,5791
46,5881
34,6336
29,7561
35,9677
47,6475
47,6475
47,6475
47,6475
26,9914
47,6475
27,8776
35,9391
38,0178
33,6089
33,9921
39,5369
42,2817
34,8222
21,3439
42,5022
28,1655
27,5937
41,2373
27,6110
38,1854
42,3672
26,3532
34,7521
30,8061
30,2512
47,6475
41,8270
39,5229
30,6010
25,5074
43,2969
25,6613
27,1590
27,3299
35,2206
45,6614
34,2729
42,9802
35,3003
37,7780
32,6468
25,4461
44,8262
36,4401
47,6475
39,2864
47,6475
34,3726
46,6622
34,8881
35,0184
36,0745
30,7345
31,4499
28,4984
44,6887
41,8534
30,6622
34,7953
41,1466
35,3300
39,1812
26,2234
28,7699
47,6475
30,2923
21,8916
34,6181
29,9989
38,7382
32,1542
17,8049
24,2855
32,7644
37,5454
39,5052
33,8118
40,9356
29,8581
29,4910
32,0697
27,0603
47,6475
47,6475
31,0801
37,9771
35,2464
33,4761
36,1470
37,0846
36,6585
47,6475
30,8458
34,1836
26,9707
25,4607
39,9421
21,9411
41,0042
31,0245
34,9218
43,4689
32,5522
32,8047
47,0554
45,9125
28,7812
36,0904
44,7167
30,2779
40,7400
38,3200
34,7358
36,4072
29,4125
35,4617
33,9481
27,5918
47,6475
28,0992
27,9290
46,9952
39,5849
25,6132
47,6475
38,8550
35,6622
36,0118
47,6475
25,2661
31,6565
30,0393
47,6475
33,7213
37,3858
47,6475
30,9485
39,3462
33,4602
38,5736
27,1417
29,4806
47,6475
43,4565
43,9221
37,3715
39,7349
28,8521
35,2570
37,1583
29,7434
18,6224
36,8335
47,6475
34,9501
31,9915
47,6475
32,2337
36,6022
29,2645
30,8027
17,5396
26,0694
47,6475
26,8483
43,3257
26,1078
36,6106
36,6141
35,3026
38,6422
34,5682
34,1202
41,9042
28,8879
47,6475
26,7886
47,6475
26,6907
47,6475
36,3725
33,4027
37,6758
37,9603
37,4671
36,5722
33,2202
43,5041
24,1920
39,3253
28,9926
27,9601
35,1296
32,1158
34,3408
40,1860
37,1359
32,0410
34,9083
30,2784
28,4313
28,1935
28,1021
31,5098
39,7497
43,0374
27,9790
20,9506
31,9984
36,9317
27,5618
34,9004
20,4710
47,6475
30,3046
46,2459
32,7534
33,0678
36,3071
39,8771
44,8089
38,7184
35,4495
47,6475
38,8926
43,3068
36,3029
47,6475
32,1870
22,7472
34,8661
31,9601
47,6475
28,5713
28,1297
36,4230
36,6529
42,7136
45,5555
47,6475
43,2046
37,4661
47,6475
34,0565
41,4866
37,7851
38,0976
37,7275
31,5006
31,7081
31,9803
37,1223
34,9964
35,7958
34,6220
28,9791
41,4579
39,5103
41,8147
47,4133
37,5240
23,0650
36,7823
23,9536
40,7676
30,6478
38,2148
32,9526
40,7196
36,8445
37,0004
28,6043
33,5820
35,0308
40,8276
38,5609
47,6475
44,1469
30,3013
42,1021
31,5129
41,4072
27,0808
35,8643
31,8514
45,3456
35,6040
38,2092
26,8430
28,7326
34,7135
31,4595
28,3227
34,4124
27,7095
47,6475
45,7029
42,7494
33,8710
38,7224
30,4253
46,4425
41,5796
34,4527
32,6769
35,1166
42,9470
40,6947
32,4432
37,4992
47,6475
31,1152
36,0784
27,1492
42,0565
40,7539
47,6475
28,9503
19,3404
33,4957
32,6145
40,6549
27,1926
33,2339
37,7081
31,2693
36,1398
21,3353
29,2575
29,2369
45,2434
31,6497
47,6475
23,6042
34,7442
47,4573
28,7712
36,4669
33,5182
39,2168
40,9805
32,4603
47,6475
47,6475
36,9219
41,4406
41,6087
36,7691
31,3701
47,6475
45,2220
46,1751
28,4010
34,6012
43,4167
34,0063
26,6129
36,9872
36,6459
43,3134
26,7180
47,6475
47,6475
34,4966
44,5878
46,0368
32,8903
43,0117
28,6078
39,3090
45,4167
35,6231
35,6966
34,4429
35,9559
28,2451
50,7800
30,0642
30,8335
36,8083
47,6475
39,5347
44,5695
47,6475
34,6637
36,8261
44,7446
30,7201
27,1946
47,6475
39,1644
29,6016
38,5240
36,0851
45,0679
25,6802
34,5007
28,8605
30,5724
39,4653
41,1996
36,3304
38,1670
28,4266
47,6475
33,3187
47,6475
46,1938
44,6668
28,3210
34,5217
33,4101
45,8854
37,1649
36,1574
40,6202
38,2945
33,0056
24,5546
54,2586
40,7557
22,6853
25,7237
37,0049
16,3896
47,6475
35,7064
17,7735
33,0313
22,3044
47,6475
28,2611
30,6001
31,7206
32,6240
39,3566
40,0133
28,0837
32,8470
46,6765
47,6475
31,0987
30,1326
41,9025
47,3658
23,8876
42,3274
45,7836
26,4110
26,9516
41,2073
33,9168
29,9673
45,6218
41,4462
38,7155
47,6475
42,5197
23,8674
39,1989
38,5202
33,6529
42,5288
36,0377
38,0515
35,7240
35,1295
35,7265
29,1599
47,6132
47,6475
29,5212
47,6475
27,1079
46,6658
45,2015
34,3694
32,0225
39,1224
31,5677
47,6475
24,7773
23,5767
33,1635
47,6475
42,8134
39,0007
27,3466
34,0636
22,5449
47,6475
28,9278
24,1135
47,6475
28,4208
39,5854
47,6475
47,6475
37,1021
41,4554
40,4093
27,0230
36,1533
35,6345
47,3945
31,1721
41,9271
47,6475
43,0160
33,2553
33,2398
42,1792
31,9172
47,6475
29,7382
27,4676
33,7817
31,9957
40,7781
47,6475
31,4179
31,0311
36,7190
36,5611
29,8972
29,3492
42,5625
35,0330
29,0478
38,1156
38,7675
33,4341
47,6475
40,5250
32,2512
47,6475
29,8866
38,5790
37,4829
37,9911
33,0612
33,5748
38,4341
27,8936
28,3379
47,6475
32,7233
46,1735
31,5589
28,8293
37,4313
26,8810
28,9040
27,9821
47,6475
36,1566
31,0186
41,3413
43,3057
47,6475
46,4984
39,3415
31,2389
39,5255
39,7659
35,3837
23,7356
28,3070
40,3731
38,6530
42,1187
47,6475
35,4159
47,6475
30,9077
47,6475
35,8508
47,6475
30,1220
39,7785
36,9497
34,3032
34,9655
31,4528
45,6373
37,6520
35,1121
41,3088
33,4220
35,7516
47,6475
47,6475
41,3666
27,7947
38,2476
38,9815
32,3631
42,5509
28,3676
47,6475
42,0447
29,7814
28,9456
47,6475
37,9954
32,1514
47,6475
45,1524
34,1894
28,1409
24,0030
37,0913
45,5560
37,8114
30,0360
36,2592
32,2553
36,6889
41,3534
47,6475
35,2104
38,4087
41,8709
13,8987
38,6362
38,1994
45,9944
24,3954
31,7660
27,3942
34,7051
40,6054
35,0601
41,2185
29,9458
47,6475
22,1779
47,6475
41,1761
38,6456
47,4895
33,4147
39,4793
45,7419
29,2142
42,4553
29,1519
41,4138
40,4358
32,1879
32,4325
29,1407
32,3499
33,9239
40,1063
46,4227
18,4211
39,0622
30,8281
47,6475
41,5696
28,6361
31,9462
40,9239
32,5393
35,9570
29,3559
33,7538
32,9646
25,5881
39,8753
47,6475
30,8778
40,6128
40,6802
30,2824
45,4839
31,2929
25,2367
40,8479
41,9973
40,0020
47,6475
40,2654
36,2712
47,6475
28,3670
32,1044
47,6475
38,1904
41,6736
39,5361
38,3347
31,1557
22,6537
47,6475
24,4157
38,4099
31,0340
29,2989
37,1126
26,9538
40,7128
32,2143
29,8347
35,2197
46,6948
47,6475
24,2617
47,2075
44,4974
40,0569
28,7127
35,0759
46,6229
19,2649
34,3639
34,4040
47,0293
35,1161
36,7239
36,1837
47,4239
40,1417
47,6475
43,6717
43,2858
40,6728
47,6475
31,5903
39,3953
27,9675
38,8393
30,7134
39,1175
39,6647
33,2865
33,1169
29,8979
28,9456
40,3589
29,3227
37,8714
29,0603
37,1649
38,8314
45,0193
47,6475
32,3611
24,6569
40,1214
33,5053
47,6475
31,1843
31,2374
28,4492
33,5591
30,7280
37,2515
39,0918
45,4755
46,6453
44,2546
33,2161
38,4015
31,0977
41,2483
35,0136
31,1114
30,4955
36,6841
30,1989
28,9429
37,0006
37,5027
42,9786
33,3219
33,7539
34,0548
34,9414
32,2208
47,6475
27,3613
30,6826
47,6475
36,2829
33,6857
43,6307
38,5277
37,7668
41,5225
32,3715
36,5426
39,0510
34,3524
47,6475
45,1782
44,4783
33,4069
34,3431
29,5448
28,9085
42,4847
47,6475
41,0197
31,3369
27,9311
36,5209
28,8154
30,6195
35,0422
30,5445
45,9178
30,0845
29,7514
27,5011
38,8208
47,6475
35,0870
25,8151
47,6475
35,3301
39,2931
47,6475
36,3910
47,5729
37,7302
35,5439
44,9302
22,2691
47,6475
40,7361
37,1565
26,8374
37,6991
42,2096
47,6475
47,6475
37,3916
37,0470
38,9300
45,8402
32,8455
31,3350
47,6475
42,9811
44,6265
27,3096
47,6475
32,6720
34,8838
31,2046
47,6475
30,3008
35,8524
37,4770
47,6475
37,7454
31,3436
41,5897
29,8017
26,7843
29,3993
32,4819
29,9940
45,8296
37,7052
33,4735
31,0503
37,4176
39,7059
31,2296
34,8134
47,6475
46,7492
47,6475
32,6308
32,0845
17,2497
35,3011
38,6479
30,6453
31,1836
34,0865
47,6475
18,7685
47,6475
21,1479
47,6475
37,8044
31,4688
38,6401
32,4407
26,4981
35,7210
47,6475
39,3831
33,1949
27,7358
32,3312
29,4449
36,2087
39,0357
30,8104
39,2510
47,6475
31,0657
47,6475
41,0453
45,0185
31,5148
47,6475
36,0203
24,2104
45,3120
46,3325
30,4851
29,0653
36,9933
38,0283
38,2302
26,1299
32,7172
44,6514
39,1897
34,5683
31,7881
29,0134
30,3621
36,0688
21,9345
38,3955
46,3869
26,3269
33,5714
42,1779
39,4999
31,5552
32,2095
26,7329
47,6475
36,0469
34,7908
47,6475
46,2415
33,3732
38,0375
47,6475
31,6417
35,7335
39,8832
34,9237
34,0258
29,2071
29,6991
47,6475
42,3479
36,0182
41,2279
27,8226
31,3362
30,8638
32,7152
38,9612
36,5009
30,9509
43,7896
11,1090
28,6324
17,6920
26,8068
33,4625
32,4677
47,6475
41,0582
47,6475
34,4994
30,8427
47,6475
45,7953
47,6475
36,6854
42,1344
24,5962
20,7332
37,4177
34,2861
46,1421
41,2840
24,9953
47,6475
38,1175
28,5265
45,3549
37,1784
46,9678
44,1534
36,6957
34,4808
33,8739
47,6475
37,6506
19,4423
34,2660
30,0684
30,4942
25,0411
40,2755
30,1553
26,7641
47,6475
42,0314
44,9397
38,9254
29,7855
41,7616
34,1815
34,2944
39,2497
39,8001
24,8518
25,0096
25,5499
22,3841
47,6475
35,4906
47,6475
