25,6221
26,3686
38,9766
30,6057
36,8038
50,1460
28,7613
46,4498
30,1202
27,5142
50,6475
32,6057
41,1045
27,3511
50,6475
50,6475
40,8601
50,6475
22,3652
35,0916
30,1069
26,0273
33,6607
23,4195
24,4247
42,2956
37,4168
46,7677
28,0339
38,8521
44,6019
22,9839
50,6475
50,6475
50,6475
28,5717
35,5227
42,9021
23,2996
36,8434
22,5301
30,2875
22,8728
25,0062
32,1234
42,2412
44,4188
28,2158
37,0160
29,4901
34,6499
39,0212
39,7684
31,2486
30,4141
36,0613
42,6784
30,5523
35,1454
32,6250
28,3000
36,4676
50,6475
32,7903
30,7304
38,6538
34,0904
32,0902
22,6120
25,6076
36,9597
27,6305
50,6475
37,3602
30,6794
50,6475
26,6810
34,4354
33,8855
32,0837
27,6013
24,6205
29,9298
36,2416
26,9904
40,7443
29,0009
47,5317
24,6146
36,6063
36,6155
28,2904
28,2142
35,0756
34,2669
26,2820
39,9665
34,8829
20,5213
34,9064
21,9529
34,2631
24,3468
29,3618
23,3546
30,7905
42,1838
29,7328
38,5225
27,7360
38,9345
43,3756
42,8955
49,7218
39,8589
29,2275
43,8516
33,5865
34,1567
30,1965
46,6477
36,4149
28,1313
35,3874
37,7678
38,5316
29,2858
34,9507
37,2902
22,5653
33,9523
26,9985
33,0235
26,8998
27,6821
23,2270
45,4984
28,2236
50,6475
50,6475
18,9056
33,0281
25,6696
38,4171
34,1297
34,6394
30,9012
29,6554
32,6976
26,1696
44,0955
30,3554
30,6555
32,4908
32,5644
23,1593
30,3970
26,7381
30,6085
50,6475
32,1305
50,6475
42,3295
31,6164
33,8844
28,6936
42,5903
41,3766
49,8388
31,7851
29,0296
38,2050
38,7173
18,0440
38,4184
46,0958
49,2933
24,6938
46,1418
38,1023
18,8560
33,6705
17,0649
24,4014
41,3617
30,9057
27,4435
31,7191
41,6229
31,1007
46,4155
37,3130
31,9629
38,5379
43,7128
24,7364
20,8420
28,6350
43,8622
41,4070
41,2562
30,6967
32,1196
21,6235
29,6303
33,0228
41,4363
21,9482
20,1844
39,1136
37,4761
34,2283
30,2992
33,0942
29,1503
50,6475
31,2301
18,5791
31,7884
29,5639
29,0133
40,9923
27,7228
33,7396
35,9191
39,8701
34,0858
22,9558
22,1289
46,0756
25,0494
41,8150
36,4128
32,0882
41,2030
43,9994
31,6033
34,6769
39,9799
34,8733
32,1712
24,7746
17,1721
31,7682
34,6594
29,2873
46,0927
22,9332
33,6706
34,1477
28,4183
26,2276
30,0976
21,3824
35,7868
30,8330
36,7714
42,7872
29,2322
30,9075
38,8966
34,8331
35,1342
28,7366
25,1996
37,8571
41,7297
37,5979
50,6475
18,7571
48,7469
23,5396
28,4957
29,0213
24,7712
29,7356
43,5473
23,0797
25,0365
23,4814
25,6585
39,9705
40,3397
31,8307
30,0383
30,3191
35,8575
40,7295
32,7714
35,1268
41,9685
42,9512
50,6475
31,3331
36,9715
33,0664
24,1791
26,0869
29,8904
50,6475
45,5167
42,1584
41,5660
44,2746
32,4681
29,7331
36,8958
50,0425
19,6486
23,5671
27,1416
38,3261
32,9156
31,3560
43,6870
37,5072
46,9227
21,3075
37,7725
20,0597
43,0194
30,7386
35,1321
31,9384
29,6120
49,0773
36,3341
32,3679
33,4015
40,7798
34,7752
32,7881
33,9428
24,6305
31,0339
43,2848
39,1594
22,7952
31,2208
39,2873
31,7736
41,4044
29,1526
26,4400
35,4107
43,5549
29,0511
50,6475
28,8323
25,1057
27,3658
36,2071
28,6398
37,4110
33,5987
22,9208
30,2602
21,1465
18,4260
34,6390
28,9607
32,7127
35,8860
35,5231
38,1241
40,6382
34,1053
49,6092
43,3729
33,7121
28,9233
35,8294
24,4024
31,3336
36,1579
35,7241
36,4870
34,6547
32,4521
31,1258
22,5709
25,5093
31,1308
27,0199
30,8350
40,6190
29,0984
38,1765
34,1700
33,0313
38,2815
22,4046
35,6479
36,6863
37,4056
13,7879
14,4704
29,0971
24,0310
27,6008
37,8696
34,7740
35,4317
13,8041
30,6637
29,2482
50,6475
50,6475
28,0120
36,5053
47,2291
34,9141
38,2139
33,6868
39,3509
20,5152
21,3733
28,7689
34,1122
28,8156
44,7763
28,5207
31,7588
26,2357
29,8356
35,8739
40,9739
33,5396
26,1773
30,8207
41,8395
35,4097
30,5192
30,2932
41,1036
25,0226
29,0240
30,2906
20,4447
37,1906
36,5205
25,6363
22,9466
46,1510
25,6426
34,3077
20,8772
26,0686
23,8263
19,4781
30,8086
40,5654
39,9835
46,9787
40,7435
39,5521
26,2339
29,0073
27,2496
45,6213
32,9372
41,0813
19,0098
43,6540
44,6597
34,1228
33,9665
46,1736
30,9100
36,4342
48,9560
41,7441
35,0388
27,0427
35,7019
42,2867
32,8462
27,7665
35,3959
27,2949
37,4089
39,5049
29,0427
42,3818
43,5449
35,5046
50,5325
20,7678
27,5422
33,9850
43,7894
37,8368
28,7972
36,6888
28,4090
30,0784
19,5134
38,0060
50,6475
24,4220
50,6475
38,0015
43,9109
41,1304
37,0294
32,8869
28,5748
34,5103
32,8318
36,9570
47,4783
33,5005
41,0475
44,3306
29,2586
50,6475
22,5486
25,8137
35,0222
30,9621
28,9029
36,9403
37,9010
48,1491
34,3285
37,5605
30,6992
22,1332
38,2814
25,2500
29,2132
23,5042
26,0454
34,5476
35,8012
31,8454
19,0123
50,6475
39,6443
38,5189
31,5862
29,7808
35,9983
24,7036
37,2725
50,6475
50,6475
34,5915
42,0845
25,4310
50,6475
45,5356
24,6168
23,8846
24,7686
34,4562
30,2491
50,6475
29,8080
37,4688
45,8634
30,7095
27,9931
35,2571
23,0960
47,6825
32,7228
38,2156
48,1832
26,3468
50,6475
24,5229
37,8808
30,5837
31,4601
24,9208
36,5688
35,0068
32,5634
32,0726
44,5152
32,3465
27,7361
40,5809
34,1697
34,6017
40,7082
35,9020
27,3503
31,3566
32,8484
19,5024
43,1900
24,7896
29,2254
32,7546
50,6475
32,6324
48,5120
47,2386
43,7795
30,7313
32,4557
50,6475
30,7636
50,6475
31,1294
47,0344
30,6399
35,3394
32,2754
28,7726
26,6819
38,5426
31,9713
46,5733
40,7596
31,1268
38,0794
31,4763
32,6888
41,8769
40,4214
36,0743
32,1133
35,6833
30,0283
40,2318
37,6513
38,8495
26,1769
29,5985
50,6475
30,6634
38,4776
31,9354
29,5998
31,0550
46,3146
28,3360
40,7680
43,1234
50,6475
42,3449
47,2920
20,6933
36,6487
24,4701
31,2208
50,6475
50,5874
30,8147
39,3344
30,8432
37,8871
36,0697
22,4822
35,7329
17,8417
24,5062
32,2557
41,7785
27,6358
26,9154
35,8254
26,9846
34,4234
26,0149
37,4770
42,1959
24,7732
27,6700
33,2996
44,8794
36,5523
30,8077
36,5643
49,8435
32,6019
26,8911
28,3977
31,0175
36,2391
27,9247
33,6597
28,0768
20,1707
23,4514
36,0772
28,9312
36,9309
29,3938
28,4661
39,8704
44,8198
27,2214
25,9865
26,6970
29,1490
32,0708
34,1298
29,2441
39,6948
28,9214
31,6941
34,5654
32,8772
36,5573
49,7355
30,6109
50,6475
26,5699
19,0913
29,8951
34,2087
34,7047
39,9285
12,8481
50,6475
13,4246
25,6972
50,6475
27,8568
30,1007
32,2519
24,5575
30,3732
50,6475
30,4041
38,0039
36,3431
33,6495
29,5557
40,2390
22,9509
45,6137
37,8576
22,6058
29,2436
28,0954
46,4030
26,2954
38,1470
28,0819
39,8875
26,0254
28,0346
28,3762
16,0116
42,8110
47,8762
48,7496
30,0874
32,6532
24,1036
47,8831
40,9453
35,8895
31,1846
25,6595
32,4747
25,8336
35,3370
44,5666
30,1946
43,8239
50,6475
25,2539
26,8019
38,1994
27,2610
21,0775
29,7853
30,3141
47,0226
32,2237
36,9175
22,4541
20,8268
44,9762
50,6475
23,0768
50,6475
34,1635
29,3169
41,1210
26,5325
30,7664
24,3432
19,5685
32,3629
50,6475
39,0797
40,1698
30,2247
29,9256
41,8905
26,2375
27,5249
32,7211
36,3621
27,8535
29,8429
46,9963
38,8921
31,3004
32,7562
32,5004
37,0596
36,6469
35,0155
40,4987
22,7268
45,7582
33,4828
43,7115
36,6384
32,0630
32,3889
33,9491
31,2883
23,5551
32,6650
50,2421
35,7520
41,3464
31,1641
19,7800
19,2843
20,7472
42,9088
40,1320
32,0447
49,3516
31,9963
42,1451
26,4368
31,4064
45,8332
26,5981
50,6475
31,3886
34,9122
30,0621
22,9159
41,3216
43,7909
29,5047
35,6526
45,1207
33,3919
30,2077
25,9381
49,3722
36,7528
22,9662
17,6505
24,0629
22,2759
47,1943
32,4081
41,7698
44,9831
24,8009
42,8830
42,0594
43,8922
30,6857
25,2523
19,9479
27,6118
29,9781
31,6365
23,9236
36,0833
19,1823
34,2701
32,1320
28,8707
33,9529
26,8925
48,5655
30,4194
18,9565
31,3771
32,0201
38,6030
29,5945
41,1136
29,2737
20,0238
44,9270
48,3264
50,6475
37,9793
38,5160
33,9931
36,7567
27,5499
36,3175
22,1398
50,6475
49,1277
24,6314
47,8875
37,4130
37,9111
29,9028
50,6475
38,6754
31,4304
23,1183
32,3020
36,8808
38,6890
32,4888
36,2111
48,3306
33,9690
28,1791
36,2596
27,8804
30,8897
42,7546
25,0409
41,2613
35,8596
39,5796
34,7469
28,7211
40,5908
33,3472
33,6858
41,8709
33,0792
37,8037
41,8124
50,6475
40,8422
41,1428
44,2389
25,2767
50,6475
33,1153
48,9305
27,4253
35,0320
27,9890
31,5530
48,2235
50,6475
40,7038
35,6398
38,7463
48,5186
26,3024
36,4908
36,1847
41,6857
39,3498
44,6522
50,6475
38,0798
50,6475
37,4247
50,6475
33,6861
37,0248
33,3367
50,6475
42,8868
39,1063
38,4595
24,7500
32,7913
42,8553
26,4654
32,1043
43,4827
45,6885
32,4809
43,7739
45,2104
23,1082
40,4829
33,3868
30,3221
33,8255
42,1810
39,8225
35,4506
28,0905
38,7460
31,0261
18,2911
38,6356
45,4582
47,7476
40,8853
50,6475
39,6910
33,0508
27,9781
33,2734
36,0452
31,3809
45,0944
35,1749
30,1868
31,8160
37,0664
30,1481
38,1724
36,5056
32,7402
33,7325
48,9318
34,1862
40,6759
30,0951
26,2075
50,6475
39,7269
39,6139
48,8043
34,8011
38,0824
37,2899
22,6885
37,1558
35,9747
38,4536
50,1722
34,2202
37,9344
32,8103
46,0675
46,7527
29,9059
41,8634
26,5217
37,2241
44,2485
37,0265
35,1044
37,1829
24,7520
48,0185
38,0871
38,6056
36,9043
29,7866
35,1013
29,9209
25,1579
18,7759
50,6475
31,7196
50,6475
42,6983
45,4132
32,9928
37,2900
42,3963
33,4220
18,5182
25,0642
30,7115
18,8853
46,1654
34,0984
34,9433
47,3117
28,8941
27,3083
50,1523
31,4631
44,2513
50,6475
45,2920
35,0270
35,4203
31,3191
42,6304
48,4638
35,8218
34,1973
19,8380
35,4648
39,5757
39,5770
24,8713
33,2043
28,5114
30,7445
33,5333
35,8129
21,8421
50,6475
42,4547
26,3053
33,8788
40,3346
43,9751
50,6475
21,0732
36,4087
32,1381
34,4335
33,1988
30,2790
23,8884
36,7481
33,3946
40,1691
49,2070
37,7067
48,2753
50,6475
39,2113
30,4193
31,7740
50,6475
50,6475
40,1474
20,9331
23,8841
36,9151
37,2224
50,6475
43,2758
25,3640
31,1266
30,6839
29,6786
32,9810
47,7445
30,1169
31,7306
34,5969
35,6444
14,3642
20,3009
14,7955
27,3239
43,8404
35,4619
36,4065
43,7388
24,5679
25,1485
50,6475
28,6068
29,7918
25,6159
31,0818
31,1972
24,7547
28,5559
35,0483
19,4073
26,2816
45,3795
28,1299
34,2463
32,5766
26,1473
44,6567
28,3360
32,2614
37,1468
19,9167
40,3514
50,6475
33,7433
30,3742
36,7893
23,7688
47,0684
34,3119
21,9329
27,0465
35,4767
40,7029
30,8018
39,5585
27,4179
30,4508
33,8199
47,8699
50,6475
41,2527
48,6340
27,3108
50,2180
25,0025
45,3283
35,2701
27,0062
36,8557
20,8834
28,4370
36,4814
39,1267
48,5912
50,6475
31,1123
25,4867
36,8943
27,0797
48,4687
25,7749
21,9718
22,7312
38,7335
49,8402
44,4056
30,8149
37,4110
38,1185
27,6389
50,6475
33,8666
37,9109
18,5194
41,3884
48,7431
24,2923
43,6971
38,2370
33,7446
46,0814
28,4989
27,0411
32,6640
38,4528
29,7377
50,6475
26,7498
32,3138
34,6002
26,8476
36,7222
50,6475
23,5326
24,3522
50,6475
34,5869
27,2275
23,1549
43,6800
37,8185
43,2609
50,6475
41,8572
27,9435
38,8868
31,6833
24,5526
48,9191
30,6015
40,1929
41,4835
32,4793
28,7886
48,7085
27,1291
50,6475
40,8316
35,7675
35,8444
35,1431
50,6475
50,6475
32,6648
27,1996
41,5158
31,4340
34,2361
40,7068
37,7222
39,9693
32,1108
29,6208
47,5809
28,2662
23,1545
50,6475
50,6475
29,8392
29,3474
28,1934
21,7835
19,4032
15,1725
27,3567
26,6371
30,9567
50,6475
30,8065
36,7558
38,2670
39,2364
42,8949
29,0545
41,8472
38,2394
31,0574
33,3386
37,5827
28,0949
34,5962
31,1368
25,0939
32,8236
36,2134
28,1099
28,4525
50,6475
28,4271
25,1991
50,6475
26,6199
50,6475
30,9565
50,6475
37,3339
50,6475
31,1130
40,4628
46,8016
38,3770
41,7446
41,9362
39,4445
40,4290
27,9633
12,4555
43,5131
31,8676
37,5522
28,2630
40,5182
50,6475
24,2679
21,1008
40,9126
43,6809
40,0565
28,7672
38,3286
21,0380
41,7969
28,3203
23,3465
39,7543
31,0924
36,4100
28,5528
23,7616
35,5001
41,0954
38,5663
23,2487
31,5761
29,3972
33,5962
31,1523
42,9937
50,6475
28,7706
35,2934
34,4578
42,8132
30,3615
36,3935
34,5292
35,9085
50,6475
31,8914
49,3241
33,6378
22,7415
45,1153
33,7527
39,6978
32,2763
29,4209
33,2865
40,8168
31,1142
33,2450
24,6817
32,1529
29,1310
31,6274
31,2852
30,9719
23,5524
43,4056
32,8586
21,9557
50,6475
45,0889
50,6475
32,5940
38,7020
32,0562
36,4297
50,6475
35,1772
38,0436
35,9824
24,2904
26,2949
29,1248
37,6288
49,4327
41,4702
31,6783
23,8979
27,0533
29,3552
35,8597
32,4727
46,7721
27,9314
29,8138
49,6710
39,9994
41,9525
22,3020
33,8296
30,9058
35,4388
50,6475
39,8420
32,8126
32,4048
27,9981
34,6550
35,8125
35,5815
32,8164
35,6953
22,6370
29,1560
26,6761
37,2971
50,6475
21,9162
35,9198
46,5565
35,6333
36,5689
32,7554
48,9770
43,7982
40,0816
28,8016
34,1704
50,6475
25,7314
36,3646
23,4805
33,0036
26,2336
34,0311
30,7792
33,5032
21,2640
32,9779
32,2503
31,9594
28,4503
32,8312
41,4423
39,9714
24,7769
41,4210
41,5066
33,8356
36,4523
36,7099
41,0727
37,4185
31,2279
50,6475
30,0917
35,3855
22,5779
37,3243
31,0945
17,6464
29,5976
31,9836
34,6387
42,1490
36,5807
30,4185
43,2198
45,8159
44,1104
27,2821
40,4103
33,5151
30,8600
27,6169
50,6475
32,4034
50,6475
32,8488
24,2082
23,5441
50,6475
25,8223
38,4763
35,8289
31,2835
34,1229
28,6694
30,0123
31,4412
26,3961
50,6475
41,7155
39,9381
35,3013
48,7084
50,6475
49,6013
25,1247
25,2987
39,5325
27,1009
50,6475
34,1110
38,4645
23,1722
45,4178
28,6728
47,4920
43,7466
33,8832
44,6196
22,7655
35,0060
41,3229
35,9012
44,5489
50,6475
48,9183
25,7604
43,4989
23,9879
26,0508
34,3096
34,3044
50,6475
29,7887
39,2908
31,6799
50,6475
35,3397
28,8621
32,9557
34,1977
28,5850
41,4337
20,5969
30,2244
31,6656
28,2289
36,7218
29,6770
34,0763
27,4750
50,6475
28,9421
26,9260
29,2258
34,2703
26,8305
26,2971
33,0022
46,6408
40,2736
33,2907
35,7098
42,3741
36,1581
32,0568
28,4052
40,0613
40,0722
24,4285
25,4315
39,0187
34,3219
43,0573
42,3094
41,1970
36,9517
23,4386
38,3377
30,1710
34,5554
35,8562
30,6305
20,0134
32,0521
49,5924
37,7926
28,0272
41,5392
33,0084
33,4288
42,3247
37,1117
48,2322
31,8159
36,6705
44,6911
31,4944
48,9544
28,8615
31,0735
42,2148
22,7552
26,2746
43,3198
24,0931
27,1766
35,2159
30,3077
26,1453
29,7900
47,1955
44,0636
24,0075
50,6475
38,1452
37,1180
39,5903
30,5882
20,3777
32,3152
35,5733
29,5086
39,3600
32,3809
50,6475
35,2198
27,4474
39,6206
29,1843
45,7069
31,1338
27,6075
30,0180
44,3993
39,4603
30,0037
31,8255
47,4584
35,6305
28,1319
34,3446
50,6475
33,4859
32,1347
36,8150
26,1350
40,7283
34,6944
18,2716
39,4637
21,7937
29,5625
32,5639
30,4790
30,4363
28,5584
28,6294
32,4099
23,2278
38,7466
31,9146
31,6403
35,8330
32,2284
29,0854
23,5870
30,0955
30,8781
41,3579
37,6301
28,9151
30,5297
30,3528
25,3467
37,4658
26,8287
21,7379
31,7079
22,8653
29,0800
26,8644
28,2929
38,7656
28,3811
43,4145
50,6475
30,1918
32,9767
36,0346
40,9273
21,2527
21,7438
29,5545
27,1526
48,1626
45,5400
23,2766
50,6475
27,4772
28,6153
28,9978
39,2833
20,4052
35,5793
28,5712
35,5366
23,2359
31,5107
25,8331
25,0147
41,3058
25,1794
45,3664
36,4498
37,4521
40,9539
37,8697
42,3406
32,0583
31,3715
50,6475
25,7112
33,0262
50,6475
26,7754
31,5389
22,0814
38,8844
41,8612
31,9578
50,6475
38,2851
32,7471
30,5892
26,9736
43,5733
39,4517
27,0578
28,7079
28,9648
32,2623
24,1928
28,4045
36,0188
26,6888
34,1041
39,2009
23,9099
31,7071
28,8804
38,0555
27,3308
24,2473
37,9483
26,4385
42,1795
24,9144
36,9736
34,8759
28,7142
38,1787
45,8321
39,8205
50,6475
34,1401
28,8476
50,6475
27,7712
32,2408
23,3181
29,8436
49,7070
33,9566
39,5571
33,3230
44,1420
25,5468
30,8189
50,6475
31,5550
28,8281
46,5745
28,1729
28,0648
34,2946
40,1179
35,4921
30,0481
35,7419
37,3705
41,6054
25,7983
37,2587
27,9881
27,2701
26,1632
37,7615
50,6475
50,6475
14,5302
40,3535
41,2413
50,6475
38,1317
37,3818
40,0130
38,2787
30,0792
34,9741
36,3769
49,8805
33,0842
24,1555
45,1080
35,8555
26,3096
20,0845
33,9268
36,7830
40,2827
48,5323
34,1221
30,4284
33,0143
49,2473
32,3396
27,2357
25,1190
42,1800
34,4431
50,2136
32,4791
38,2054
42,2159
28,9711
33,1849
28,2102
33,2957
41,4218
22,1619
32,3417
47,1721
35,4679
27,4285
39,9982
46,2887
35,0092
37,4272
32,1433
42,1330
23,9282
44,7202
27,4826
43,2471
38,8296
20,7125
43,3941
36,0461
43,0622
47,5547
31,2339
39,7357
26,7172
19,4531
30,1343
22,9707
32,1974
35,2849
38,4699
50,6475
27,9101
50,6475
32,0721
34,8382
47,4441
31,8025
41,4975
32,6395
36,8366
21,6617
18,3655
28,0778
50,6475
25,8454
31,6794
33,8048
40,4609
26,8667
29,4617
40,0906
49,4360
50,6475
35,4569
22,6954
20,7334
25,1551
46,2686
37,6377
40,5663
27,5716
33,5530
34,3471
37,6475
23,2963
37,0244
35,6217
29,7290
30,4076
26,2138
27,8302
31,9919
35,7708
32,0568
38,3471
22,6593
39,8374
38,8441
28,8869
34,5132
50,6475
50,6475
27,3006
24,1217
30,5364
33,1530
36,3526
33,8276
37,3052
39,5946
30,6477
39,3624
26,8308
27,1595
27,7882
33,7829
29,5889
30,4871
42,5964
33,0746
45,9593
37,9692
35,2529
25,2111
32,8790
41,0995
44,7844
31,4962
38,4328
33,9319
30,8701
41,3110
30,2951
37,2410
34,6534
39,1646
32,6259
44,6084
19,0332
42,9188
21,6491
28,1412
29,8627
28,2195
36,0904
38,0001
30,8792
29,5534
47,1600
28,5894
33,6970
27,1481
28,1340
23,8032
39,0721
36,8269
30,7926
28,9512
38,7354
32,8863
37,9347
40,0634
22,5439
32,3849
28,6444
34,0399
33,7472
30,2572
33,1696
48,4535
43,4714
33,9349
31,4431
47,7655
28,3829
37,2432
28,3487
29,1266
40,6872
33,0781
37,0764
42,7689
40,0702
29,8179
31,2886
20,3675
35,9388
33,1709
25,1318
25,9939
30,2189
28,0484
34,9223
36,4064
31,1220
31,9287
38,4845
39,5660
22,6012
45,7742
36,4956
43,5597
33,7819
33,2232
30,6891
33,9673
35,9821
29,1037
49,1502
43,6943
27,2476
31,7762
49,1993
37,2420
34,3934
46,3551
23,7056
29,7805
50,6475
33,1509
26,7165
34,0089
34,9489
27,8472
26,5090
35,7271
39,0000
33,0230
29,6122
35,0607
27,6153
44,1198
27,8046
35,7512
32,2638
50,6475
29,8322
42,1761
38,4181
40,6822
32,0148
35,5494
25,9972
41,6440
48,6246
35,3748
37,6338
24,0254
26,5116
32,7732
47,4782
38,9022
24,0433
24,8380
33,7658
25,7896
29,8186
30,5203
37,8983
37,9842
17,4917
32,7038
33,4928
13,5813
39,9755
43,0425
33,5611
33,9119
27,6586
27,1294
47,4852
26,7199
40,7026
35,2355
46,0976
22,4359
38,8452
30,8640
34,3818
43,5141
37,4933
35,2156
46,7981
29,1569
30,2449
32,6859
41,6501
30,6715
37,1752
40,2475
31,5615
31,1910
46,0342
28,7521
33,7051
32,7799
39,6606
27,2218
33,4129
31,7016
36,4985
43,5807
27,5792
19,7000
31,9757
29,4256
43,4546
47,3439
44,6565
32,9640
39,4227
31,0092
36,1388
32,2010
39,6183
28,4025
36,9938
24,0077
32,6586
42,9444
43,3630
36,0867
30,5907
29,5911
50,6475
30,2764
40,8963
27,1304
25,6848
34,6953
29,1480
31,9301
32,8916
24,4729
32,9746
45,5325
30,9744
24,5536
41,3835
30,8148
36,1701
42,9538
33,3564
36,6850
41,9794
36,1760
32,5533
38,9595
35,4477
24,1056
26,7438
28,8218
28,8637
48,9261
28,9379
26,7421
23,5236
27,0153
37,7807
22,5522
34,2296
23,5884
27,5786
32,7742
43,3680
31,6751
32,1013
25,2440
25,2687
37,8838
31,2605
35,8333
34,9019
40,3038
31,8295
29,3068
32,7733
41,0049
50,1416
44,6639
38,7018
35,9115
16,8926
35,6680
46,0830
39,8998
31,8370
37,1733
35,1068
21,4999
17,7759
41,1002
26,3990
21,5464
29,8212
50,6475
44,1030
31,6183
26,5235
41,5066
27,7162
31,2795
23,7267
27,1680
25,8232
33,9823
29,0375
28,8199
38,8141
41,4125
39,4798
50,6475
36,9351
37,9396
42,8964
35,0434
34,1382
34,3737
30,3651
27,7006
38,4359
42,4891
29,3579
47,0492
44,4347
33,1756
16,5095
25,9763
38,0594
50,6475
33,5038
26,8172
29,7747
45,9774
36,2377
31,8870
30,4668
20,9040
50,6475
25,3272
35,2380
24,3246
35,8891
40,6550
21,4582
36,6368
36,2654
31,2222
24,8337
23,8490
31,6238
38,0443
25,7103
36,0040
25,1297
38,8530
44,2826
30,8807
46,8173
36,5539
23,4302
35,0529
37,1258
50,6475
50,6475
49,4944
26,7463
30,3450
27,8236
28,1318
25,1353
27,2591
30,2413
23,8472
35,7337
35,0028
30,2883
30,4732
27,1524
48,5992
47,1280
37,4371
23,0575
23,6673
31,9746
28,3094
28,7398
33,0223
38,5346
27,7759
20,1162
48,7451
33,9293
31,6410
23,4876
28,6178
25,2413
36,7319
31,5060
29,8241
30,4702
33,7351
50,6475
47,6976
28,4659
38,9847
19,3179
36,5311
39,3720
31,7517
40,6801
35,4706
25,1962
30,0275
28,4503
46,2717
28,0101
46,2012
47,5791
27,1961
33,5928
34,2053
50,6475
36,2194
27,6329
40,0550
42,1099
38,8250
33,9272
29,2312
46,4685
17,8372
27,0870
21,8897
21,0813
34,6898
40,6323
18,3876
31,7060
28,3498
26,7090
26,3005
31,0082
28,6638
37,4597
32,7272
47,3537
24,5830
39,6178
40,3085
42,6232
24,9769
31,5118
35,7721
38,3579
48,0896
49,2241
41,8608
40,6172
41,4071
31,1204
46,4166
29,0699
33,8695
32,8677
21,8363
37,2361
32,1288
32,4465
32,2941
24,4699
42,2610
36,9441
30,1190
27,2176
29,1666
28,7167
24,5780
41,3672
30,0434
27,7356
39,6539
26,3303
35,0520
26,4411
28,2213
24,6581
29,4315
29,4744
37,4782
34,2234
50,6475
41,4818
28,8396
29,8075
50,6475
26,8577
23,3493
29,3529
27,6566
39,9519
40,9350
35,0443
24,7485
31,9393
41,8476
34,7262
49,3658
27,8100
26,6300
33,1206
27,6922
26,7308
32,4701
31,8821
32,2476
29,3476
28,8872
39,5672
35,4215
42,3426
34,0229
32,9121
28,1392
30,2229
26,9093
35,8559
29,7739
50,4845
38,2765
42,7488
32,2842
25,4294
33,8499
27,7448
37,4241
29,6063
39,0672
35,2451
26,0419
13,6651
28,0325
19,9964
29,7820
50,6475
21,6211
50,6475
30,0186
35,4348
28,4265
36,8081
47,9485
28,3273
34,2237
30,6849
35,4557
36,0652
37,6916
32,4269
36,2480
40,3298
42,2482
39,1087
33,5322
39,9642
39,4515
50,6475
45,6097
25,3684
30,0107
17,5601
30,2847
30,4884
49,7008
39,7923
29,9317
29,1510
37,8739
29,0578
37,8357
28,3755
47,5834
25,3017
44,9232
38,7184
21,9201
36,8340
27,2747
36,9143
24,0657
43,3834
34,2788
30,9166
25,6543
40,8369
42,6242
41,0978
29,7500
36,6905
29,5570
30,4704
30,7268
42,4283
27,8380
21,9385
38,3095
47,3929
30,9234
26,8091
39,7462
28,2407
45,0020
25,2283
36,8317
29,3444
29,9599
39,4352
22,2273
50,6475
38,8112
43,2427
29,7001
50,6475
41,0717
34,1822
29,9648
36,3276
38,8162
28,5196
27,8429
39,1713
47,1038
39,3088
26,5857
37,2163
49,7115
35,3895
34,7885
34,1099
32,2279
30,5032
30,3448
42,1218
41,9975
40,9392
29,7507
40,5645
33,3497
46,8950
24,7171
33,2818
30,0178
32,4170
28,5444
28,8483
45,0602
38,3563
50,6475
20,9101
34,7096
50,6475
37,8970
31,4080
37,0429
31,8903
36,0467
29,6021
22,7803
42,6043
32,3584
20,3491
23,8166
43,3875
31,3630
34,5648
25,4277
33,9522
32,8328
32,6196
50,6475
23,0101
27,4390
33,9966
24,3571
43,3563
30,7057
25,9870
24,6223
23,7533
25,3173
28,0618
50,6475
22,2066
39,6711
37,7181
28,5668
50,6475
40,9995
27,2010
50,6475
40,3672
28,0027
50,6475
25,6676
32,1063
40,1071
33,8982
30,7250
32,8236
50,6475
40,1561
31,9009
33,7843
42,1283
32,5296
34,8450
35,8596
30,5407
36,2282
19,0898
31,1248
50,6475
44,8229
28,2707
21,0565
41,3197
25,4840
44,7474
35,7979
28,7574
41,9270
32,7807
40,0162
29,1088
30,8142
27,6128
35,4372
39,9831
23,8158
21,1810
43,3160
46,6383
39,2399
36,3441
26,5555
24,1548
29,7577
28,9924
36,0956
49,3219
26,7821
39,0421
30,8007
50,6475
34,8766
30,0685
38,5589
50,6475
33,2061
24,4864
31,9417
32,9580
40,5340
26,3057
41,0331
22,8665
27,6059
44,5043
44,7460
24,5864
32,0844
40,6065
32,1727
21,4279
45,2201
50,6475
30,7372
29,6232
33,2524
30,1899
50,6475
42,0693
32,3863
43,8775
29,2213
33,5570
26,6840
42,4269
30,0106
41,7047
43,4408
32,2905
39,0236
27,9306
39,5485
34,2833
50,6475
39,6524
27,2915
50,6475
37,8185
44,8101
41,1260
31,5002
22,9460
31,4814
39,8179
40,3518
25,1211
33,0583
29,4219
37,5319
32,6742
20,6771
29,2868
33,7486
29,1805
29,7935
46,1110
36,5899
30,9180
27,4429
35,0675
24,5459
28,8844
41,3689
32,8486
18,8119
40,5077
25,1194
27,0767
25,1798
28,5526
38,0876
40,4742
50,6475
50,6475
36,5009
33,2939
29,6081
29,1093
43,6450
32,7647
40,6675
38,2167
31,2489
27,9450
48,6112
47,1951
31,4992
25,8242
29,7317
33,5469
20,6796
30,0448
36,8844
28,1912
32,0369
30,3962
30,1206
27,8943
29,6855
25,6033
38,7564
30,0891
38,6900
50,6475
32,7429
50,6475
31,4370
38,3781
43,3579
38,0850
30,9396
23,7370
27,8251
34,7094
31,6307
46,1246
35,5831
31,2221
32,1774
32,5590
40,2627
50,2654
29,8192
33,1199
42,3333
34,0431
25,0274
36,7763
36,5313
33,6136
25,5214
26,0255
27,7984
28,6815
42,7656
20,5693
29,0287
35,6234
35,7734
36,4139
27,8499
31,5747
40,8727
30,2005
50,6475
45,0968
22,0582
33,4067
48,1367
50,6475
40,5760
36,9503
27,9644
40,3273
24,3500
48,7490
45,9384
30,5410
29,3122
47,4751
27,1285
29,6492
25,5076
26,1229
29,2146
29,0226
30,0877
25,9546
31,6634
33,6886
30,3542
21,6988
31,1698
22,9342
27,1728
37,7999
31,9783
50,6475
38,7844
33,4492
34,2804
27,0859
42,6968
39,5599
42,3111
33,9272
26,0810
23,5499
42,1131
20,7134
39,1957
26,1053
44,1814
29,3263
22,0415
32,2202
28,2389
29,8237
37,8145
23,4233
38,2925
27,9789
46,2279
29,6708
25,8396
50,6475
32,9584
33,5150
33,8772
34,7138
31,4650
47,6607
33,9295
44,0921
35,6861
28,6712
40,2714
43,9242
31,7305
32,6738
41,4029
25,4549
45,0706
36,4263
37,9221
31,4174
19,1546
33,3230
40,6451
30,1576
42,8179
36,6141
30,5137
35,8636
28,1236
50,6475
25,3098
26,5957
30,4617
32,1750
36,7694
30,6032
26,3480
28,6429
37,6511
50,6475
50,6475
28,1240
37,3633
30,1992
30,4845
50,6475
20,3319
45,3892
26,9941
30,7058
22,6699
40,5904
32,0917
29,6083
26,4529
27,3062
41,2078
49,4376
47,6414
34,5642
42,9229
19,9600
40,7435
24,2792
27,9312
50,6475
36,0112
33,5545
25,4169
50,6475
19,8711
25,5350
29,3324
27,0135
11,5817
37,6487
32,3881
30,3460
26,6140
28,4653
40,2926
50,6475
32,0031
36,4683
31,8199
19,9242
31,0475
28,9576
37,2439
27,7982
27,2175
21,7808
35,3704
39,2832
41,2434
43,8721
48,4702
30,6022
27,4072
36,9798
33,0088
24,5893
30,3225
24,0682
40,7383
50,6475
36,4895
29,3530
28,4550
36,1210
36,8757
32,2204
32,8542
37,4411
25,7432
31,0538
50,6475
34,3159
50,6475
26,0173
36,3343
34,3661
50,6475
25,7760
27,0450
19,9745
36,4347
41,0964
33,1802
34,4393
19,4904
30,6943
12,6029
15,4399
37,4714
16,2871
13,6943
50,6475
45,2534
23,5259
31,4981
29,6347
36,4693
30,5503
26,5594
31,4590
38,2135
21,0957
34,1633
49,9847
36,7305
22,4204
42,5621
33,9562
29,2282
28,6624
32,9893
27,3057
31,5677
32,6048
28,9529
30,5586
33,7556
33,8966
26,9443
41,4860
43,7291
17,9955
25,0442
30,8161
37,3742
36,4355
22,2798
37,6657
24,6333
36,3316
19,3381
39,5809
21,1611
46,7709
27,8475
34,2221
36,3937
25,1177
35,9180
33,6700
36,4585
38,8554
26,8463
29,2134
32,5878
33,8097
33,3402
45,7965
32,8868
23,8079
49,5400
36,1754
50,4715
39,6173
50,6475
24,0200
25,5299
48,4971
36,1318
44,3024
39,3863
41,8629
27,7910
31,6196
25,9541
38,4988
48,7228
27,1069
38,8181
27,2951
36,9720
34,7111
42,9854
38,0251
50,6475
31,6959
31,9740
30,8578
21,6133
44,2443
34,1056
25,3763
27,2707
30,9160
26,6010
40,1706
28,6986
50,6475
27,9689
41,8835
33,4719
22,7405
24,4341
23,7155
45,1799
50,6475
43,3531
36,3971
23,6468
34,0780
26,3517
35,7328
21,6077
41,7154
35,9078
22,5991
27,2373
26,9000
40,9196
42,2632
30,7825
33,2944
31,2746
31,3238
31,7251
33,5954
32,3673
34,5415
38,2997
43,8480
33,6352
32,1502
45,6635
37,0390
25,3704
34,5955
50,5293
41,3260
23,7531
43,9374
47,5753
32,2157
17,3915
28,7166
38,9974
23,2523
32,6511
34,0922
27,7857
36,1545
24,7562
44,5883
37,5416
42,6321
34,2660
45,5173
34,7311
29,7688
42,8035
37,4161
44,3083
50,6475
26,6095
28,3704
32,3658
33,2538
28,5489
35,2021
25,4837
35,2999
34,9747
32,0978
30,9008
39,8021
27,0024
46,0246
43,9256
23,3088
32,1454
50,6475
44,6932
40,5408
28,2916
21,6247
23,0378
34,9942
31,4859
25,5329
50,6475
24,8826
37,3022
27,8670
45,9472
36,6165
32,7292
36,1318
28,2773
50,6475
24,3072
26,4499
49,5310
34,1369
41,3063
21,6503
29,9504
50,6475
41,9963
34,5027
30,3240
25,5470
45,2671
39,0408
30,1404
48,6429
26,6388
26,1888
50,6475
30,1848
26,7192
50,6475
33,5764
28,4337
42,5550
32,0623
47,1484
28,5130
39,2909
34,5870
44,1058
39,4875
42,2426
23,2872
18,9889
31,1262
30,0749
28,4187
50,6475
27,9847
48,6677
35,9976
33,8445
40,3093
27,7661
24,4514
35,3011
50,6475
27,3387
31,6265
36,8509
35,0922
28,0820
24,0764
44,9103
32,9014
32,7797
41,8804
29,7204
33,9669
23,9130
32,3367
49,6370
50,0529
33,9280
50,6475
32,9178
50,6475
29,5664
35,2584
39,8205
43,4030
29,7488
36,5976
33,6283
21,3943
39,9663
32,7247
45,6056
38,4656
28,1193
29,1877
43,6010
48,0053
28,1921
44,9283
50,6475
30,4122
31,5207
32,9053
38,4813
22,5002
26,1710
32,1588
37,4863
23,0266
26,9972
50,6475
35,9897
40,7714
34,8025
33,9847
35,5451
32,1365
24,8124
34,6927
24,3959
50,6475
22,4133
44,9852
34,5511
50,6475
35,3173
26,1785
47,5611
33,7331
38,7644
24,1683
50,6475
29,1241
50,6475
44,9846
32,2286
41,0826
34,5889
35,9756
31,3139
39,0617
38,7314
31,0107
31,6231
42,8155
43,8520
33,7646
50,6475
30,3171
39,7815
44,3402
44,6020
50,6475
39,3929
28,8476
39,4264
37,2452
41,8153
29,6152
40,4289
50,6475
43,3226
26,7531
24,6182
29,3992
27,6169
39,0548
25,8494
18,1940
30,2407
42,1436
31,9643
33,2552
36,2816
39,4177
41,9321
43,7970
47,2902
32,5965
27,6024
39,7170
43,1469
38,7635
30,4499
23,4538
22,3352
29,8340
46,3381
34,4386
37,6017
37,5014
23,3389
37,1602
47,7297
33,6142
34,3419
32,1201
28,5725
32,9868
48,5433
32,0524
30,9952
26,0257
40,2021
50,6475
34,5252
24,3683
36,8132
34,7262
36,2150
28,4953
38,1724
33,8867
47,1344
50,6475
38,6503
38,1582
16,3857
24,3062
38,8257
33,4195
15,8856
20,2699
29,4184
39,7572
31,3993
36,2247
46,4229
36,0138
29,8699
31,4306
30,8155
35,1882
39,5074
25,8322
26,2469
31,6945
43,9745
35,0283
40,1542
33,8206
31,1980
27,7969
21,0938
29,4798
33,5708
32,8837
43,1312
40,7886
43,1508
30,8387
36,0169
50,6475
35,0336
37,2728
32,0051
26,3876
42,6316
42,2384
34,3285
27,4499
34,0693
43,8097
32,6145
29,0968
50,6475
28,6976
31,3436
50,6475
30,3585
30,5863
21,0570
30,0998
45,7770
50,6475
31,3558
50,6475
20,2579
32,0772
50,4251
32,5976
38,1511
50,6475
23,7085
35,3230
36,2524
44,2087
33,8703
45,5723
25,2018
49,9107
26,3623
28,5774
32,8422
37,8467
25,5309
29,6605
28,9574
40,1650
48,0068
31,4329
32,9003
30,1301
34,2189
45,6628
47,9393
50,6475
26,5584
29,0559
30,3144
31,9731
31,4109
34,4513
33,4843
31,9743
35,3682
32,2806
38,6309
37,1957
35,4231
24,4699
27,4327
26,6083
40,2872
34,1430
26,0128
37,2368
29,9279
36,9469
32,9570
35,6847
42,4064
33,3480
18,9066
30,6581
23,3754
25,6511
50,6475
39,1570
39,5534
29,7055
26,1091
29,4926
46,3875
23,9143
31,0484
47,6776
37,3479
50,6475
40,7421
36,6589
38,9659
31,7401
43,9166
50,6475
28,6539
28,2645
34,8380
50,6475
26,7206
35,8374
37,0936
25,0102
30,3824
37,3200
32,9507
37,2007
38,6479
24,3845
48,4429
50,6475
42,3083
35,9638
39,2738
38,1365
35,4818
48,0557
18,3855
34,5583
33,4595
50,6475
42,7025
33,3681
31,0413
37,0826
29,1041
33,5171
22,4599
40,6144
33,6878
48,8746
26,9294
41,3770
24,4312
38,2626
27,9777
50,6475
34,8064
28,2452
50,6475
42,4220
27,2416
34,2199
34,3968
19,1289
23,0193
28,9679
45,8204
39,0715
31,2700
31,3359
32,8712
32,0567
37,1785
26,3535
43,0037
34,8205
47,8016
25,1837
29,5693
28,1609
37,4094
33,2700
28,2883
31,7518
41,4424
32,5166
26,4719
39,1616
42,0556
37,9986
37,1524
41,9608
31,3151
45,5342
28,7762
38,3642
35,4202
32,5000
24,7200
33,8073
40,4124
47,0877
37,2699
46,9462
31,4012
33,8068
16,3115
36,1762
34,0441
50,6475
25,5240
24,4595
50,6475
50,6475
34,0222
38,5963
42,1896
46,1632
29,2235
33,5816
25,3485
50,6475
34,3178
36,4147
17,0553
29,6032
24,5820
20,0551
42,8701
40,7044
24,1085
50,3966
27,4540
39,7598
26,6173
49,9210
24,4637
25,5219
28,8581
35,6320
26,0341
27,5586
35,9355
25,7543
41,4778
23,9448
22,3256
39,3532
44,2276
27,1557
31,8126
30,2676
17,2217
15,4785
27,3225
26,7146
49,4569
27,9763
28,3442
28,0882
40,5808
33,8597
50,6475
35,6734
39,0244
45,9074
38,8062
20,7968
33,3905
33,8554
25,9688
37,8067
41,4258
39,0506
38,2934
31,6099
50,6475
48,8002
36,0119
34,4273
40,2301
26,3853
35,7550
40,7826
24,4814
44,9242
39,3421
29,6464
33,9207
43,9919
28,1367
35,0045
25,2898
43,4352
35,3552
32,7284
28,1858
50,6475
50,6475
32,2487
31,9758
37,2333
36,5011
25,2824
27,8451
33,4460
34,8877
39,6510
32,4434
24,6786
33,3169
23,9187
29,4370
42,3974
33,5771
36,6509
25,0146
31,3140
39,5163
26,0888
36,8257
31,0054
31,8406
33,4683
50,6475
28,4322
30,4133
21,2179
50,6475
33,1667
29,4046
28,2227
41,3779
27,2618
29,7861
31,0125
40,0117
40,1778
32,6786
35,9629
32,9915
36,0975
23,3657
35,8901
21,5261
42,0950
50,6475
47,3244
24,8779
30,5472
30,8902
33,6814
36,4644
30,9612
42,5814
39,3016
37,6001
26,0933
50,6475
30,2087
29,1931
25,9296
42,4808
31,5334
38,6099
31,1480
20,7924
41,9765
37,9946
19,4621
34,9694
50,6475
33,7484
35,8509
34,5882
31,0113
23,7410
43,6564
36,8429
31,9306
45,7951
28,5466
50,6475
30,6524
36,3529
26,7559
31,9622
35,5346
38,2611
50,6475
36,4269
35,0462
35,7630
50,6475
38,0587
37,1899
31,9040
36,0721
50,6475
36,1375
47,6964
17,1388
28,1380
26,3009
20,0893
32,8728
50,6475
50,6475
37,1542
31,6771
50,6475
34,4011
28,7876
22,2994
32,7183
40,2318
37,9291
21,9492
38,3709
40,1303
37,6419
31,4737
37,9293
43,1234
35,8775
36,7166
37,1069
27,5026
35,0175
47,6596
23,1568
28,8561
18,6407
44,9118
26,3727
48,4650
24,3285
25,7644
41,0662
36,0242
42,6186
30,4250
33,1789
48,2278
28,6327
30,3391
36,6836
26,5969
40,3130
26,3466
21,2265
35,0963
50,6475
27,8097
31,6936
27,0803
29,6884
29,3435
30,2756
35,2206
33,9354
35,9490
50,6475
42,5760
35,4777
50,6475
34,4739
23,9547
38,5318
35,7343
28,4602
26,3464
50,0804
34,8423
37,2673
29,2882
31,1641
34,7247
28,2880
36,1181
19,9125
47,8904
48,8169
28,0637
42,8077
27,4601
37,7975
35,8731
31,4163
28,2326
25,7159
27,7207
29,6696
35,1077
20,9826
45,7277
21,7191
31,7430
30,1780
27,7284
40,1915
45,1568
36,0195
30,4349
50,6475
25,5143
35,0893
50,6475
31,4038
39,8950
26,8714
30,5662
38,7876
47,1441
41,8316
30,0763
37,1497
27,4914
48,8304
38,8511
23,3941
36,0170
19,5500
22,8066
49,2138
29,3206
40,2574
29,3806
26,3233
29,8937
23,4960
22,2118
27,8088
29,6171
25,2280
32,6307
23,7658
36,9747
17,5572
50,6475
37,9830
25,2056
49,1388
39,9393
50,6475
39,1171
42,5983
22,6898
29,1173
39,5264
26,9144
24,9997
41,1057
43,3567
50,4789
23,1000
38,2510
28,5316
45,9934
28,8393
28,7688
19,1613
30,2267
27,8022
46,5351
29,6370
26,6165
50,6475
33,6891
27,1649
27,9071
43,4368
24,7615
41,0921
37,3642
40,6384
43,0641
20,9259
29,8018
29,1196
30,2473
44,2073
38,9617
24,4778
50,5255
23,5454
17,4206
32,4757
35,7007
39,7890
35,4639
20,7253
31,6169
40,3534
31,0998
21,7664
34,9038
35,9042
38,9806
33,4534
25,9496
31,6312
33,7661
50,6475
44,4074
32,8257
50,6475
50,6475
47,7487
44,1308
27,1983
30,9839
30,7760
24,9581
34,4996
34,1257
28,5633
35,7354
23,7077
35,8293
34,2223
48,1363
23,8712
42,3145
29,2435
37,3872
37,7161
50,6475
29,6135
32,3139
50,6475
41,3293
32,4520
25,7539
29,3094
37,4292
50,6475
34,3822
33,6552
29,2360
30,9244
40,0746
33,8727
32,7653
27,4752
40,5055
39,4092
29,2510
50,6475
29,7009
28,2262
28,6461
49,4151
41,5365
20,8528
25,3682
23,8652
40,8512
23,2396
40,5979
34,6159
44,3438
28,7166
28,4506
48,2104
50,6475
37,4424
34,5488
25,3037
31,4762
30,9279
32,6523
26,4677
33,7935
37,7675
41,3924
27,1020
50,6475
28,1295
27,1331
29,3152
22,5421
29,5688
25,9867
29,8514
47,2693
25,8067
37,7951
50,1023
50,6475
35,5823
30,0726
29,0954
28,8171
33,7219
33,2350
23,7295
25,3664
32,9277
29,4253
32,7875
50,6475
48,8099
32,5531
29,2171
45,4448
39,8975
32,2982
43,7377
43,2138
47,4946
30,9869
47,9733
24,7422
25,8718
34,7226
43,3421
44,8312
32,2857
33,1311
32,8349
19,4253
30,1839
28,4848
23,1987
48,2332
31,5953
41,7331
41,3304
27,9934
31,0471
29,9889
50,6475
33,4917
41,5100
26,4188
33,6072
34,4469
31,5531
32,1550
26,3522
28,2610
28,2925
32,8084
27,9224
28,2992
39,6816
23,3115
30,7851
45,7202
32,3120
44,2583
38,1970
50,6475
25,0582
28,1627
44,1332
46,2424
40,8767
32,9970
38,4196
35,7901
39,3951
23,8773
25,2569
42,3209
37,4031
28,9546
33,5210
50,6475
28,3819
35,9671
29,2598
39,3135
34,1245
33,1185
32,6457
46,9677
29,1532
34,0109
31,5937
33,3084
26,7735
20,6252
24,0110
22,5888
20,5919
23,7483
50,6475
41,9345
21,6989
28,7469
38,0762
18,2945
50,6475
35,9200
36,8022
34,4949
50,6475
25,8157
33,3447
50,6475
27,8388
41,7888
30,1077
24,9834
44,2908
38,5476
49,0253
24,0566
46,4659
29,8870
48,1631
32,6877
31,3740
30,0389
50,6475
31,8192
23,3577
39,3131
24,9004
47,4491
26,4848
43,1339
33,3525
29,5450
28,2382
41,8899
29,8686
35,3072
39,9530
33,1292
30,9419
33,3662
39,2320
28,1800
24,2140
39,1127
32,6542
23,7808
31,8522
29,6981
45,6140
43,9452
27,4340
31,7982
27,4819
24,5385
19,7643
30,2634
39,6501
39,2689
39,8543
50,6475
29,6347
32,9744
35,9702
45,0089
18,5100
40,6506
42,6776
25,3065
50,6475
43,2519
35,1442
31,1752
23,3608
25,6875
46,3432
33,5104
28,6054
35,6680
37,7321
13,3839
32,9968
35,7528
36,8703
25,5179
36,3662
32,6028
37,4868
50,6475
32,4127
37,7242
38,4101
36,6828
30,1926
41,6286
50,6475
36,9688
27,5550
30,4664
27,7646
39,9911
42,8085
24,8384
50,6475
28,4060
41,5179
30,8188
48,4204
50,6475
47,9478
41,2538
41,2052
48,3629
39,8230
33,4553
50,6475
48,8878
27,9469
28,2334
28,3359
30,7242
40,8684
33,2494
28,2653
21,0305
50,6475
43,6307
19,9686
50,6475
31,8727
33,8818
50,6475
38,3349
25,7981
35,8003
34,2401
43,5172
29,4248
24,8175
50,5297
24,2282
34,7403
36,6130
48,4029
47,8596
50,6475
22,5766
43,0366
30,0454
22,7461
37,1028
39,1606
37,5375
41,6093
20,6624
29,7328
33,0720
33,9346
42,4478
37,6516
34,8013
25,5748
34,9176
39,3616
31,1349
33,1452
36,8456
38,1424
47,7431
32,9231
17,3367
29,7249
47,6216
26,2587
32,3592
22,2864
23,9738
45,6920
40,6683
21,8792
50,6475
50,6475
43,8800
50,6475
33,6879
50,6475
34,4379
38,3327
45,2215
32,1184
33,7389
37,7348
33,2515
30,7647
33,9795
35,3221
26,0109
22,7594
37,9266
22,5068
32,5396
32,3607
28,8913
27,9053
38,1457
50,6475
28,9547
38,0822
50,6475
32,7620
30,1073
38,7546
31,2867
34,3059
45,1339
27,0420
34,9475
17,6431
26,0359
20,8298
29,5298
27,1202
39,2628
30,8162
23,0032
46,3584
39,8810
32,1675
49,2333
32,8765
38,4387
31,3513
28,3967
30,5281
25,2653
50,6475
30,7724
36,6162
30,3637
32,9351
25,4360
50,6475
25,0834
27,8002
40,1926
38,1561
40,5247
32,8621
33,0946
33,5994
33,2856
47,6941
40,3594
39,2264
33,6060
31,6646
28,2727
39,1401
32,9435
22,5955
39,7899
29,4849
34,1785
40,7728
33,6454
49,7482
37,2351
26,5410
30,3666
35,2693
32,6246
45,1081
18,2063
38,9035
24,5886
49,1638
27,2434
29,0454
38,5404
33,9229
50,6475
21,8653
47,8874
24,1370
35,7786
32,3517
50,6475
43,2388
32,0133
50,6475
46,4737
50,6475
47,0066
21,7194
30,3155
39,3008
27,0660
29,2785
35,9149
40,6933
33,6013
50,0099
43,0146
27,2824
38,6827
41,9100
33,3693
35,9373
27,8790
41,2667
44,1575
29,7348
35,9384
29,3062
30,8759
26,7301
29,8907
38,8932
43,4400
34,6897
34,1738
32,0375
45,2450
39,0198
25,5605
43,6652
34,9245
30,2419
49,1657
35,0677
39,4378
27,5375
28,3268
20,9782
21,3815
12,7405
40,5566
35,2764
49,1816
40,8455
38,5259
30,3883
34,5541
44,3926
50,6475
33,5736
23,6080
50,6475
29,2754
50,6475
30,1661
42,8002
37,0496
39,2823
40,8362
50,6475
25,5721
36,6172
34,6036
34,1496
20,6307
46,8271
36,2282
27,6065
37,2868
49,2619
50,6475
33,5269
30,7188
28,6776
36,9052
41,1998
30,7536
39,8152
34,5487
32,1506
47,9333
32,3029
30,6055
46,6711
26,7676
25,0683
32,1403
44,7831
19,4795
23,2734
37,2475
42,0041
32,5529
29,0350
35,4159
50,6475
17,2534
46,4396
31,1431
32,4908
24,9222
31,2205
27,9769
30,7220
28,8025
23,5001
28,8532
40,5920
32,8260
32,8134
35,8409
46,4764
31,9966
35,6459
27,6161
26,9180
24,8539
37,2815
41,4901
28,2270
47,7885
38,7926
32,8631
36,9547
49,4753
28,4425
32,7584
32,7559
36,2839
49,2224
33,6577
42,6975
35,9878
29,3314
36,3661
42,4762
37,7118
38,1539
30,2970
26,8407
33,8236
32,4712
47,8706
38,2889
20,9502
48,7452
33,6317
28,8373
19,6256
50,6475
48,8222
28,5485
25,9872
27,0525
27,5709
29,3923
25,4737
36,7745
50,6475
30,5721
32,2687
29,3968
42,0134
38,8911
35,4051
24,6708
37,6734
26,6898
19,9832
44,6843
26,6397
26,0613
25,3461
40,8496
40,4239
40,0742
50,6475
50,6475
30,0991
30,1914
41,3880
27,3384
35,5515
32,9569
28,8405
19,7325
19,4018
28,9992
27,1014
47,9465
30,2149
24,9762
30,6138
38,7611
46,0667
35,9688
21,8657
30,5229
50,6475
48,5718
31,6967
40,1427
34,2416
33,2709
44,0364
25,7760
35,5373
32,1589
23,8944
49,1876
41,9117
29,5937
24,3432
31,2562
33,6617
39,0315
32,8742
48,9312
44,4425
30,3150
37,8063
30,2079
32,3429
31,0130
29,9381
47,9208
42,8119
22,0492
23,5196
34,6473
41,6687
50,6475
31,5119
29,3968
30,8731
32,2011
21,5970
21,3638
35,8516
43,8549
45,2915
44,4047
43,9522
43,1371
34,2640
33,8603
50,6475
47,7900
38,1777
29,2348
30,8692
32,7026
34,0600
44,0103
28,2187
31,4548
50,6475
28,4249
50,6475
38,7314
38,2262
46,2704
34,6155
27,3165
35,1668
39,6030
34,1053
30,3827
22,8510
30,5897
50,6475
35,5772
29,6210
50,1467
47,3582
27,8825
28,5478
33,0734
26,1383
41,6439
47,0826
44,7311
40,7929
35,2497
28,4815
38,8513
31,0572
36,2800
35,1138
26,3683
30,5232
36,8458
32,4607
31,9289
29,9387
50,6475
44,3997
50,6475
25,7980
44,0325
