26,4974
6,6968
21,8791
14,0768
22,9759
17,0929
29,0797
27,0768
12,5857
40,4209
21,4802
18,2677
8,8134
36,3727
29,5217
6,2975
15,9100
19,5623
10,6982
8,0899
16,5826
11,8780
8,3390
6,6199
24,6167
17,8435
42,7313
6,5435
-0,4419
7,5182
27,2808
25,3757
16,4879
16,0550
17,8626
4,6558
11,6177
20,6904
25,7126
23,3148
33,5486
5,2868
7,6084
21,9566
36,1180
11,5376
-1,0811
34,3375
3,7522
24,1380
15,9073
8,5576
21,8793
34,4146
8,0649
22,6033
23,8688
15,8016
4,8467
17,7118
18,8126
13,3122
21,3941
13,9987
11,6762
33,1172
17,8552
14,3173
-3,9121
12,5704
13,6987
16,7642
-12,8433
11,2254
-4,4223
14,5506
26,1371
22,3737
21,8229
25,3666
11,3659
25,6667
21,6500
20,8658
23,7629
25,3741
21,0924
14,5939
10,0315
-20,7377
16,4536
28,5690
12,7786
19,4158
24,3894
60,2697
12,9494
24,0413
10,4236
13,8314
25,5062
8,5826
18,7035
33,7868
12,2883
18,6446
10,8789
13,3299
13,4134
32,1839
8,8799
-0,6701
12,8290
17,5649
36,6905
8,4107
39,8466
10,3816
17,7484
10,8667
20,1492
5,9870
17,0042
36,4541
21,6605
19,6412
8,5360
49,8482
28,7138
10,9040
22,1465
29,6588
7,7295
10,7904
1,2730
7,5472
15,7811
3,7885
38,3714
24,7656
31,7627
17,1097
15,9256
8,9819
11,4239
19,5432
27,9014
1,4814
23,7347
12,3432
8,3719
24,3629
11,5340
18,3696
18,5324
15,9645
15,1999
1,9994
28,5227
10,8890
26,5966
6,6957
10,3632
18,9081
18,5392
16,1992
-3,3010
12,4074
4,4515
12,2709
-5,3887
20,6097
29,4413
1,5470
-17,0956
31,3613
16,1526
25,6899
17,8833
21,5066
5,3958
18,7009
27,1742
10,0945
63,6542
25,9651
19,6307
22,2540
27,0585
11,9945
12,1264
22,1981
13,8351
42,0687
9,3651
13,3248
2,9410
11,3956
20,9769
24,9655
32,7382
20,1105
16,2869
5,5098
7,0051
11,9651
22,3100
8,4836
17,2639
0,8698
22,0049
31,9678
22,5168
35,9146
3,9911
14,4835
16,2168
16,9457
33,1065
28,9569
47,5827
16,6710
14,9890
33,9673
32,8380
19,2105
18,2838
11,8852
28,9966
42,5222
26,8037
14,8322
16,7110
7,8397
19,1774
16,4871
-1,8397
65,0326
25,7470
10,0928
15,9419
11,3965
23,4921
15,5190
12,0752
27,2021
21,5222
14,1010
21,2385
19,2299
21,0314
29,2435
19,0304
21,9408
18,1807
6,4320
13,1176
15,5638
17,2554
9,2816
12,3720
24,7849
17,9016
12,4876
18,5338
14,6767
3,5502
23,7132
15,8977
0,2598
2,1244
16,6758
10,2627
32,9548
19,9112
39,4895
36,1510
9,5304
9,4705
15,0779
26,9633
7,2128
12,7397
0,4620
-0,7444
27,5406
14,8869
12,9354
18,9443
6,0801
12,2292
21,5538
15,9926
19,9070
28,5822
22,7423
25,6432
15,0717
1,5795
48,6787
11,8770
17,5730
14,2469
12,4500
29,9583
35,6878
14,7467
23,0569
11,4605
31,1089
12,0584
-0,4757
14,2281
5,8375
16,4899
18,6092
25,0495
7,8245
28,5518
26,2140
17,6287
4,1869
14,4230
23,1796
0,3096
20,5011
17,6225
35,2357
12,0899
5,4330
21,2752
27,0461
2,7775
17,5469
20,1901
6,5887
62,4824
-1,1167
17,7388
25,5722
0,1123
5,7252
33,5047
31,6415
17,0133
24,1758
2,8713
30,0981
7,6003
23,8643
10,1877
4,7392
26,8310
23,6125
31,3154
20,2307
29,2719
20,3235
41,2252
3,9343
20,4803
8,5955
9,6976
13,4730
37,0684
14,8473
14,2065
-2,3351
7,6745
20,5800
17,4348
-2,0967
12,3828
25,7150
-4,1119
28,4636
9,5015
6,1919
12,9039
29,6521
51,5810
15,0768
15,3527
12,8751
21,9745
23,4999
22,6036
22,6405
13,2414
68,9190
22,2888
20,4690
12,2145
17,1203
24,7376
17,1036
31,3699
24,8002
38,6723
5,8217
0,2204
-0,3457
4,4288
0,6579
24,4368
27,6938
14,7986
2,8994
18,9916
32,1633
6,0126
7,0000
26,7713
24,6023
35,6927
5,9001
1,2447
23,4919
24,2928
6,9857
10,9403
42,4938
19,9073
-0,4823
19,0983
8,7958
34,3517
23,5641
14,1759
15,4086
55,9004
15,5401
29,5948
23,3743
28,5873
31,2880
6,0483
21,0851
13,3433
62,2311
14,6823
24,6242
18,5912
15,2503
-1,2767
27,0846
18,1565
7,4944
-7,7005
28,6622
20,4161
28,1736
18,5582
12,6339
18,5737
19,5342
11,6473
2,7568
33,2318
32,7097
18,7341
15,9553
15,9325
45,2662
20,8931
18,9699
11,6168
14,5200
8,8393
27,2756
15,2336
16,0768
13,6888
50,0453
20,9436
25,7019
22,2764
25,7257
26,6095
5,0249
14,2431
20,4183
17,9768
8,9159
16,6039
45,3632
20,9878
8,1257
7,5753
9,2149
9,1605
10,7584
26,5608
34,2397
12,3695
18,5312
4,5488
2,9451
18,7478
30,6210
7,5578
14,1668
47,2389
4,5296
36,2390
18,6225
48,1516
0,6043
29,0485
15,5417
-1,1793
21,0543
13,8844
8,2931
22,9703
28,3432
32,8988
14,5013
12,7703
24,3765
23,6262
14,1513
38,4215
22,9676
30,1259
18,6182
21,4164
7,1860
29,9886
13,9255
-2,0537
34,1989
18,8454
8,5052
17,5505
-1,8896
18,4036
3,7264
24,8128
30,9056
14,0022
9,2374
19,5794
13,6077
15,1831
17,7389
23,1092
21,7068
10,1495
22,2178
7,2883
8,5509
30,9141
24,2411
23,1000
30,2456
13,7657
7,9824
45,2431
33,0249
7,4548
19,0846
19,1692
15,9358
8,3250
15,2529
20,6601
49,7030
28,3101
10,7460
30,3054
20,8804
13,1555
25,2457
9,4795
35,0451
17,2973
23,0852
37,1297
18,3759
26,7417
25,4985
1,8487
9,4439
19,0715
19,1747
23,9788
38,3356
11,8170
13,5518
7,3636
21,6499
31,7151
20,9924
33,3964
26,3155
11,8210
3,3916
9,5051
6,4752
-0,8682
34,1922
9,2411
11,3980
20,4059
25,2746
12,3102
6,0545
19,0319
15,1605
20,2588
23,1498
12,2805
16,0363
13,4505
35,5670
8,3692
28,8174
21,7705
34,2732
15,4936
26,1449
60,5505
12,2153
40,1366
18,3590
40,6989
25,1965
22,2518
24,9303
11,1796
14,0230
35,7424
-3,7424
20,7358
25,8156
15,3953
14,2563
58,6688
5,1908
16,4594
12,8830
28,4629
4,1881
7,8116
15,8217
13,5821
12,6931
12,9018
21,7606
33,9867
28,2301
6,3744
20,0238
19,1447
21,7761
15,1334
18,5825
31,5607
4,4729
9,4821
24,5494
7,6233
28,0231
34,3612
41,6330
25,5404
23,4962
12,1681
38,4423
9,0177
10,6669
8,5841
12,0837
12,9920
20,6893
17,8522
0,9367
7,2022
18,5605
14,9426
6,2220
24,4924
10,9367
42,3247
11,2714
11,9447
-4,4806
18,1571
23,5824
10,4778
17,6251
15,2718
19,0849
20,1771
4,4545
16,4015
17,0736
18,1457
26,1198
9,4956
15,1393
-1,0599
26,5056
12,3606
12,3837
15,0597
6,0380
53,2755
17,3246
19,7222
10,8964
20,3612
3,3947
16,0127
7,5270
5,5206
11,5487
2,4515
26,9477
12,0824
20,8478
23,0745
21,5878
10,6511
60,9454
8,0940
23,5635
14,5119
44,0131
25,1213
28,7077
7,1361
16,2149
10,9384
18,3748
23,1811
49,0933
11,9542
13,0773
10,5186
7,1994
16,8902
7,9152
42,7442
9,3129
6,7386
34,0122
15,0087
11,3912
20,1954
20,1644
27,1075
6,8085
10,5311
24,0367
12,7220
1,1057
30,2517
25,6875
30,4097
41,0942
36,0983
50,0431
8,9419
32,6542
23,1568
0,7102
12,6136
17,5177
9,8587
31,9264
23,5646
20,1321
17,0490
0,6345
19,7398
17,2200
7,0377
39,8327
21,0452
12,9119
31,8374
29,1009
13,5263
10,3464
13,9522
45,8943
31,7525
34,8179
15,4987
6,8872
2,6940
15,6305
9,0427
29,0521
7,0543
12,0381
12,7535
23,8110
34,6211
32,1162
3,0529
-4,8288
25,3457
21,0178
5,2299
7,2792
9,3709
21,0693
11,1054
38,5291
14,5141
21,4739
31,3386
15,0466
23,7558
22,2449
22,5208
25,7339
36,2454
24,4143
17,6883
16,8233
31,1185
25,0930
19,9796
48,0883
14,6555
15,5924
24,4756
12,7577
8,4222
17,1299
25,6470
2,5158
32,0547
6,4034
41,5762
9,1147
7,0362
12,8123
18,7877
19,8562
27,3848
19,0302
10,6413
47,8130
43,5031
7,8116
15,0597
10,7731
11,8468
19,6976
3,2477
22,9326
12,1575
19,0071
17,7850
16,5590
29,7277
33,9605
15,0389
11,5188
9,3350
8,0726
23,5604
21,4522
24,5507
20,6214
7,1380
26,1910
1,9141
34,5718
37,4070
12,5511
13,3707
57,2889
23,6083
-1,5367
11,7883
3,2987
9,4798
12,9027
29,1768
-2,3503
0,7564
7,0512
15,9956
24,9826
10,0674
20,2611
23,3403
20,9033
29,1790
16,8665
29,3505
40,9924
19,0401
12,4848
17,0682
6,9665
32,2249
6,3603
2,1508
28,5253
19,3908
20,9115
49,5415
40,2269
18,6145
16,9339
52,2680
27,1589
15,8851
16,1386
12,0604
12,1191
15,9208
19,2301
16,4938
36,1481
18,4806
33,7004
20,6633
16,9641
17,1966
27,1055
29,4949
-0,5277
12,7285
22,9532
21,0303
26,7268
13,2923
20,5922
13,6668
-1,2279
19,2436
36,0861
21,6076
3,6213
15,2276
11,2471
10,2533
8,7055
12,3388
16,0867
23,2555
19,8568
22,1189
10,4934
12,6530
18,7224
5,6639
18,3101
12,4794
29,6637
21,9949
11,3928
23,3926
19,9773
10,7572
19,8871
25,8138
26,6093
10,6270
28,9221
8,0422
26,0593
29,1038
17,6040
17,2009
32,7124
-4,6980
0,3458
-5,0671
33,5366
11,5737
13,3046
22,8222
31,2537
42,2872
33,6497
19,4714
17,3620
17,8029
5,1955
25,4731
14,6367
19,0832
27,4626
12,1338
29,0299
16,4893
32,1014
8,3031
22,5823
8,3834
3,5049
-0,3167
4,8518
6,4689
13,9535
8,2173
25,4670
25,8794
13,0842
35,9965
13,1248
13,6821
36,5702
12,6674
17,1873
28,3531
21,6923
24,3494
9,4802
1,0846
3,8090
19,9607
20,2184
23,0955
-0,3511
13,4041
22,9073
5,1041
16,2610
19,1238
15,4365
29,0848
22,6541
7,3843
16,3114
16,9595
6,0548
2,3479
13,8485
10,9688
3,2548
14,0888
16,5525
6,4237
6,0489
10,7578
21,8394
17,7723
-1,1150
16,9152
24,0762
31,0635
10,4097
22,6731
6,8319
24,2651
33,1633
8,4293
14,4779
17,8790
19,2641
17,7699
18,6122
5,8786
15,0587
10,5365
7,6146
18,8230
32,9043
40,5182
16,8557
16,3899
26,1950
11,1858
17,5376
3,7431
13,3760
26,3550
14,3341
8,5341
22,4741
20,3364
36,9127
14,6967
21,9886
4,6439
12,2523
14,9328
10,0871
19,8599
26,2189
15,4999
14,5135
48,1306
23,8735
16,3241
2,6160
26,1292
22,1722
12,1470
34,5017
7,9923
17,3713
25,7970
35,6702
21,9841
13,4034
25,0300
28,2441
19,6259
11,4386
9,4907
16,8618
19,8456
21,8832
26,4203
13,2472
3,2993
19,3591
13,8341
23,9963
12,2937
7,3537
22,8005
21,4489
-2,2449
20,3700
20,4894
23,3456
15,4084
19,2426
26,0558
18,6069
26,1382
11,3634
11,0116
6,7956
8,7720
13,0692
24,7450
27,9683
26,6871
30,4366
11,8165
32,5946
24,2137
8,2142
15,1301
32,7619
2,5770
19,6322
24,9782
17,9141
8,4007
16,7928
23,6355
16,7211
16,4536
23,8795
41,6177
3,5459
15,1910
14,0844
21,4095
9,8423
32,5634
-4,3630
0,2697
5,8764
3,5836
53,6724
14,2851
27,5225
5,5641
18,8228
29,0170
2,5021
29,5574
6,1948
25,3967
17,7161
-2,5546
10,6535
5,5001
6,9212
27,5846
15,0146
20,3439
21,9531
18,4051
18,4944
14,9055
19,9496
32,8097
14,1317
20,3394
42,1419
33,1412
4,7580
11,4526
10,2057
25,0553
14,4101
20,8141
8,4481
32,8358
29,3758
42,5849
15,3398
12,6403
11,6027
23,9939
15,1254
20,1227
30,2373
15,7991
21,3467
29,0940
14,3712
7,9130
35,3557
6,2776
17,9913
5,8220
14,7226
8,0579
26,5862
29,3886
20,0569
13,0832
3,6822
17,3084
9,1679
23,5662
21,8560
8,4226
18,5968
23,3528
42,2227
31,6623
4,8494
17,1395
2,7375
6,5036
8,1959
10,4427
7,1368
12,5165
17,8278
36,3286
14,6446
-0,9966
11,3852
3,4916
24,3410
12,1882
25,6284
34,4165
23,3638
34,0329
14,2128
29,0399
0,7540
27,7875
16,0140
19,2505
13,6480
16,5648
26,2821
14,1049
20,3145
17,0187
10,7415
30,1530
6,3797
16,9916
39,2510
4,9451
13,3369
7,0365
20,4616
18,6277
35,9418
6,7995
2,6880
19,1192
25,6013
15,2968
8,9593
15,3477
27,8134
19,9321
24,7993
21,9184
13,4590
26,2826
18,6378
9,7534
21,3355
15,2277
35,4881
25,4743
11,5410
32,6372
14,0968
21,4205
10,3732
20,1389
19,9586
17,7282
20,5685
16,2161
6,9675
23,7684
28,9268
23,4030
24,5324
16,4726
9,1934
6,4032
17,5199
24,0574
16,5250
-2,4319
3,1257
20,3936
24,4489
0,8283
11,7815
18,6370
15,5144
17,4683
47,3988
25,1975
17,7051
9,2633
16,9088
8,1437
15,9412
13,7298
10,9395
22,9931
19,8609
12,5669
22,3132
38,4007
15,6728
33,1387
14,5332
19,8436
17,3214
16,0536
17,5019
28,9541
24,6969
15,7561
19,1675
26,8564
27,6547
-1,0729
7,6304
33,5705
18,6189
15,2213
19,1697
9,3954
32,5661
19,2665
14,8857
29,9289
35,4584
6,4514
36,7186
3,3170
33,7346
-1,9114
13,8423
17,9088
3,2175
20,3104
9,4343
39,4065
18,0369
28,8511
15,4042
13,5436
8,5450
14,6690
25,3987
5,1562
24,6891
8,2756
14,4606
14,3754
25,4188
18,8852
18,5818
16,5601
25,0719
30,9660
21,8876
5,9321
7,5096
2,1623
13,8706
11,2684
9,8809
25,2952
19,0488
0,3247
13,6163
14,4314
36,2679
16,2655
37,7569
35,6618
13,2920
23,7563
5,2391
5,8421
7,1998
12,5443
13,9778
18,4101
7,0792
18,5747
32,4910
25,7498
21,9567
21,9165
26,4948
10,9063
30,6085
10,1384
23,4808
11,9521
25,2149
11,8702
15,5365
21,0347
33,3734
10,3942
10,6141
27,3515
8,8219
22,0126
23,9780
14,5020
19,2156
14,4855
32,6798
38,8677
19,2383
28,1237
14,4434
30,9250
20,0397
14,6926
14,1382
20,8151
32,5753
16,4938
13,7501
27,3893
23,6632
19,8253
16,5854
13,7672
22,1569
37,1759
16,5288
5,2646
7,7517
8,4011
10,3736
35,9203
14,5828
14,8229
7,7636
19,8259
11,4860
40,0260
13,8012
31,1267
11,9968
13,8224
17,4734
12,0154
23,4668
16,8866
15,1357
27,0058
10,9868
34,3033
33,7429
25,4762
11,2527
18,2110
15,6584
17,5255
14,4120
24,6295
26,7152
27,5285
28,6954
18,2975
14,6355
25,7831
13,5247
26,5098
19,8848
21,2462
26,0213
1,5032
29,0860
8,0223
13,3978
33,3021
8,8767
18,8389
8,7178
22,7420
13,8797
-0,3419
17,3443
29,0233
17,8930
8,9769
30,0958
34,1307
16,9378
25,4592
13,9675
45,5327
16,7248
6,5851
38,2931
39,2341
7,7669
28,8119
12,1964
8,3860
11,2049
21,4609
24,4475
13,3158
14,7468
4,1884
19,1201
14,7021
23,1382
37,8182
25,8112
17,8002
16,5694
35,7068
3,8122
20,9373
17,3026
18,2903
29,8861
26,3194
21,3931
13,6442
3,7648
4,2108
13,7698
12,2099
23,8620
16,6315
13,3235
16,1831
14,3603
14,9414
26,9142
-2,0683
15,7809
8,6414
0,1653
2,0068
15,9051
23,7622
18,6502
27,8606
26,0015
28,5283
13,6816
18,9410
23,4435
11,2658
25,0564
11,0506
12,6313
21,9564
23,9145
6,1962
41,5114
23,4644
24,3013
36,0841
-0,1593
29,7618
11,3227
15,4876
6,5549
12,6455
11,2462
14,3830
-2,1472
27,7428
9,9699
18,6207
34,1272
26,7391
0,7589
18,5029
17,3217
27,0465
14,8498
16,3903
6,5468
16,5132
31,0440
10,4472
19,0941
20,1544
20,5924
30,0406
12,5195
0,7081
18,3019
12,4291
17,9565
33,2738
-3,2311
29,6319
15,0577
37,4264
8,0046
16,9413
13,3030
17,6640
13,3611
16,2386
31,4500
27,3609
8,1281
21,4060
15,3360
7,5961
5,2389
23,8091
16,4864
35,9513
14,2784
27,2754
3,9510
15,2561
30,2368
-4,4638
0,5988
14,2107
14,1163
16,6348
25,9013
1,2319
24,0749
13,6485
-1,5699
15,6958
30,3196
3,2032
37,6750
14,4072
13,1982
14,1293
13,8999
15,7566
27,6423
17,4701
9,6153
29,0298
36,8352
20,7019
22,7262
14,2191
13,1819
11,2521
11,2571
18,3909
4,7455
5,8133
11,9778
49,8109
9,4412
18,9142
18,1157
15,5539
20,2960
22,7798
31,6893
4,5353
19,7285
3,6286
18,1341
8,9148
12,5135
6,3056
-2,0516
21,8055
18,1794
16,9749
47,1135
7,5419
10,9407
12,4692
21,2175
14,8824
18,6665
4,8012
14,8820
24,1151
3,0517
14,8375
22,0532
27,5594
27,8906
30,7660
32,1786
20,9315
15,8565
3,3666
16,7916
4,0929
6,5104
29,9085
22,6843
8,0779
12,0775
18,1358
35,4606
18,5007
4,2881
31,9503
15,1614
5,2196
11,7108
17,8754
-0,8061
13,4259
28,1266
28,8158
38,6260
25,8921
24,1165
24,6405
25,6336
7,4583
10,8103
13,9900
18,8901
16,1170
12,0356
14,5961
37,1324
42,4003
13,3452
32,2871
12,9033
26,8266
13,4275
11,0826
9,6646
18,9655
-11,9005
3,3225
13,1796
-3,1735
9,3475
4,5088
25,2260
15,9351
27,0735
21,6776
14,9291
27,5053
34,6404
24,8307
4,0575
34,4376
11,8031
32,1552
28,8249
28,3150
19,8462
21,2436
6,7665
4,3385
4,4748
18,1651
28,9024
17,7761
21,3181
20,9554
18,6018
4,7913
29,6634
14,8446
43,2951
32,0062
7,7401
21,7823
17,5926
21,6378
23,3961
11,6614
12,5009
21,6463
25,4429
21,5990
15,1713
24,5351
30,6453
28,9987
7,6491
9,6175
6,9562
25,6462
27,1283
21,5659
32,6794
29,5221
19,2225
18,5895
24,8019
26,3691
0,1850
14,6046
27,6869
9,2051
27,0051
16,9778
22,1266
27,9735
11,7640
4,5449
25,6475
2,5160
18,8872
19,4957
22,0722
28,3389
12,9579
24,1638
57,5897
23,8496
4,5395
18,5296
33,6858
25,6840
10,9921
23,1126
8,8181
41,9729
33,6758
25,4115
18,4482
19,8233
23,7362
33,9993
16,0122
13,0812
13,6040
20,5819
13,4944
4,8143
9,8363
11,2258
11,4770
19,4849
17,5020
33,7118
17,5310
12,1507
18,7530
16,4896
14,8305
18,9887
10,5443
32,5807
26,0490
21,8774
9,6751
18,2946
17,2703
26,2386
22,6215
18,1001
22,0101
51,5830
22,3905
10,2706
9,4332
29,9610
20,9285
15,3485
14,0153
21,3198
2,5712
1,9296
13,1892
27,0695
29,2777
6,9590
3,5513
20,4547
17,3069
11,4875
9,3464
14,7449
28,1190
13,7506
9,6301
2,9521
15,1876
13,3333
13,5020
30,9173
17,7249
7,6247
11,8804
19,7976
44,8851
6,0033
21,5000
39,9606
10,4665
33,5585
18,1270
24,5034
14,3489
6,7372
13,5399
14,8724
11,0729
24,6024
17,1360
9,9114
17,7040
4,2943
40,8566
13,5519
20,9906
42,6333
13,5373
30,5838
16,7470
6,9494
16,9245
20,5944
12,0517
19,3302
8,8309
-0,2377
8,1524
38,5992
5,6624
11,7507
18,5841
10,4238
42,8732
24,3431
43,3364
2,4513
22,2692
21,1685
7,3758
11,5733
22,1459
14,9772
27,2217
11,3832
11,0235
14,9785
10,5453
22,1863
20,5821
16,0596
16,9179
31,6976
39,9230
23,1687
18,1173
10,0795
14,8845
32,5561
20,9861
15,0798
28,1289
12,2769
34,7850
32,6071
24,8148
25,8566
16,9510
5,7818
22,2542
17,6142
11,8711
8,9161
21,7635
7,7571
17,0284
47,3746
27,7228
31,3481
24,0614
15,0106
20,4127
8,7421
19,9012
13,4095
27,2177
27,5135
17,2739
10,3214
12,8512
16,7143
21,0803
14,7121
5,7218
9,2137
17,9286
15,4909
13,6709
10,7993
12,5992
8,0528
2,4137
14,8562
18,5146
13,9721
45,8533
22,2444
16,3283
13,3661
22,6703
18,8860
26,1410
31,1090
19,2331
4,5198
24,9584
31,6288
7,9614
5,1348
19,3569
3,2174
16,6010
22,0951
26,5926
14,9190
6,3353
10,1594
16,5057
17,4768
12,4825
1,8636
7,8804
7,3926
38,4037
55,0365
29,9061
-2,6669
8,6481
13,0530
14,6537
18,0726
17,9765
8,3644
12,3111
19,7928
4,1257
50,5911
16,4882
30,7201
21,8335
26,3451
13,1215
10,3919
16,5964
17,9778
15,7392
22,1921
22,7830
16,3388
20,5270
34,6114
9,9832
7,1894
12,2417
19,8242
18,8430
12,6638
6,2684
16,5771
39,3835
9,0621
17,7094
19,3085
19,1065
3,3462
46,7537
2,3838
14,5299
38,0204
-3,0639
25,9200
12,2281
7,0558
29,5930
35,5054
48,7142
15,3876
12,2140
24,0225
25,4429
19,8463
24,4866
28,0286
11,9827
24,1480
24,0637
17,5544
7,9437
16,1028
16,7053
6,4668
18,2079
14,1444
17,8008
13,3159
19,2909
20,8482
9,6536
19,8304
33,4093
14,7940
29,2875
11,0918
18,0306
4,5019
29,6747
38,1220
23,1562
15,1142
4,3022
15,1162
12,5432
28,7954
43,9777
44,3757
13,2075
9,7616
7,1725
13,7205
19,5882
-2,5740
28,5211
-1,5589
10,2087
27,3358
0,1144
32,2590
21,2727
14,1954
39,5634
22,4024
23,1123
13,9013
8,1630
27,4949
7,7398
14,0230
20,4509
11,8287
21,6816
4,6105
9,8513
32,4427
16,0685
5,9523
27,6088
23,2821
19,3269
15,1227
1,9627
13,3237
20,7267
11,0594
15,4370
5,3567
27,5982
24,0039
24,5914
15,6699
24,1941
12,7568
20,3356
-5,6479
11,3461
15,9773
21,2817
10,7610
3,4575
33,6561
22,7758
15,2320
26,5890
18,6930
20,6802
3,9362
29,6747
12,8733
32,7437
11,7701
-0,9713
28,2946
17,7321
16,0952
25,7322
17,7812
18,9869
21,0968
24,7942
21,2329
19,1245
11,3946
24,2343
12,9959
9,6180
8,1376
18,7798
12,3106
2,8195
21,8969
10,8035
9,8357
14,1609
8,2511
28,8660
12,7044
5,9839
18,9849
8,0026
11,4742
40,2866
17,2783
15,9411
8,6307
23,1626
15,5916
18,9059
8,2344
13,6292
16,5345
9,7770
25,5760
25,7759
13,5047
24,6768
25,1283
3,4924
22,6409
3,0935
21,0449
23,9273
32,5164
21,8487
34,1579
13,5132
13,4733
22,5698
11,1686
26,0539
13,5892
14,7770
16,5861
27,3209
0,2340
37,0367
-4,4265
9,4469
12,7337
6,7473
46,8104
18,5507
21,7669
13,8497
8,9226
9,7584
-0,1126
25,7703
32,6513
16,0867
20,7454
6,0704
29,0997
39,8114
18,2083
21,7150
23,9984
32,9197
17,8078
13,7312
30,2947
30,8906
21,8659
30,9263
12,2773
3,5871
4,0304
13,5232
18,7540
30,5102
2,2250
14,9574
6,6033
26,5826
9,5191
43,6314
27,9303
14,6749
-8,3303
24,0894
9,9084
14,4591
10,3499
13,9461
26,8286
16,5281
25,1635
37,0696
19,7607
11,1515
24,0724
-0,5560
26,0270
15,3721
0,6255
13,3826
24,9837
9,7632
21,7650
21,8904
19,7855
34,1707
-4,4668
15,3852
4,7805
22,2035
15,8555
11,7514
12,0715
22,1334
39,2585
11,0097
24,5950
17,1290
51,9614
25,0207
-3,9295
6,7419
3,2634
8,1125
9,6235
18,3820
16,1283
39,5862
12,8419
9,6728
18,6468
20,7649
17,7529
21,3724
1,6479
3,9059
24,2133
5,5102
13,4721
19,0219
19,2644
26,9819
6,5644
17,7747
48,1203
14,3762
19,0073
8,2099
7,2132
26,0737
-2,2225
28,6723
4,1105
20,1464
11,3961
55,1350
10,8291
17,2305
18,4976
3,4558
18,3227
4,1912
17,9027
21,4196
9,5269
10,4599
13,1894
18,7997
4,5954
9,6591
22,2946
24,3539
40,1564
20,4386
11,7444
10,1301
19,0674
11,3956
8,7965
29,2907
20,2735
27,6970
15,2563
47,3637
14,1932
21,3003
15,2541
0,4579
19,3014
11,9955
0,8281
14,8415
7,4709
17,3609
23,8346
19,8353
4,3928
16,6380
13,2034
18,2196
25,4786
24,5931
22,4567
15,0029
31,1007
12,7036
24,6314
17,9861
28,3078
21,2889
22,6949
23,7937
28,4915
22,5046
18,8722
15,4297
22,6453
8,0680
28,2187
19,2446
42,2051
9,4313
25,9965
26,6491
24,8432
11,9133
11,3072
23,3686
18,8846
18,9466
27,0337
4,7989
11,8079
29,1107
4,8494
32,5332
13,4632
7,7230
31,3626
15,3239
13,8116
23,7090
22,6312
15,3804
24,6770
29,4724
24,5692
23,8621
10,9477
-0,5180
14,0622
29,8582
8,6438
17,4269
31,5507
5,9836
25,4993
16,1925
7,8864
14,6021
14,1930
23,1184
23,2608
21,7982
21,2886
0,0692
39,7803
0,7695
30,8226
17,6142
18,0973
9,6837
18,0685
21,6853
14,5331
7,0612
28,4266
20,0189
20,2132
3,2045
14,4682
4,0997
10,5966
20,4184
16,1957
23,3569
27,7203
19,5977
19,3923
14,7288
0,2137
9,7821
8,9561
14,3464
26,0223
17,8940
9,7739
25,2017
32,2285
28,1792
18,6787
15,0367
23,7028
15,2348
18,9112
16,8000
0,5142
6,5706
12,2197
15,3381
33,3690
17,6043
36,3142
1,1078
21,0020
15,5521
9,1046
8,6383
7,7518
18,8392
11,1095
19,4518
9,8475
16,8875
16,7455
13,4948
28,7716
3,2535
-8,5501
30,7728
11,0060
28,0572
4,8563
24,3646
26,7894
30,2950
15,0120
20,0122
22,1810
22,3591
29,7500
25,0960
16,0469
10,4431
22,8096
15,1407
19,1643
-0,5495
36,5306
25,1258
27,5788
11,9213
11,2858
12,7734
19,3813
22,6176
42,0003
29,6304
16,3524
6,8324
6,1421
25,4153
14,6149
17,5017
31,2950
17,9187
19,0953
27,0662
37,7089
16,8038
12,5128
15,5368
24,5279
26,5486
-1,0328
15,0732
2,3093
15,1626
10,4031
11,3777
61,7674
12,3630
17,9356
18,0424
19,9693
9,9199
24,6561
15,1893
18,2576
23,4555
11,7787
-0,3807
26,0958
3,1571
16,1852
19,7738
27,5601
18,1538
21,1930
16,5475
13,9948
9,2236
19,1963
9,2405
26,0744
8,0365
32,5534
9,2808
18,9094
13,1331
37,1184
33,5788
20,8534
22,0461
17,6711
17,8172
46,2382
16,6167
16,1181
20,7748
16,7854
-2,1894
39,4840
4,7189
-3,0637
13,4950
20,5455
19,3248
19,0215
14,8701
-1,1805
-2,9874
28,0984
18,6652
6,4408
16,1691
6,3839
6,4466
7,0352
17,3312
21,4525
7,8571
25,5164
12,4791
26,4096
11,5217
17,0654
7,0644
13,3661
7,0171
20,8043
35,9869
32,2684
3,6970
22,2792
17,8706
14,8746
18,0889
17,3078
33,1174
11,9743
13,8588
10,8935
12,2347
8,7570
6,3736
9,4083
3,3314
3,5328
10,6712
20,2356
11,8136
3,6354
13,2657
19,1684
20,1869
35,2292
10,7700
47,7243
7,6312
24,0976
26,1123
2,8637
15,1088
20,7398
29,6511
22,3713
13,2147
6,9929
16,2931
22,4364
14,1759
25,3895
16,4941
15,2504
36,2228
19,7641
7,1797
-0,3402
13,1210
21,8644
16,0332
12,5349
16,8111
26,3140
12,0158
18,8544
13,8701
5,9249
32,6418
9,8028
10,4134
14,0939
17,0948
-1,6862
38,3244
24,4761
28,7824
18,1124
13,6906
38,7179
14,8613
56,1286
19,0771
25,9356
13,2195
18,8427
21,2225
29,0263
9,9097
11,7439
15,2991
16,6048
14,3514
15,7531
21,4580
20,8540
6,8001
37,1273
25,5213
26,8701
27,3327
26,2904
4,0139
15,0547
21,0040
21,2815
10,2926
26,8433
6,0857
30,6383
5,3181
24,9175
27,7060
24,4779
21,0759
12,8351
-19,1270
2,1712
18,6720
13,9381
15,3337
14,6561
17,4772
19,3239
16,8705
24,6424
10,5575
11,1675
-7,3891
25,6385
9,2377
-0,9162
14,3047
26,2238
12,9417
5,6806
13,1668
13,2479
6,3944
-5,2266
15,4836
30,7409
16,3157
12,6448
21,3843
10,1494
20,9385
-2,6256
29,3833
8,0458
17,5373
10,1077
21,4141
15,3321
21,5925
18,9775
9,9301
15,0696
15,8692
17,5557
6,3509
17,7304
13,1319
5,6571
18,4689
10,0285
25,5682
2,4214
9,9985
37,0637
25,4019
19,3279
4,2866
22,6270
12,2629
11,7755
20,6106
18,7068
18,3796
20,1453
18,9194
11,1322
25,3136
60,5262
14,6059
6,6031
7,3463
30,8374
32,6032
7,8300
5,0081
45,4033
7,4854
11,1484
9,2744
11,1388
31,3043
14,8533
12,5166
11,7926
10,4254
12,2606
8,2793
16,3692
35,0434
11,8152
10,7963
32,5961
6,6329
18,5130
23,8515
25,2061
9,0197
8,3582
21,8473
14,4574
4,5013
33,4149
23,1516
13,9554
22,3474
17,9325
23,0413
40,3334
19,5031
28,3239
6,8770
22,1296
22,6808
9,1382
19,5471
11,5828
13,6602
21,7456
35,4857
9,0535
14,2577
25,0396
0,3821
7,8427
17,3418
10,8579
31,2944
27,1704
27,4618
17,8182
6,1699
43,0916
12,4906
33,2484
7,1674
12,1089
21,0778
41,5993
18,5709
4,9133
24,1034
18,8376
29,9863
29,3920
4,7034
8,6640
35,4857
31,7869
40,9537
21,4117
12,1774
3,8282
7,6595
11,0656
1,1922
17,3892
24,3506
5,6501
27,5677
16,0320
23,7632
5,5819
21,5178
34,5570
13,9975
16,5908
9,0498
19,2919
15,2145
29,9503
2,4635
15,2883
11,3729
34,2579
15,4271
19,2003
18,3322
16,9882
18,8627
5,5694
20,5088
16,5188
40,4523
15,5706
17,6938
-2,3906
13,2999
10,0451
6,9466
19,1192
20,8021
10,3068
19,8823
9,1261
7,8442
1,1949
15,9146
-2,2667
0,3408
22,8188
33,1632
20,0586
18,0440
23,2500
10,0346
25,7682
27,3616
23,7214
11,6919
25,7940
18,3321
17,8981
31,5387
6,4768
29,7606
23,9671
9,0055
16,4214
19,9056
31,0790
13,3338
17,9776
27,3749
16,6182
28,5593
22,5208
11,1707
5,9336
4,2728
39,2234
11,5036
25,0103
17,0142
19,3929
23,5621
24,0985
25,5821
19,6211
17,1216
9,6839
26,7496
8,1165
34,1008
20,2312
16,0316
10,4665
21,4933
17,5231
7,0435
15,8259
32,8445
27,2441
27,9545
3,5292
6,7555
24,0901
12,9712
20,6607
24,5244
35,9984
34,4300
19,4688
22,4203
22,9376
25,7357
1,1500
36,2905
9,8974
15,2306
48,0326
27,3000
3,8564
18,4894
34,5482
27,1301
18,6060
2,6379
21,5485
8,3148
33,6217
23,2578
6,8883
7,1956
31,5394
16,8959
28,2940
6,7391
28,3946
16,6060
11,6132
10,1262
41,1509
29,5130
21,0426
23,0313
18,5766
27,6853
25,7529
27,5702
9,3179
13,4857
5,5609
7,1672
30,1357
20,6242
14,2642
8,8273
28,0056
31,6978
19,0830
11,5312
14,8775
25,2965
22,8186
3,9872
41,7571
6,7772
42,9011
16,6903
20,0708
21,7449
-8,0672
10,5801
5,5657
19,6028
34,3293
16,6322
19,9690
26,8434
16,4054
19,7908
34,0551
11,2501
28,8729
11,2498
9,0162
18,3906
27,1848
18,8038
26,8605
10,0218
15,6720
16,1379
21,5594
7,4192
28,4476
11,5422
15,4853
28,2761
23,8659
35,1415
22,9545
20,5346
21,3445
1,4820
20,3065
27,3850
9,6847
24,2339
29,8699
31,8766
1,6980
12,9578
32,9015
27,1640
11,5747
9,3028
11,4704
3,3763
14,6019
15,5962
13,6346
28,4918
21,5300
15,9372
16,1186
33,7298
-9,0821
15,7621
7,1981
17,5395
20,1389
19,7153
30,7652
3,5588
19,0588
15,2057
17,6106
32,8251
0,5354
19,4051
3,7764
16,4706
40,9858
28,5623
28,1799
33,9767
19,8722
28,0795
12,0846
5,9488
5,9108
26,4977
23,5874
23,6931
7,3301
24,5389
12,8354
8,1950
19,7752
3,5733
15,4194
9,8284
17,0141
33,5423
21,1386
14,9598
15,8343
22,7930
19,1164
18,8639
15,1424
16,4553
19,2333
36,7118
19,3786
32,3627
5,0240
23,8229
13,8400
10,6737
56,5234
11,2211
28,8847
38,3198
7,8703
17,7454
31,8181
28,7565
12,8087
14,5256
18,5781
12,3172
18,9805
16,7262
3,7006
19,7832
23,9457
16,5382
18,3753
2,6779
29,7703
31,2017
16,6881
7,2839
2,1818
30,7703
7,3489
34,9225
33,8095
-1,7079
13,4907
34,6604
10,5994
26,9072
14,3376
3,0519
20,0810
34,1255
14,8036
31,0958
1,8964
62,2311
10,3372
2,8467
-6,9484
2,9961
25,6138
24,4258
19,3626
7,8604
3,9629
9,0565
20,0337
18,3572
14,1647
30,6474
12,6506
28,8655
23,4186
24,1809
10,7061
13,3322
18,4804
20,6848
29,0050
12,2916
12,7972
27,9580
28,9868
15,5134
13,0397
40,6080
17,0444
28,4929
39,5365
15,0587
12,6234
24,1142
3,5022
11,7364
-3,0735
3,9613
2,8338
17,6233
14,0592
15,2827
8,4619
4,0613
26,0127
21,2724
12,7993
-3,5524
50,8054
23,1124
36,8691
34,3077
24,9173
14,4194
20,3680
35,1017
19,7163
4,3823
13,7258
1,8717
18,5908
14,8952
29,1086
11,7091
23,4252
9,1194
1,7918
30,7771
9,7717
14,6013
9,2474
21,1002
20,1283
18,6674
9,4352
16,1996
2,6515
26,8655
8,0934
21,7466
25,1698
19,0646
8,8051
38,3389
18,5307
31,7270
12,5496
34,0252
11,6408
14,9139
15,0350
23,4457
22,8380
7,7746
10,5593
8,0860
17,6385
18,4672
-0,0606
5,9565
9,8699
20,9577
13,3626
14,9664
14,0550
3,0991
18,0715
35,5625
16,8488
26,8272
19,8377
24,4853
25,3760
15,3873
23,6533
20,9807
21,3022
21,1969
15,1627
28,6261
11,4668
18,9523
15,7729
22,6985
24,8648
24,0849
15,4858
14,6814
11,5704
15,2695
4,9120
24,8654
26,6475
23,4481
5,1658
11,2357
24,9474
29,4950
13,9381
20,0120
4,9229
30,6294
16,1965
34,1654
-3,8531
6,3719
2,8561
23,9801
13,5538
5,7704
17,7843
15,9084
5,9012
16,3403
19,2813
25,0780
25,2826
12,0121
6,1649
15,6702
12,0493
4,1786
23,8240
27,6536
38,6384
19,6771
12,3872
15,6116
20,5220
7,1216
18,2036
26,8343
20,2841
18,6770
9,9705
15,2863
18,7459
7,5089
31,4521
4,2230
20,6104
9,0593
22,4029
8,0596
13,4593
19,2738
20,3473
18,5919
43,8122
18,8597
8,4108
5,1880
25,7987
54,0662
26,0228
11,1027
24,7039
4,1590
12,9098
16,1332
12,6266
21,6126
16,2419
17,6118
40,3127
12,2251
17,5302
12,5804
15,1592
12,8762
25,3050
27,6406
29,3818
14,1786
10,6961
23,0043
38,6735
25,4768
12,3592
8,6951
-5,2138
11,1905
12,3416
2,4211
9,3172
14,6092
28,0154
3,8587
16,3568
16,5691
23,2526
-8,8580
55,7352
23,8926
12,7628
39,0018
30,3554
9,2113
4,5140
15,1816
12,4028
22,0188
37,9319
24,1510
26,8943
32,5643
22,4702
3,3742
5,7814
12,9748
17,1331
50,5961
4,1406
18,4429
11,2145
7,1423
14,7923
9,6496
10,5435
12,5058
25,3288
47,0612
11,8355
27,0422
10,7174
20,0529
12,1945
24,6275
13,7364
7,7574
16,7487
2,8692
12,7788
8,6695
37,2154
2,6599
29,6830
29,7232
21,7267
21,2737
8,3247
26,4505
20,9370
11,5085
7,0138
7,4649
8,5009
12,8221
9,0858
38,4925
14,9143
9,1292
7,8791
4,8357
0,9628
16,9005
6,5244
26,4683
16,2917
16,2471
8,1255
21,9166
34,4013
35,4696
16,8799
7,0060
14,0456
18,5137
20,1386
16,1302
-0,6657
2,1680
15,3715
12,2485
18,6109
4,9413
14,2557
45,3823
25,6321
15,9313
12,9426
18,3953
4,5804
14,0250
-0,1690
4,4147
14,5808
9,0144
1,7132
11,5647
16,8823
14,8723
26,7981
20,3061
21,6506
29,4528
27,7234
12,2298
13,4153
24,2890
5,8458
27,9609
9,8370
8,5759
25,2279
16,5782
6,8160
26,0794
4,4402
24,7791
17,4917
31,2765
12,9305
18,3455
7,9423
24,2935
26,9970
6,4192
11,3554
23,9009
26,3458
26,8077
14,2884
22,7296
3,0060
14,3270
18,1895
-1,3766
25,1664
17,9621
8,4587
19,2957
8,5814
25,4279
25,3104
10,4079
31,3269
10,1085
21,8708
13,4606
10,2157
4,8233
43,5536
-3,3345
11,7890
33,2556
10,6498
27,9625
14,4319
26,2817
9,3077
16,5038
17,6786
32,3601
24,9401
23,6906
3,8638
28,8469
8,8341
52,8110
9,2704
-2,3943
28,0428
21,8502
17,3687
11,4503
7,6194
24,5058
1,8652
15,8987
23,4749
11,3488
29,7306
13,5381
-1,0692
20,1101
11,4856
25,2132
0,6164
16,2999
8,9908
33,3534
19,1764
8,9429
14,8650
14,5651
5,4082
22,1181
11,2880
17,9140
1,9705
19,8333
-1,8617
40,0716
35,4432
39,8625
12,0448
21,1479
5,0758
24,6545
31,5703
25,7442
1,8210
8,3658
25,1938
8,2539
14,7682
-1,8215
17,0666
27,9302
14,2808
58,4531
6,1192
34,6016
20,4845
5,3532
12,2997
16,4733
27,5629
13,0046
7,1833
9,0211
51,0784
5,7599
11,1252
30,0919
11,2014
18,7859
26,3897
27,4902
26,4161
29,8450
35,1873
9,6667
22,7663
24,0269
17,0900
-0,5078
20,0893
9,6072
13,2028
16,5583
13,2618
20,6820
15,3732
8,3793
13,4008
16,6574
30,0373
21,6507
24,8242
31,6911
24,2360
11,0399
27,6877
50,9594
3,5340
15,1590
8,1055
15,3490
35,7120
9,9898
21,5397
12,3642
16,8390
8,0919
23,2957
28,6282
14,9284
31,7134
22,4336
6,5709
19,5635
19,7496
12,9906
49,6397
2,3170
13,6037
15,2217
32,2174
23,1420
30,1044
19,7846
11,5261
17,2880
14,1025
-5,2506
15,4165
7,4814
31,6206
16,5626
8,6667
24,3962
14,4552
19,2059
14,5808
20,9036
12,5283
34,3185
26,6876
3,7431
6,0609
5,7187
27,8030
21,9182
37,2562
-6,0343
12,8294
20,8827
7,1605
20,0966
11,9180
20,9176
15,7918
20,5082
33,6641
30,3636
23,9064
15,9056
17,4151
16,3926
13,8205
5,9748
25,9748
24,8661
24,7060
23,4071
31,1546
2,0706
19,6619
14,9402
9,6774
7,6561
20,3216
10,3720
2,8173
7,0851
16,7688
4,7807
16,2366
6,6592
26,2852
45,3068
8,6550
12,1953
27,8896
15,3856
32,1524
17,2873
38,9175
15,6242
26,4965
16,9492
17,1415
30,3058
36,4332
-0,5343
11,2207
21,4377
-1,0102
57,0608
23,4585
21,1199
20,7802
21,3445
9,8077
23,2041
7,9075
12,5369
16,0646
10,1353
19,7105
-4,1705
13,1398
22,1755
3,9261
10,4149
19,1370
22,5373
26,8160
26,0154
18,7985
13,8925
20,3562
29,2737
22,4951
25,0646
-12,4981
14,0701
20,4681
25,9514
25,5875
5,0502
11,7071
14,0374
14,3587
38,8060
20,8142
60,4278
4,9842
10,9452
11,5708
12,5117
16,1854
33,5075
19,8999
20,2912
11,4351
5,6984
13,7591
18,1822
14,8851
20,1439
23,2764
19,2034
16,4781
38,0057
7,6917
7,7665
19,3488
9,0540
10,7471
6,8641
16,2980
26,7811
2,5147
16,8412
12,2589
12,9590
12,5407
5,5551
41,9989
29,5130
21,0070
8,9573
-0,7576
24,7178
14,8244
29,1717
15,2215
29,5401
22,3755
9,8201
13,2628
23,6996
15,1029
11,6749
28,8757
23,8786
9,7657
22,0654
28,7133
13,1467
15,4023
16,7689
31,3257
9,6929
15,4037
6,5516
12,7509
16,1898
27,1478
9,1246
1,8186
12,3237
16,8332
17,7710
24,2311
18,3399
0,0229
9,1492
29,6873
8,7303
13,5400
7,0080
10,3297
25,1304
24,5068
14,4788
9,6394
12,3464
35,9566
11,2059
13,8550
15,2385
25,0965
17,9864
9,4557
26,8499
3,8882
9,0767
6,1242
8,8620
16,2455
22,1518
14,6799
18,7612
36,1470
25,1846
32,3104
37,1342
11,7015
13,4790
16,9202
14,1788
14,3398
19,2206
53,5623
15,8481
14,1158
3,1639
30,4170
5,8774
17,9540
-3,1629
31,7629
12,7579
19,2470
20,5096
47,8555
16,6736
12,8946
3,5500
22,3761
-1,7794
26,3603
18,7548
8,4173
17,9080
10,4409
12,4094
19,0554
21,6690
21,0155
3,4874
25,8524
-1,6112
18,1850
9,2130
23,6977
36,3786
34,7335
9,6639
18,3870
23,8022
10,3122
15,2174
13,0841
-1,4249
16,8440
8,9686
21,1209
31,1874
22,9970
14,8193
2,6525
15,2188
8,6617
12,1587
66,5761
13,6547
22,3811
12,5755
12,9711
55,0361
11,0421
17,6984
4,1686
17,5327
7,2663
7,3577
28,8067
21,8497
11,7704
32,9369
5,7880
10,5773
7,4260
13,4670
34,6988
9,6037
7,9462
30,9438
23,5319
19,0136
9,3614
19,4959
15,9454
11,0333
24,9049
3,0874
17,8256
48,2090
-2,5251
26,2048
16,7983
9,8138
30,2372
7,9555
31,8691
40,9827
28,1476
16,2727
27,3964
19,1592
22,2782
14,0791
28,7634
17,3886
16,8474
12,1978
16,8866
15,9374
16,7154
18,9619
30,1494
13,3745
15,7575
8,9379
11,3415
19,1634
22,8153
4,1060
8,5473
42,7563
18,3765
12,9318
5,3200
16,2754
16,3620
25,2078
13,0932
25,2701
14,9938
18,5778
9,0572
6,8008
24,5389
19,8682
19,2206
42,2005
27,2720
22,6464
4,2292
12,5914
18,4977
31,7217
18,5329
14,3346
19,4771
14,8741
73,6089
17,7806
12,8912
21,5303
-0,7711
22,6767
31,2631
6,1790
22,5560
16,5435
60,9562
35,9092
12,4295
10,4365
13,0434
19,8491
11,8484
8,2596
6,3444
13,6755
24,0143
22,1183
10,3081
20,6601
28,2944
9,1557
8,0305
26,3150
11,1588
19,6712
15,0664
29,2423
13,4710
0,6662
13,8658
11,1614
11,7327
8,7757
15,6122
30,2244
12,3497
30,8303
34,8174
16,0516
13,6938
31,4701
17,1405
6,3156
10,4415
17,6478
28,2193
21,5053
6,8647
29,6077
12,6535
16,4448
17,1100
25,6320
26,3680
9,5915
19,4634
13,5389
13,1816
13,4438
26,9417
14,7638
26,7242
23,9531
20,6080
3,6222
12,1467
25,9017
26,1195
18,0528
11,6999
27,9072
16,7527
5,0095
0,6175
17,8508
37,3555
9,6501
13,5687
19,2903
19,8852
30,9928
17,5581
-0,1085
38,7651
15,3810
35,2019
4,8350
36,9673
-6,5876
18,4842
-2,9447
40,1977
35,2518
7,7653
9,2123
32,8433
35,5747
24,7674
17,3664
27,6912
4,2761
4,9506
12,7650
20,0491
22,8792
20,7412
18,3760
3,1756
4,7742
21,9761
14,1210
18,5511
26,6262
21,1657
5,7071
14,9693
28,1072
22,5205
14,4649
20,2108
9,0300
13,5381
24,3681
21,4418
22,1648
13,1394
8,7284
23,0367
21,8094
13,8389
10,2857
17,3414
18,7844
26,6457
12,2322
25,6093
39,2003
22,4349
21,7198
2,3577
38,1574
33,0727
12,6938
14,0062
22,6068
33,0220
20,2136
17,8641
13,9499
7,2473
9,3129
3,5070
25,7127
15,6030
20,1790
15,3000
20,1667
20,4678
12,7814
21,2194
12,8806
17,5121
13,1295
30,2031
21,6052
12,5053
20,4972
14,3575
29,9210
12,0873
22,0824
16,0933
19,9308
20,8671
25,9200
14,5796
11,3131
26,4203
33,3576
14,8688
17,8245
7,3508
26,3227
6,0326
13,1546
10,9836
21,4111
9,5251
17,5389
-4,3174
18,2193
19,8464
31,5743
28,3230
13,5363
21,6467
34,9593
17,7389
44,3169
17,0464
50,5170
21,6000
31,4415
22,1524
8,6923
34,5833
30,5600
22,5138
49,7145
6,9649
10,3317
18,0409
23,5822
27,2628
43,2254
7,3278
8,5327
25,1052
9,0049
22,3875
12,4850
42,6839
3,6778
23,3744
7,1136
11,2078
12,9198
19,7722
7,6737
8,1295
27,5565
13,7862
24,4193
27,3977
13,6314
20,7785
22,9432
15,4254
10,2521
9,5806
36,7278
55,5210
15,9600
-3,2765
42,3389
19,0844
3,9152
13,1821
-2,1047
18,9159
23,4623
-8,7849
-0,2558
29,3754
20,6948
22,4142
16,9778
24,8096
38,9015
30,0045
12,0686
2,2999
19,4649
24,3424
24,2491
10,2662
21,9724
35,8029
59,6491
18,4762
14,8214
9,9890
21,0398
31,4748
34,0233
15,9393
24,9291
35,4207
15,6867
18,5842
11,4346
20,2317
29,5379
22,9629
20,4725
29,5283
9,5649
20,0376
5,1878
31,7751
16,5173
5,7770
7,6859
16,7628
27,6995
31,1287
39,8841
7,2437
25,3819
27,2938
19,9180
23,3498
14,4968
24,2295
27,8144
16,8081
22,7052
28,8910
20,8411
21,9251
16,5343
23,7176
6,6221
23,6069
31,3493
27,8825
23,8946
10,8434
13,0971
3,4221
16,4691
26,5893
20,0455
11,7193
22,1988
36,0877
14,3384
6,2657
22,5893
9,5696
11,9850
14,9631
7,6082
12,2028
8,8966
17,9613
14,7385
16,9572
69,1071
28,7645
21,7921
5,0816
18,0319
16,8633
11,3474
24,2377
14,4664
2,2485
23,6495
11,9784
1,4645
14,7240
31,5612
27,4968
10,4043
11,4958
7,6598
20,4608
18,4745
18,9182
31,1050
14,7192
22,4861
9,8936
17,1397
31,2600
9,4128
19,4645
15,4532
35,6790
22,3447
9,2863
7,9536
25,3169
18,5019
31,0236
32,4862
5,3918
21,4489
-0,1397
17,9839
21,1025
20,1036
20,7518
12,8420
3,6784
2,4986
34,6733
28,6819
12,5367
16,9381
0,6039
16,4089
9,8382
18,0344
29,0194
14,3809
25,2953
0,0612
20,7387
14,5622
26,0153
14,7561
20,7464
7,4976
36,0243
18,3002
16,2066
30,4320
27,4578
10,6901
19,1356
12,9570
16,8531
18,3249
14,1460
38,0353
10,0018
24,4558
4,9901
6,8582
19,0982
10,6600
27,4504
11,5189
16,3907
24,7198
27,0311
1,4038
49,4215
27,9607
10,5330
19,1587
15,6712
37,1453
11,1696
14,2703
22,3502
22,2014
21,2683
10,0193
8,7739
11,4592
-6,6482
22,1011
30,1382
19,4958
4,7433
5,1401
37,9118
21,1903
32,9981
23,6795
22,5700
13,2732
16,5387
1,7619
21,4765
34,8870
12,7400
33,4759
20,8572
-3,8537
8,5496
16,5428
7,6067
17,2518
6,7451
13,5189
25,2313
24,8072
15,6479
23,8759
25,0248
52,4764
33,5171
19,2384
13,3402
35,6345
19,1709
3,7175
33,9530
18,7487
9,9221
41,7204
15,4081
14,4187
8,5671
24,3051
33,0141
33,7342
20,2911
13,8089
1,7464
6,9594
22,2851
32,1427
16,2891
-6,9802
27,1301
23,8300
10,0469
3,7670
27,1889
23,4116
11,1156
31,8627
11,8021
16,9719
1,5136
22,4605
21,4216
42,6918
1,4700
24,2829
2,2209
11,4591
26,4124
12,2159
8,6655
6,2525
13,9706
15,3014
4,9205
25,3708
12,2298
25,0970
14,1437
14,1718
13,7637
12,1578
3,1602
17,3015
37,7718
26,8756
15,4115
12,8688
4,3954
11,9768
23,9687
10,7348
12,8738
20,4776
29,9043
32,3561
39,6844
25,5160
49,5471
22,6656
43,8122
19,8881
12,7093
3,4359
5,2012
9,5471
20,6569
43,6865
14,4565
18,2370
21,5710
4,1508
8,7777
26,2276
21,3627
13,8289
16,5672
13,5084
17,9243
22,6170
10,5173
19,3682
26,7957
4,3942
12,0979
23,9467
13,8080
22,2117
33,2142
17,1674
45,9627
13,6602
1,7232
17,0297
5,5496
8,8550
-1,8595
16,4027
23,8388
17,1399
18,9475
10,7139
8,6306
-3,7318
14,9630
7,0890
-0,1813
17,5626
45,4964
10,6749
26,5477
9,8557
-0,8537
10,0903
13,6170
37,4924
23,9698
8,0147
13,3669
19,9185
10,4425
0,7281
13,1412
7,1620
11,7585
15,9467
1,7566
32,4013
24,9319
18,9322
27,1567
20,8226
16,0108
4,6925
34,3411
27,0407
22,5561
31,2479
10,1083
24,9695
13,6158
24,3022
16,9604
15,7053
27,5662
14,6557
19,5474
16,0095
5,3715
17,6162
13,5632
19,1760
10,7152
6,9717
12,6276
22,6139
27,6938
14,7487
12,3852
24,7662
27,0719
15,5244
25,1858
18,7671
32,1526
15,0257
20,8476
51,5818
39,6653
18,2644
14,5765
-5,8873
36,0053
27,3699
56,0714
12,1860
20,1662
31,7010
17,0207
11,6681
1,4859
48,1105
23,3828
16,6515
10,2144
14,1481
16,0137
11,3926
17,9778
22,1070
14,9069
29,5772
3,5526
17,6530
28,0949
17,4597
29,9870
7,8286
13,4946
8,3286
18,0179
8,5822
24,3001
8,5110
23,6596
10,6384
14,0549
35,8593
41,2340
16,0262
28,4688
13,8638
28,9106
18,4898
1,0372
42,3065
37,8039
15,0649
5,9146
43,4863
24,1140
4,1263
38,8659
7,7801
12,5900
17,0056
31,3551
30,7904
64,2018
32,3194
17,1225
7,7977
7,6478
10,4201
27,7328
8,7689
42,3919
25,4405
15,1938
18,7433
38,6644
16,9986
24,8570
21,0057
24,6906
12,2089
24,2730
26,8642
-0,1156
20,4690
19,1504
5,5794
13,5452
33,7488
15,2851
10,2897
16,8025
4,5255
26,8753
30,8097
36,5723
