14,2350
22,4242
21,6330
9,7685
29,9580
39,7355
55,9384
14,1079
22,3718
27,9492
19,7128
20,0560
20,1884
29,5688
24,1404
23,5448
17,7102
4,9572
3,3210
22,4140
31,2616
12,4274
13,5484
15,4597
18,5630
26,1409
19,1165
8,2247
20,6466
25,1719
45,5101
5,7027
12,6801
5,8528
30,6127
11,0907
20,1013
21,2356
25,8108
31,6797
34,7961
17,2447
18,2243
8,1555
25,8668
4,3996
58,2477
64,3220
15,3418
5,7176
13,4459
3,9038
39,9794
7,4271
19,7364
6,3375
12,2867
14,7266
15,4813
11,0548
15,5922
32,2960
22,3027
32,4219
21,0111
8,9373
28,5658
19,2714
7,6956
10,8272
21,9247
14,2530
26,5460
19,8254
19,0058
16,8481
32,2712
17,7597
15,8911
10,4184
7,5919
21,7348
24,5931
26,2145
21,1131
23,8812
11,1897
15,9229
23,1702
23,4034
14,5296
14,9930
19,2093
10,2721
53,6228
16,8220
12,3477
13,0963
18,9342
28,6648
28,5287
17,3180
52,7235
11,2126
17,3653
15,8237
30,3937
23,1325
26,1583
18,8793
7,9048
16,2597
15,6525
-2,3480
14,7697
10,5176
17,2744
25,8567
5,4932
8,5196
18,4700
15,8267
30,4594
31,7126
12,4120
11,7240
10,7326
22,5024
15,6084
7,5415
35,6687
30,8801
30,8834
23,9224
17,6516
10,1706
30,2690
20,9869
13,4904
6,0211
22,5203
44,4302
13,3027
61,0214
14,8380
21,7663
34,5241
30,1451
6,6346
11,5260
24,3217
57,0034
11,2005
11,6948
24,6473
22,9826
19,0608
26,0175
5,9381
18,5231
-2,8796
-0,2488
18,9154
35,7869
26,7619
19,6540
15,9577
17,9605
12,4549
16,8365
14,5981
9,9591
28,0770
26,7511
5,6199
-3,3898
21,9319
33,9109
12,5225
26,9627
35,3515
49,8888
18,3849
23,7402
18,5993
16,2054
1,4864
8,8328
3,0600
30,7194
15,8716
9,2923
33,2857
8,5134
20,4129
18,7912
18,9395
7,0461
22,7374
8,7837
25,5725
6,4654
41,1308
15,4593
14,8965
18,3303
23,0720
13,7480
23,7211
22,5474
18,8434
3,2234
10,3301
7,4133
23,7744
4,2488
10,2970
15,7924
-2,4466
13,2176
22,5276
24,1661
6,4713
15,2760
16,5201
6,7127
26,5973
45,2636
0,9028
17,1001
10,4216
12,1178
36,3789
37,4241
11,8460
-5,3074
-5,4577
20,6630
14,8045
2,9089
25,1174
16,7683
22,7312
19,8462
18,8352
7,0359
18,6313
19,9951
11,8771
20,4347
22,6350
19,2408
10,6699
10,8736
15,0807
4,4825
17,3783
23,8274
30,0134
23,4765
24,4589
2,0259
30,2793
20,2332
18,6869
23,8157
48,7183
-2,9810
7,6398
20,4567
7,2583
12,1191
24,1799
14,2395
13,2750
21,6961
14,8679
29,7213
32,9321
27,7382
47,4714
24,0870
7,6983
40,8493
24,3087
3,5268
26,4668
-11,5269
9,4298
1,9099
9,4139
27,2749
19,9953
12,8257
13,0047
23,9464
40,0405
50,3378
7,1555
18,1145
33,4339
23,2273
35,2347
19,4452
10,9431
9,2363
18,1259
18,0945
-6,7002
15,9766
14,1061
24,8981
5,5334
20,4999
7,9643
27,6636
23,2374
15,1848
16,9777
13,2052
19,7508
23,7677
13,3238
41,9304
19,9181
7,9500
25,5270
43,3505
18,2310
9,7836
27,6934
6,8097
1,4884
-10,3119
24,1136
18,9346
13,3345
32,2549
-6,2623
14,2302
27,1183
28,8177
23,7817
43,9374
28,7877
16,1285
19,7653
66,5548
14,7920
10,5533
17,6213
23,5005
18,9312
24,6668
18,0416
55,9714
20,1766
6,5071
11,5151
26,7492
-1,8883
23,3281
-0,9837
12,3827
4,8631
14,1017
13,6216
17,5327
34,8546
9,8155
28,7000
7,9581
24,8704
9,6294
11,2796
11,9580
15,9761
10,1576
18,6137
18,2848
37,1112
18,3188
34,6617
0,3728
11,7250
25,8096
18,9722
16,3418
35,4305
15,0710
15,6273
7,8099
43,2981
18,7868
24,7363
36,2476
18,2538
18,6651
1,2677
22,5038
17,9382
34,3653
-0,4003
10,5074
5,9182
20,7595
9,8922
9,8167
19,5033
22,0556
22,4991
26,6231
24,0111
13,8406
15,3232
21,1477
28,9010
20,9700
27,9475
8,6786
13,4131
17,1181
3,9777
23,9486
17,8851
18,9116
15,1341
23,8818
8,4606
16,4117
17,6267
53,2639
21,8355
16,9151
28,5177
19,9020
7,6835
21,6539
28,3454
18,7394
10,6115
14,6260
20,7043
18,0806
16,1439
14,1103
20,5406
-1,2959
21,3595
16,7459
22,1802
13,2728
60,9205
16,3997
20,5066
22,2015
35,8427
19,3448
3,8759
21,2099
15,6755
19,6053
25,7042
11,5714
9,3287
15,9349
34,8595
11,0723
27,4215
21,7894
24,9934
15,2626
26,5491
13,5283
34,0606
32,6057
5,8568
16,2744
7,8332
12,8093
20,2073
17,8300
13,6927
22,4662
14,8180
13,7069
16,2201
13,0985
15,8308
15,0980
20,1156
35,6130
11,8867
11,3270
26,8524
30,0152
16,4598
19,2952
23,0698
9,9269
2,5448
34,1803
29,0695
10,6858
17,6953
42,6834
6,5169
22,4319
33,9660
23,8675
6,1062
41,0518
26,7850
6,5627
9,5727
40,1664
18,2835
32,7483
3,7517
13,9416
10,7294
17,5062
12,3753
20,9808
35,9948
17,0990
33,2409
23,8857
16,1696
-0,3775
16,5893
24,3513
6,9431
20,2962
27,0546
25,0209
10,9330
27,3157
28,2589
35,0555
28,5447
29,0676
24,7318
45,7416
15,1326
41,1025
52,8528
44,7532
22,1588
19,8390
24,2493
27,5598
9,5877
19,9009
11,5098
21,6945
7,9940
28,2737
33,3149
20,1946
2,0297
31,8389
12,0392
18,8908
11,6285
23,3170
14,5504
18,5020
19,6134
11,7360
23,0462
13,1455
22,3860
23,7400
-5,2660
50,5586
13,9826
34,8172
24,2470
29,1294
19,9207
22,6035
4,4554
8,9152
22,7337
22,1363
41,8466
20,3742
9,5471
23,1480
27,6684
18,1004
27,4625
11,9659
20,5541
19,5281
27,0420
27,5138
14,2864
13,5379
18,1620
17,3754
13,0752
23,0083
11,0243
5,8819
7,7773
15,2380
46,3122
21,9148
-5,4619
-2,5227
3,7724
10,9511
4,9868
5,5514
42,9239
10,1655
17,4360
12,3351
20,8495
29,6963
12,9182
21,9073
30,9347
12,0023
30,9917
29,1137
10,9226
24,0300
16,5395
12,4216
5,2024
11,9187
17,2398
12,4457
22,2506
21,9974
30,1389
18,7031
28,6324
5,3137
10,1958
49,7074
13,2024
21,8147
25,4498
22,5728
24,2563
24,4277
12,3621
5,3941
23,5372
13,1838
13,5455
13,5939
4,9678
7,7943
8,2246
39,0064
17,8345
20,4879
20,2087
14,3373
16,9198
39,4128
18,0508
-1,6425
4,3488
-2,1450
31,7470
22,9854
18,6328
14,7614
17,6832
18,8714
21,2447
4,9861
11,3131
18,7256
10,2329
8,8838
18,8800
22,6028
17,1768
39,9904
13,2556
27,9145
28,9570
20,1163
11,1683
13,8491
35,1795
16,0707
28,3641
12,6600
50,5505
0,8321
5,3907
21,8101
7,2733
17,8871
21,3229
13,8936
17,4866
44,2395
23,9564
11,8999
4,5875
27,8342
16,7651
10,4545
3,9066
18,0050
20,9566
21,8811
46,4505
19,7945
18,4028
20,0366
8,9854
27,5908
24,0304
23,2192
9,8963
31,9741
12,6951
5,6236
11,6749
25,1414
32,3577
14,8458
17,8455
40,3547
11,5121
17,1093
49,1923
16,4606
22,8226
4,5305
19,4487
8,9476
23,4535
26,0116
19,7884
24,6519
13,3009
12,0789
13,3557
40,8901
23,3216
20,2306
16,2422
18,1055
18,7569
35,8437
20,6593
8,7472
18,8737
12,0918
14,3453
28,4861
25,1552
11,3499
28,4194
14,6726
7,1441
13,4136
25,1084
26,6875
6,2248
25,8877
27,6257
19,8413
32,6798
24,8085
11,0980
42,8000
14,5767
13,9093
35,3749
22,6890
28,0116
12,0888
18,1995
17,9031
15,6962
42,3363
15,9637
10,7940
28,6534
15,0387
10,8403
14,3889
6,5500
18,6300
-1,7792
29,8093
14,9758
2,7203
14,3224
19,2645
41,5871
26,9260
10,5986
35,9219
10,8266
20,5976
15,8159
31,6030
5,8911
20,1408
7,2277
7,9614
22,1451
27,6719
27,0077
52,9255
8,5317
12,8694
10,0801
22,3001
21,8287
18,8565
15,3369
19,8572
14,5531
45,3128
25,6845
10,8553
21,4476
38,1986
3,5606
31,4587
18,2488
11,3566
7,2419
16,0205
15,6428
20,3626
9,5295
8,0647
26,1787
32,3434
47,8878
16,5187
11,8746
20,2504
22,6080
28,7645
18,1201
9,4034
21,0649
3,3327
6,5143
20,5397
26,6154
22,3849
12,0860
13,1452
35,3939
21,9143
18,5310
9,7464
40,5555
36,9385
41,7693
13,0685
24,3292
8,7825
24,2321
4,1956
15,5688
27,8925
25,8777
8,4780
30,1602
12,6524
24,3271
10,9487
14,3582
11,3120
13,6556
10,7880
23,2501
14,4929
10,5889
23,8212
26,7336
33,1121
11,3957
6,8235
26,8406
5,3665
15,0844
13,5137
25,9241
15,2021
9,0371
26,4877
25,4097
54,8887
13,2651
13,7395
8,5121
14,8742
18,7043
8,5428
8,6604
15,7218
4,4599
-0,0391
25,8911
30,5772
25,2519
14,2191
15,0633
28,0206
0,0591
5,9653
46,4341
15,6211
12,1567
25,4807
28,1807
32,7715
4,8882
25,7260
14,7436
29,6660
19,5466
29,8814
15,9390
12,4781
37,8519
11,5525
11,8226
2,7549
24,4260
3,1193
12,1958
26,0551
26,3394
39,7666
42,7138
16,6295
3,0918
4,6163
13,1638
22,5345
30,4856
12,4566
17,2599
23,0079
9,2735
11,0147
10,4683
44,5629
27,4305
11,9246
21,6811
14,1611
17,8762
9,6734
19,9662
14,0188
17,9908
15,4870
28,2203
35,3617
29,2026
15,1657
1,8692
8,7297
16,4328
5,8171
22,5831
7,5630
5,3274
43,7624
51,4974
34,7525
36,1781
13,5997
9,3310
15,6001
17,1736
30,4324
-2,1950
26,3850
40,3500
37,5277
18,3496
11,8568
2,1700
24,3115
20,0365
18,5204
11,1573
17,0708
34,7824
28,5768
12,4174
3,5813
13,9429
23,1225
19,1514
7,3793
20,6738
27,4639
35,8314
53,0106
11,3519
11,7692
16,1562
27,2292
16,2334
15,8032
27,3434
18,6857
14,3857
23,5391
15,0717
33,5713
9,0840
14,0969
7,1947
15,1723
10,0259
7,9182
22,4832
15,1185
21,9606
31,1340
0,7790
11,1315
10,4818
19,4374
23,3475
10,4156
1,0688
7,7857
28,3861
2,9125
14,2924
10,2611
-1,2097
7,4018
2,1270
26,6310
20,4708
10,9729
16,3701
18,4168
14,4707
11,2148
27,6906
19,2452
15,1911
15,7948
42,0684
5,8586
16,1920
28,7261
-1,3989
21,4300
8,6249
11,1847
22,2787
19,0766
14,5852
6,5551
25,1520
13,9901
7,6085
14,4653
19,7708
7,6387
10,1873
30,2374
6,6034
13,8077
9,9283
26,1100
19,7489
13,6910
18,1999
19,2160
22,0946
4,8811
12,8698
16,1363
1,7038
38,0677
23,5463
19,7659
17,2616
15,9713
25,4536
16,2216
15,9123
18,7436
20,5297
18,9967
18,5849
59,7446
22,7102
6,6738
51,4100
24,4843
6,8428
14,9383
12,4495
27,2125
20,5732
19,8218
17,6332
21,5034
28,2617
24,7377
12,9992
5,4870
28,1501
17,8328
46,6574
9,2028
25,2117
10,2665
36,1688
19,7276
14,5560
6,7320
18,1552
27,1508
18,9859
17,3171
10,1087
-0,8438
8,8472
39,2884
10,9748
18,1792
19,5096
3,8020
7,2846
38,9837
10,3549
8,4450
13,8842
29,4501
19,6432
6,8466
15,5200
26,3239
18,4552
9,9251
5,8903
13,6456
7,1072
13,3856
1,7114
15,7218
24,8868
-1,2249
23,9276
9,2686
17,1118
21,3076
42,4753
29,2326
-2,9137
24,9557
13,1463
33,4147
9,8776
31,8325
3,6141
8,0402
1,5465
27,7854
12,6774
21,9896
1,3630
13,1111
15,9860
9,4731
24,2468
3,3646
8,8899
16,0287
18,3875
6,6355
7,7761
13,7328
8,0518
15,1619
44,2949
12,0806
21,9191
23,5599
27,8047
6,8474
20,8534
11,4228
28,9685
18,7038
10,9765
32,9034
15,4859
16,6168
34,6935
9,0181
22,1403
16,2437
21,1256
22,8762
10,3384
25,2283
14,4260
16,2250
19,2777
5,9777
25,8926
13,6171
6,9018
11,9733
-0,3676
-3,8801
14,3662
7,1182
28,7290
21,5660
6,4947
18,3910
14,2581
35,0692
14,3621
8,5738
15,1346
24,5975
13,3381
16,8058
24,8278
14,2901
17,2088
23,1897
20,9658
28,6558
15,6396
5,5562
9,4488
4,9022
14,8825
9,1709
42,5006
26,0436
6,4742
19,6655
35,5989
5,8730
7,4848
6,5343
11,2903
14,4529
13,6496
24,9769
35,6686
4,3236
21,3862
19,9767
7,0208
19,4552
3,6391
12,0368
28,6375
-2,2276
26,7118
14,0411
21,2182
8,4523
-1,0159
12,4188
15,2695
-1,3696
11,8117
42,5492
30,5039
34,3371
8,5754
10,4654
14,8649
18,4414
4,1491
39,2419
21,8354
20,9478
21,6707
24,6736
17,9164
24,0520
17,1298
16,7289
36,1152
27,1919
12,7913
11,2847
23,0778
20,4146
15,8331
22,5282
22,1983
12,2071
19,0184
20,9039
8,1442
30,2226
15,3396
20,3281
30,8989
1,5872
7,9008
2,4834
24,9293
44,1898
16,9653
31,2880
16,5373
24,7359
21,5589
13,1325
12,4117
24,5732
13,4293
17,5643
7,4041
19,8858
16,7497
13,0401
21,1886
24,9336
26,8706
32,0649
27,9250
5,0666
26,3266
7,8592
23,2912
14,8786
27,8319
26,7243
19,2850
1,4397
23,8277
29,9603
26,8563
26,3376
9,5145
19,8488
-3,4681
22,9525
25,5070
18,5180
26,2390
7,5877
27,3205
16,8938
21,4628
29,1659
39,5400
10,0436
8,0246
17,4201
17,5957
22,9961
12,0685
14,1553
19,4523
14,1423
10,4855
13,8726
35,7411
13,5814
5,3893
22,2821
27,7686
8,1474
13,5228
8,3470
2,2248
-2,9077
17,9789
11,6317
6,4244
24,5827
22,0752
42,7624
7,7291
13,1760
22,8710
38,3838
9,9162
13,5275
0,3606
22,8236
17,4728
12,8844
0,1566
35,9204
18,7127
26,1841
30,5481
8,5892
27,8455
3,0816
17,2388
1,3102
22,0018
18,5401
14,7562
12,6379
20,9381
26,2630
22,1404
18,8783
6,8871
11,0644
13,8078
17,3276
16,2206
-2,5870
9,1731
17,4354
7,3020
11,2751
-0,5152
18,7374
26,2307
1,5521
20,4244
10,3026
35,8047
28,1929
8,3461
2,9657
5,6871
34,6876
18,3115
15,8875
14,4598
16,0375
3,7896
23,9929
31,4205
23,9629
19,7319
27,9835
31,1270
5,5971
28,7632
11,5800
14,2329
16,9018
14,0814
28,3524
14,0981
28,6547
14,1953
28,4569
15,2291
18,1222
11,2539
17,5419
16,3243
16,4562
5,4265
34,6049
13,4838
-12,3528
28,4520
27,8697
13,3604
6,3235
17,9365
13,1698
25,8087
10,5090
22,8372
13,2962
32,6154
20,5059
28,4028
29,6090
16,6892
16,6351
4,5240
16,2567
16,3129
28,4979
10,5508
50,9310
12,9902
21,5084
10,0936
8,7497
12,7196
26,1524
10,4362
31,7325
28,3173
19,0425
21,4398
17,6214
18,5903
19,6213
18,9696
8,2852
16,7466
6,5618
37,8536
13,6155
12,6393
12,6460
28,9574
36,8240
4,2458
28,7571
28,0968
23,2408
-2,0490
19,1018
10,4477
33,7762
12,8930
17,7369
29,2601
30,6128
14,7042
28,9318
1,9776
8,7655
28,9756
14,2026
12,4774
20,0144
44,1878
8,0103
-12,4421
28,3683
18,4043
7,4590
13,4658
13,5969
12,9232
20,5637
29,6380
16,5827
22,6071
17,9553
6,8111
15,2178
9,9512
20,3446
22,4387
15,9676
12,8548
10,2822
15,4228
4,0363
32,4737
17,1215
15,2307
14,9230
-0,7439
31,0626
15,3506
-1,3514
11,8937
27,1439
30,0826
12,0587
24,8655
9,6333
10,4893
22,8744
21,3068
10,5038
31,5181
11,0699
22,4340
-2,3917
44,6793
9,7060
19,4151
15,6155
15,3053
9,0503
12,9421
-3,8267
10,5205
30,9127
19,9800
21,6368
15,1378
4,6172
7,8466
-1,5711
18,7647
17,5341
8,3898
16,0385
-2,8146
-4,9387
35,5699
27,2340
17,3789
37,4004
13,2233
10,2315
1,5582
46,5650
28,3465
25,7978
27,6407
-0,3602
8,5656
17,4957
16,8976
28,0265
15,6575
27,3978
29,7236
23,6468
4,6009
7,7301
21,2489
21,6191
7,5217
14,4262
8,5791
29,3137
11,4308
19,7685
33,9611
20,0780
13,6162
13,2426
5,1082
24,5373
14,3789
30,6608
14,8345
12,1643
8,8684
15,0641
17,9432
26,0158
10,6744
5,3290
16,7014
-4,9014
24,5211
18,3348
22,7971
-2,9451
27,9499
17,4462
2,1771
25,4792
32,2564
8,0616
37,6480
15,6579
11,5528
17,8579
11,4558
46,2153
1,4100
7,4130
22,0251
13,5124
9,9706
-2,4081
21,9206
14,8715
29,4274
16,8541
0,7866
13,5519
38,3054
4,1853
12,9821
6,9677
20,6837
30,0429
22,3803
15,7105
18,3666
13,2696
-0,6639
17,2241
24,8136
25,3136
-2,5987
12,4222
12,5002
15,0604
9,9955
15,8969
27,5918
10,5791
-3,5356
14,2016
20,2763
25,1158
31,3406
27,8803
13,5977
17,9547
49,8681
14,3594
17,0973
24,4883
40,2402
5,7098
15,3010
28,7525
13,1152
13,4058
20,1355
16,1884
18,4787
19,5258
0,8617
10,0748
7,6142
32,4858
8,9398
15,9030
13,7584
31,2179
22,8531
19,7826
14,5010
18,2137
12,6369
24,7098
12,8498
3,7080
9,4016
20,1179
17,3200
20,2939
29,8344
0,4502
21,9851
12,8818
11,9645
39,0222
25,7081
43,1706
21,9305
10,6006
14,9094
15,2146
31,1174
15,9932
7,7640
9,7104
22,6427
5,1463
23,5438
10,2272
22,8118
6,0915
21,3980
23,1962
22,1533
7,2973
15,9065
5,2128
17,9360
24,2476
9,2976
11,9318
20,5913
12,2648
8,0126
11,6009
24,8526
3,9523
26,8432
12,3973
1,6775
9,4822
19,8819
38,4108
26,3757
9,3686
1,3038
13,9425
1,8844
16,3449
7,2939
19,2754
32,1017
26,5237
8,4733
27,8973
8,3629
40,2539
18,9546
-1,7233
21,7844
22,8489
14,0099
25,0655
2,5252
9,4398
11,1217
21,6472
23,6743
8,7581
16,4084
9,7052
-3,1071
8,2908
4,0165
5,2027
5,1492
9,3436
43,3142
4,9258
17,3856
-0,4521
2,4505
12,0676
30,7753
16,5429
11,9426
9,5471
36,9309
6,4957
29,9280
10,8387
29,0342
14,7350
50,3123
25,6887
23,4866
20,4135
20,0830
-5,9022
3,5220
10,5643
13,2144
0,2776
8,1982
9,4779
5,9523
20,9918
30,5155
13,5648
0,3253
26,6517
22,3078
19,2023
18,3335
2,9559
16,3799
13,6433
46,4182
4,5038
13,9974
10,5063
13,9595
16,0810
19,9072
8,2521
4,8181
30,6344
10,3508
48,6671
22,2749
4,8269
50,2864
28,1522
16,7665
11,8843
21,3900
10,0404
20,4956
14,1147
37,0942
18,2703
18,7888
16,6502
-3,3154
5,8494
3,0749
28,8855
8,4863
14,3192
11,5871
23,8751
23,9090
6,3370
20,7593
11,7705
14,6790
20,3699
7,5521
22,6901
24,7123
9,5041
18,0147
14,1182
19,7453
-16,7957
22,4996
10,0224
12,2182
20,8106
26,3516
8,4834
10,6077
11,8183
23,2616
8,5136
29,4757
3,6526
29,6698
20,3636
12,7482
15,7744
6,3398
24,1077
13,4934
17,1893
17,8528
14,6263
6,5094
11,3324
14,6520
14,3646
36,8661
21,2345
4,4903
16,1560
15,2272
19,1687
11,0274
23,8004
21,8933
37,3962
21,5618
0,5885
13,5049
9,8385
14,0562
24,3706
8,8630
29,4795
13,9600
6,0393
21,0150
19,3166
8,6150
23,8321
14,5759
11,1682
-1,2386
25,5026
32,3495
21,7284
15,6282
9,8085
29,1792
25,5349
18,8270
12,7451
39,7184
37,2499
6,4045
-2,5141
16,1698
19,7510
-3,7636
27,4522
1,9509
15,2705
12,6853
24,5331
0,3312
30,5738
13,1109
31,7026
1,1648
13,6165
3,0336
23,8257
61,1838
15,9059
20,8589
9,7336
11,3699
19,9226
27,3958
31,1060
-4,4425
6,2342
14,3151
13,4412
21,6232
22,9511
34,7760
15,2417
8,8650
18,0580
25,2759
19,2359
20,3884
19,2097
32,2309
31,3446
11,1886
19,1390
17,5278
23,1575
36,0031
14,5030
29,4343
19,4569
40,2175
11,4275
4,1436
15,2624
7,8562
7,3474
34,2204
18,9376
5,4582
48,6003
15,2403
21,5503
11,3381
20,4411
26,3489
19,8320
22,4118
7,8992
28,3677
19,9301
1,4446
21,9106
13,9591
31,2619
29,0140
13,1794
2,8517
8,4242
6,9573
20,0854
53,5161
13,4763
39,0204
14,7777
6,8307
19,9543
20,0259
31,4248
27,0171
15,7058
8,7501
-0,4261
19,1540
36,9280
10,5991
30,3663
20,3736
10,5572
17,5892
15,6165
11,4044
32,7795
30,9542
5,6486
37,4447
30,9803
4,2624
38,3729
27,8691
33,9426
12,7151
25,9017
25,8154
28,3428
30,4864
26,8754
8,6063
11,9391
18,0699
22,6382
16,3684
23,4219
26,2316
45,0823
2,2734
18,8510
22,1365
27,8356
12,6742
18,1089
5,3272
25,7028
23,7637
15,9079
14,7251
13,8113
21,5781
40,5884
19,7736
21,4895
17,8884
18,3109
16,6512
28,4258
16,8705
22,6218
7,1766
12,6183
23,9157
22,4882
40,2300
21,9461
7,3071
30,4264
37,3294
7,0043
66,7186
22,5125
12,8688
5,8635
29,4593
18,0154
27,8489
40,8817
15,4955
2,8335
27,4690
-2,5511
20,7310
30,1194
21,6611
21,1389
51,2954
17,8216
15,8780
11,7622
5,5927
-0,3629
19,5729
13,3099
27,6459
17,7156
34,7719
21,3426
28,7692
25,7350
15,3756
16,5479
9,5490
18,0778
16,8842
15,9261
27,1764
11,1446
16,2866
12,0004
11,4180
29,4552
15,5243
9,8563
57,3003
14,7767
24,0449
20,0098
25,6575
29,4329
26,7830
15,0761
8,9240
13,0316
36,5351
6,2279
17,6495
39,4450
25,2205
12,7890
25,6850
38,7709
25,9863
24,4894
-0,8456
15,8006
10,3484
19,4008
24,8566
1,7721
21,0308
31,8385
5,9912
-0,7082
14,4204
28,5322
22,2240
17,7155
10,6616
32,3645
22,9538
13,8864
20,5770
8,5109
19,1918
8,4321
18,9414
20,9123
27,7096
41,0527
34,4943
-0,3850
26,7005
15,1027
-0,0047
17,3712
9,9107
37,1526
23,1217
21,2062
8,6388
15,4776
3,9105
12,6200
10,9284
9,2526
51,3412
25,7092
12,0476
24,5088
24,7214
18,5450
23,0926
-1,1932
16,9461
23,7681
6,5647
15,1350
0,9885
45,7455
17,2705
11,4973
14,6717
9,9443
14,4054
21,5116
24,3838
27,4087
37,0406
-0,2355
17,7200
12,4900
11,1330
28,3958
18,0214
15,9129
1,4722
22,7481
-0,6189
19,1870
24,6331
21,4036
4,5495
14,6941
38,2326
16,1406
32,4296
2,9226
14,4551
22,2022
9,2019
35,0250
5,3014
15,5681
16,1329
19,1115
20,3761
21,1648
7,1096
20,5927
21,2300
-6,0328
30,7577
31,6916
21,0163
19,9487
11,1889
28,1520
8,5592
28,4623
20,0044
22,7741
17,8680
22,5096
27,2211
32,4206
22,4901
12,1002
23,9623
10,1115
31,6807
28,8369
21,6395
23,7594
18,6259
20,5626
38,9785
20,6210
11,4952
28,0798
31,0851
34,7338
13,9080
23,0303
8,3088
9,6168
36,3396
12,1722
26,5367
17,3813
18,9960
25,5872
20,7338
21,6512
43,6545
29,4871
27,2183
11,5720
51,6587
16,2597
19,0925
11,2146
16,9986
31,2494
15,5651
12,2291
28,5115
25,3163
23,9333
-3,4539
52,5588
19,8930
16,9494
1,7865
23,5247
13,3778
10,9516
-3,5467
22,4237
17,9461
41,5461
13,2592
18,3123
1,0951
6,4098
24,8240
14,2314
6,6811
21,3866
27,5216
24,3986
24,7516
12,9106
22,5071
8,0020
17,9317
28,5756
34,2733
15,6745
23,5308
5,5905
4,0180
22,5725
28,1745
7,7455
37,0191
13,3825
0,2140
-4,9893
13,9057
41,4312
15,0284
4,8529
10,7422
8,1854
26,2418
27,5718
9,6673
8,5399
2,9458
11,7682
21,9939
4,5445
9,9029
18,1490
21,0460
39,9708
20,0209
21,0046
20,2297
10,0457
27,6173
15,7235
16,4748
18,0480
11,7320
8,8589
10,9063
19,2574
21,8890
12,1933
29,7597
13,6521
25,6623
16,8433
37,1012
33,7343
14,2229
23,0634
1,1795
16,7226
10,0899
17,3778
9,1454
30,4292
29,1147
36,8491
29,7358
26,5273
10,5477
25,1967
37,1655
25,2517
24,4949
34,9286
7,0007
11,0671
7,7266
11,7267
13,0252
23,8066
29,2176
18,0862
14,0977
22,0921
22,7726
6,5678
25,1965
6,3855
12,5006
8,7744
24,6913
16,1179
12,5162
10,2451
8,9612
32,2160
26,6336
25,8612
24,5277
39,3347
0,1045
18,4523
18,1327
-11,7442
21,7485
26,0307
16,0456
20,3611
18,6272
18,7219
19,4834
10,9205
18,1421
16,3604
16,7977
22,0672
31,5332
8,7210
2,5250
17,3550
8,5062
8,9057
10,0763
20,0331
0,1578
36,4985
12,9705
11,1739
10,1171
17,4241
61,4487
9,9378
20,8949
14,7585
19,9961
8,0184
25,8300
32,3491
36,1025
54,3460
40,4949
15,4370
12,2937
8,5594
12,6074
4,9695
13,5996
7,5427
29,1238
28,5298
13,2660
21,6881
20,9749
17,1591
25,9679
10,3853
25,3459
17,2918
7,9501
10,9659
9,3279
19,6123
28,5181
5,3604
22,9481
6,0308
-5,1483
33,5874
22,0714
17,6766
22,2497
10,9029
15,6621
19,8236
73,1176
34,1962
41,1230
6,9668
28,6004
-3,3442
13,4517
37,4560
13,5956
31,3483
13,8745
21,9978
16,1824
8,6347
10,0833
18,0004
22,8480
14,4130
16,1055
12,8395
20,9095
27,2945
31,6647
31,5263
22,1661
9,8006
17,5663
1,5753
19,6085
9,0103
8,7419
22,5036
12,0221
17,6998
4,9650
9,4717
31,3372
37,5316
7,4151
41,0596
16,9042
22,4475
18,8419
11,0980
28,0978
30,9066
5,0212
15,7846
44,8812
15,7151
-4,2370
1,0871
13,3052
44,0344
40,9494
3,8714
9,7188
28,8781
19,5961
18,6369
28,6337
10,2616
34,8609
16,0065
11,6827
-8,3721
26,8690
48,6928
28,7064
9,2103
22,3375
21,6840
15,3484
27,5702
8,3301
24,7870
11,5510
7,6918
17,2362
21,1795
6,7766
29,5035
6,1809
9,3429
30,5303
16,0338
19,9308
5,2511
52,8846
20,9106
-3,0127
2,8897
-4,6807
12,2184
-4,2913
5,4292
10,7662
11,2938
2,8891
8,2333
60,0081
5,8435
19,3297
38,9542
24,0434
2,0470
12,7558
25,3746
5,7551
15,1534
8,9172
15,2886
9,6626
15,5975
20,9807
25,7274
34,3097
4,1884
21,3171
28,5339
6,4227
14,7473
17,4146
18,6019
13,0163
28,1031
12,7302
15,2135
13,2081
31,0570
11,9469
8,3329
5,3425
10,4276
7,2476
26,6163
13,8725
21,7504
14,6020
19,9864
20,4993
11,6294
10,3212
46,1283
12,0019
12,6199
-11,7719
3,9974
0,9015
17,9864
18,7575
27,1949
-12,7274
20,3892
9,1180
17,7707
24,0439
12,0801
-6,2550
-4,4894
30,1566
9,6930
22,5982
8,6327
-1,1916
7,6707
18,2869
39,8639
15,9658
12,3405
10,0147
15,9416
-1,2713
15,5604
30,3657
17,7913
-1,9184
10,3091
5,6161
22,3706
21,1366
12,2410
13,0341
5,9342
10,0030
18,8447
32,1570
18,3052
8,4632
10,8905
3,0900
13,0378
26,9006
7,8973
14,3350
19,5662
13,6244
14,2918
17,7713
7,1275
12,7460
25,3983
4,2957
18,3730
8,7376
-1,0292
25,6604
44,0090
24,7285
19,4114
17,0840
65,8475
22,2666
18,1835
27,0645
4,4361
5,2316
14,1423
-5,1222
17,6655
25,5647
28,7248
25,1393
34,4054
75,4984
20,6935
-5,0721
11,3369
12,7346
9,6318
19,6229
27,2300
7,6824
31,6925
18,0770
5,5727
-1,2071
16,8331
39,7010
8,9009
17,6055
30,0169
29,0066
11,8859
8,6303
19,5175
26,3290
25,4447
10,5320
23,5482
19,3223
43,2251
19,1941
22,4932
37,6472
17,9062
68,3369
13,3180
16,3426
11,6186
14,9904
-4,0922
29,0448
8,5387
5,8816
6,1977
11,3449
42,7013
16,9868
27,2213
30,4753
3,6534
21,4332
0,5355
12,2947
2,9948
34,8115
24,3579
11,1425
16,6425
22,4362
14,1862
17,1127
44,8921
8,8253
14,4631
16,3839
33,4881
24,6507
11,5134
17,4086
11,9023
1,9158
26,2134
8,1999
13,8432
25,4517
19,3304
18,2288
12,6110
30,6556
23,3417
9,3031
18,5499
6,7894
3,6105
5,4371
20,3995
21,0874
-0,9429
20,0893
73,1349
15,3363
23,8594
30,2347
34,1043
42,4597
10,1232
15,7301
17,0620
15,3212
18,2991
31,3067
18,3341
-6,3978
15,5454
27,8879
8,3394
27,0597
11,8943
11,9328
19,6817
21,2323
21,7567
32,7863
11,2914
16,2544
27,3840
47,2744
14,5922
27,1853
20,9765
16,7420
10,4042
10,4206
7,6235
9,8912
-0,0586
19,7798
22,5081
15,8997
1,7368
11,8194
21,8056
22,8021
12,2557
5,0252
22,8598
10,3050
5,9026
43,0466
13,4817
29,1096
21,4553
-0,3212
20,8679
26,1174
8,5116
15,8598
41,6241
23,4916
11,5154
24,3016
4,8984
33,0179
36,2125
18,8629
19,0973
32,2744
11,3727
25,7563
16,6787
2,4282
19,6169
8,8169
-8,4084
18,2484
2,7323
37,3683
35,2049
14,3574
19,8169
7,3147
7,5312
9,7026
14,5677
13,4926
13,2603
2,5430
10,1057
3,4527
9,7261
22,2463
14,6616
12,7682
-15,0698
26,8123
11,1540
2,1788
9,5755
8,6728
29,6102
15,5508
19,2883
17,3105
2,3291
6,9667
16,0639
18,4200
6,9206
19,1333
14,7856
14,1216
35,1072
26,2012
12,6107
6,2124
28,1100
12,1981
14,3673
12,6978
29,3486
18,9115
6,5638
12,8066
34,5422
25,3704
19,0610
19,0456
35,8782
7,1962
14,8317
25,8968
19,7056
15,2058
10,7362
17,4481
16,7012
7,5657
3,0279
2,7738
4,1860
16,2617
9,8745
21,7524
11,5006
6,1847
41,2471
24,7624
16,0825
20,0866
21,5405
25,1428
20,2077
17,7128
18,4793
21,4044
-1,7034
3,7546
20,9119
11,8129
5,8856
28,3057
25,4080
24,3787
25,1988
6,2616
17,6145
20,9002
5,2834
4,9663
14,7218
25,3433
9,2302
14,3242
20,3218
21,0597
10,8062
25,6722
5,8072
22,4611
15,7182
26,8262
19,4785
16,8700
13,6234
11,2502
18,4868
15,3161
17,1394
6,9300
10,8445
24,6984
20,1605
25,1735
23,9891
12,0301
25,8225
35,4292
-3,5517
37,1481
17,3040
6,8765
-2,5016
21,7895
41,9949
6,3749
24,6762
2,4677
16,5550
0,4470
11,3006
41,9224
21,5231
23,7753
28,2706
20,6881
12,6142
15,4572
20,5550
18,4548
8,6849
14,5756
-0,4255
10,0104
2,3553
17,1084
4,8737
20,3505
10,7042
18,3825
15,3779
28,8604
10,4816
15,4263
6,6115
30,0736
18,1301
8,1545
25,7648
10,0105
19,9654
18,5568
14,3166
8,5359
29,3282
6,5207
19,5661
16,0578
34,3117
11,3824
26,3505
12,5579
18,9864
2,2448
37,8975
9,2936
14,5764
16,7641
31,5244
12,2062
19,8096
9,5399
35,5619
6,6893
15,1396
22,2262
29,2160
40,5650
39,6630
11,1124
7,8856
26,0275
-9,7478
13,0796
3,4552
25,7780
17,8714
8,6565
37,0749
16,6668
9,9455
3,4555
22,4271
24,4321
10,4041
4,4882
21,7306
30,5930
26,2430
15,2905
32,5343
11,7184
2,5952
16,7696
4,6886
19,4663
10,5333
35,0531
4,4410
7,6142
21,2063
23,8026
6,7754
15,2621
5,7842
13,2509
15,7989
23,0273
17,7367
15,1988
18,0656
25,2398
12,6126
29,3896
27,8022
6,9354
-0,1028
15,4218
19,5236
8,5197
11,9594
14,9829
17,8793
12,8367
17,4899
19,8294
27,3362
21,5029
7,7424
19,2470
14,6702
10,7168
-1,2535
11,4715
16,0912
18,1205
12,6619
5,0654
8,5881
25,3992
18,2576
21,6424
17,7046
9,6992
23,0070
23,5869
19,8953
36,6800
11,7027
21,9710
17,8948
25,2687
21,6968
17,4545
16,6291
5,7838
21,4525
19,9355
9,0304
22,4000
12,2266
11,9463
8,6375
16,9224
12,7003
12,8241
9,3623
23,6483
15,9323
1,1533
38,6459
26,1756
20,6408
10,5666
13,0144
15,3979
27,4036
23,4556
14,0801
10,7111
17,1196
22,3053
-1,2621
2,2463
34,8750
9,7927
20,6519
22,0996
14,3538
8,9939
29,4559
17,0646
14,7561
6,8878
12,7114
26,0489
42,9521
13,8390
17,8586
25,8447
18,0351
18,7002
4,6772
21,8970
19,6948
17,3246
15,8365
38,8598
7,1957
32,0696
18,9685
30,6815
13,5383
6,5883
0,3640
21,8707
-2,5047
33,5562
1,3503
20,6443
13,3436
-2,8078
12,6995
28,9563
23,9668
12,7212
11,7952
5,4701
24,4254
15,8140
21,1097
17,1507
3,8894
5,2548
15,4455
16,0781
15,6142
26,3522
10,3141
-5,2174
6,3357
21,9303
54,9952
35,5125
8,6101
36,1849
31,4367
24,7308
23,4445
5,4364
-0,5915
14,2064
16,1534
15,1388
20,7226
15,4507
16,0183
18,2843
41,4622
7,4179
15,6348
28,3570
39,4707
5,4669
14,1111
13,2215
13,6335
14,8733
29,3363
1,3829
3,6687
10,5306
16,4611
32,8672
-11,7492
27,8494
9,8766
-5,0699
27,1883
18,9573
15,0058
31,3840
20,1531
12,4395
5,6596
8,5996
24,1519
9,2858
44,3144
16,5823
17,1036
10,4249
15,0181
10,5320
6,3019
27,9337
24,9352
32,7197
30,1986
31,2204
-4,4609
11,5606
19,1116
28,1325
35,8907
18,0576
4,4389
14,5788
8,0074
12,8262
29,8256
29,9560
26,9032
5,1671
13,7185
19,4442
15,7924
31,2867
31,6913
7,0779
28,9454
47,6064
-0,5369
7,2813
37,3918
19,7814
15,0218
11,3519
20,5684
21,2543
20,4734
29,6850
27,0247
12,5489
18,3509
6,3394
55,6275
16,5109
18,3605
22,6899
1,0132
8,7821
24,8364
43,7502
6,9668
24,3137
23,0678
7,7236
20,9350
16,1858
22,7444
15,1802
-5,7719
29,6492
18,2998
8,9512
6,6500
8,6201
29,4696
3,6140
13,6407
8,3820
13,1672
16,4306
27,3965
34,8723
4,5455
21,6604
4,7279
34,2585
15,6961
0,9027
12,6874
27,2745
24,4529
23,0347
-1,8281
14,9363
36,9655
20,0107
8,5324
11,0592
18,8108
9,5655
37,2145
8,9542
16,4911
5,6183
25,5701
39,5706
11,9493
27,9162
12,1357
14,2420
12,9510
24,0408
1,7814
13,1003
15,1710
25,1066
9,7435
19,1373
20,3694
17,0004
5,2500
12,9117
24,5623
19,6479
10,2717
39,3788
7,4384
7,5437
37,2434
15,8556
15,0193
9,8988
10,4740
16,8411
38,9062
6,1601
17,1049
11,3235
13,7578
12,7813
0,0460
14,3770
10,5270
14,6970
22,1508
16,1893
10,0634
1,9477
12,7001
16,3306
15,8817
18,1586
17,8870
3,1917
17,2000
19,4321
23,3643
28,1036
6,3046
13,3595
16,1302
20,6724
22,4609
7,5011
19,3793
33,7464
16,0855
13,3914
42,7333
11,7393
6,9669
25,3305
13,2161
19,3113
21,4895
18,0135
20,1201
9,8861
10,9245
2,5940
5,6458
-1,0343
19,3340
8,0036
13,6706
34,9756
11,3456
12,5426
17,9175
7,4079
18,1032
16,6410
3,1669
13,7523
4,4066
20,3317
1,4647
19,3518
15,7258
40,7787
10,1676
34,9705
17,2867
23,6844
13,5259
22,2205
27,4830
20,4291
36,0968
-10,0027
-5,9997
9,1170
4,6750
23,6980
19,5994
10,7076
35,7914
13,2963
25,8284
16,6357
19,3497
0,8205
11,8839
29,2660
6,4225
11,8709
13,8786
20,0106
24,6063
19,5059
9,7454
19,6581
8,3184
8,3489
3,4679
4,5364
14,0194
24,4245
34,6715
9,1701
6,8714
20,3074
8,9924
16,6635
19,8360
11,4799
-0,5530
18,6938
19,4298
10,4373
12,8099
17,0307
12,4881
13,4853
15,9463
21,0107
-4,0618
19,1936
14,6139
-1,3376
6,7083
37,4763
13,5412
19,7957
12,5933
15,6318
17,2083
8,1733
17,7046
9,0907
19,5220
20,3026
20,9516
13,2380
9,3954
42,1630
28,8299
21,7525
14,6581
20,3799
11,9068
26,2648
22,3344
32,1190
13,8427
11,2659
-0,5733
23,2068
25,8106
17,8340
13,9787
0,2172
25,5888
5,0264
2,0618
9,2299
16,9502
6,9125
12,2422
30,5865
35,9686
21,7927
-0,7972
26,6205
12,8098
12,3421
24,8594
2,3751
21,8556
20,4336
15,1232
22,9675
10,1103
20,8262
9,8575
6,1317
3,6089
5,0135
9,0396
23,1456
3,1593
32,3982
14,3801
15,4725
24,0288
1,5287
6,6756
21,2486
22,2052
39,9198
8,9538
19,5966
17,2844
26,2582
20,6260
14,0567
21,8970
15,7306
15,2132
6,2002
1,4407
21,2481
25,5082
24,2664
27,8930
18,1174
10,8097
3,2868
59,2151
17,1730
25,5350
12,2609
-0,1447
19,4275
8,8263
24,3811
67,4826
12,8027
14,3918
23,4135
11,2312
12,8889
27,9471
18,6716
11,1922
13,6792
4,3761
-16,9458
8,2643
8,9997
21,7294
24,4849
5,4454
18,8526
36,9405
13,1382
21,3343
22,6766
8,9929
21,7711
30,3895
20,2464
29,7314
9,1435
2,3694
29,3844
14,4656
14,8928
23,7587
2,2465
9,5342
35,6071
21,9404
4,1662
12,9926
2,7734
9,2775
7,7911
34,0613
13,2646
15,9917
14,8793
29,6162
-2,4865
14,9994
32,6536
21,6477
11,9080
12,7746
19,4368
9,1668
15,2260
25,4240
18,5297
23,4887
14,9183
32,9514
31,8940
23,9230
18,3982
16,9738
16,1370
11,5699
17,7606
22,0926
19,1819
12,5451
30,2767
18,5832
17,0655
17,2724
15,2837
8,8719
7,0658
25,2691
25,9620
8,1834
7,4006
14,1739
10,2870
25,2408
10,8751
1,6640
11,6801
4,3134
36,8771
15,2103
14,6536
11,2916
11,8438
6,5347
11,3661
12,4554
15,7087
20,4961
13,8675
21,2640
24,1681
25,8707
22,7682
22,1471
19,8927
18,5810
11,4021
15,5374
27,9929
22,6976
29,6422
12,4460
14,0020
19,4747
9,0147
31,8703
21,5998
-5,6188
18,4623
15,1633
4,7757
12,9568
13,8853
11,9479
23,0437
6,9355
5,2728
51,5596
15,1919
13,4975
26,7409
12,5773
27,5521
17,2731
32,7801
14,6950
10,6707
11,7880
18,7894
20,1730
20,6260
17,1472
13,1998
11,5113
10,1464
9,8332
20,4324
13,6452
15,1534
12,7079
19,3626
13,5124
11,7090
14,5093
33,5882
19,2343
1,7462
23,5592
29,1433
15,0726
13,0830
14,3004
5,8295
15,4400
26,9344
18,0439
12,2509
18,7257
18,6029
22,6083
25,5320
12,5067
10,0687
22,8067
21,4266
24,6196
18,0153
10,4829
13,8154
10,3320
-0,1740
4,5578
10,1627
6,3191
5,8585
19,4364
48,3008
22,3691
5,5533
8,7741
21,8011
20,0511
13,4094
10,6705
8,5450
17,9614
24,3151
17,8268
14,6722
23,8522
8,5848
36,1116
-4,9898
29,6366
21,4934
19,9676
17,0512
34,4236
26,7370
9,3918
24,2199
13,7195
18,2605
20,1878
16,3262
24,9440
17,9214
18,5043
19,9482
12,2022
12,3174
6,7981
25,2235
30,8652
23,8668
15,9450
37,2987
16,9814
5,9026
21,7628
23,9963
18,4908
15,6482
23,3541
19,1418
5,7327
12,0094
6,0908
21,2520
36,5105
21,9056
9,0475
24,5024
21,7619
26,8538
1,5988
10,5299
20,2921
28,2594
24,1547
5,6802
9,6449
12,9544
1,0822
24,1865
11,1903
22,0879
15,1828
18,4365
3,4443
12,9217
32,1196
-0,3335
-5,8575
15,5382
29,3342
11,2051
21,8798
28,3494
4,9681
30,5601
12,1402
44,7554
34,8883
1,0214
5,8123
12,5485
32,0811
13,3713
26,3173
15,8530
16,6553
29,3242
24,3752
-14,1832
19,4691
12,1871
19,0186
29,7705
21,1613
23,2967
24,5402
9,1374
16,2593
35,9506
42,3890
34,8071
31,1963
17,7375
32,9706
18,9086
12,4934
21,1471
7,0859
10,1438
15,2839
19,4711
44,0047
-0,8641
24,0048
27,3011
9,3535
34,9343
27,5613
22,5465
30,3687
7,5465
11,0863
11,8542
34,1167
13,7030
9,2421
40,5623
10,2108
28,6168
38,7139
11,7149
7,6280
20,7193
20,4839
-4,9973
19,8890
22,3325
14,5857
10,4713
2,8869
14,7413
32,2256
20,1859
1,3061
8,4631
13,4995
13,3153
20,8295
19,8232
17,5534
25,3754
7,5381
32,0067
8,2372
58,6320
7,1838
23,0356
21,3392
25,3325
24,0310
6,4880
23,6797
31,8247
25,1607
20,2026
23,1522
13,8982
37,4811
19,7168
26,2884
18,1946
18,4156
25,3565
15,9022
2,1255
19,2697
14,7554
26,5584
37,0151
-5,8958
17,7932
21,5997
4,0641
16,8862
17,0180
31,5930
18,8668
8,8799
11,8096
16,9776
11,2715
34,0063
8,3512
30,0298
13,3726
27,3259
23,0240
39,4769
11,6324
5,5556
21,3283
21,8360
14,1925
30,6050
25,3679
15,4321
18,7860
26,0571
18,7101
22,0107
9,9345
20,6234
26,6553
11,4205
18,8491
20,4471
45,0146
9,7213
22,0546
27,4936
23,3790
26,0877
-0,7721
30,9032
22,0168
28,2971
31,8693
27,1736
10,8757
14,2040
17,0411
20,8516
20,4124
17,6709
51,0643
4,3857
13,3382
7,8159
27,3267
10,4002
23,7736
18,5994
18,4467
4,7566
27,0036
20,0856
45,3767
37,2122
7,4065
6,6256
19,2879
11,9761
12,6851
24,3221
13,8384
11,1552
6,6408
20,3124
26,4033
29,7351
20,6371
15,1869
15,0046
16,8223
13,2243
12,9668
28,5825
23,5589
38,5432
6,4894
10,3106
13,2577
6,8564
6,5060
16,9962
13,2491
30,0790
27,8719
18,2997
9,4943
15,9104
29,1749
6,7176
13,4408
12,4578
11,8864
70,2476
21,4573
24,9793
22,0073
16,2580
22,3153
10,9324
5,7123
41,0038
13,4059
15,0996
27,8777
12,5050
20,6467
13,8084
12,7880
16,4004
11,1152
21,4415
19,3417
37,9612
10,4087
14,7868
21,5841
27,0254
20,8752
30,5194
9,0849
14,6570
24,5396
32,9067
11,7149
36,9487
21,6390
11,2640
44,1544
29,2360
5,9877
11,5830
24,2012
15,1691
23,4287
12,2353
20,2668
14,1013
11,0364
19,8077
8,4617
12,8600
16,2790
8,0804
27,7659
26,3487
26,4036
24,8437
18,1598
3,6166
42,0956
40,1058
18,7417
7,5353
17,3713
22,5541
9,7911
20,2982
31,6865
37,6523
26,9934
18,7003
47,7387
5,8847
4,9665
18,8048
13,5543
13,4835
30,9589
4,0324
25,4434
19,2181
11,3306
35,8461
35,1885
17,1322
28,6019
27,0520
13,3666
5,8611
9,2242
10,4827
10,5544
-3,7772
26,1567
21,3813
22,7726
19,9028
6,7218
59,8472
25,6389
16,7758
22,3824
0,5539
34,9287
4,4851
14,3432
15,9680
38,6680
21,8272
25,6866
11,0300
10,7263
17,2776
47,2044
15,0892
22,5961
30,8158
17,0220
25,2182
26,3431
20,5939
22,1488
5,2429
20,8465
25,6723
23,5645
21,3786
6,4308
12,2223
12,5834
9,3579
8,8453
34,4457
23,3850
22,6743
23,0812
7,9553
21,7351
20,1417
13,3651
6,6290
39,2681
16,8657
24,1543
25,1531
35,9461
22,8401
9,3886
-0,7954
10,5123
12,0884
27,1730
34,5072
12,7125
12,5193
18,4464
2,1355
17,1257
11,8346
12,9530
17,0493
24,1060
9,8064
32,9022
6,2671
7,8294
38,6489
20,5103
18,2969
38,6955
28,2128
9,7344
12,6815
17,2704
26,4434
16,7115
12,5324
17,0884
32,4173
41,0036
20,8744
17,6359
27,0429
20,8749
6,4026
30,3941
13,2766
6,1924
12,7286
23,5263
4,0308
11,1877
16,3450
28,8383
2,9695
24,3824
-4,5600
27,9890
12,3550
17,1590
20,2350
-1,7165
15,4970
16,7741
26,0749
11,0742
20,8806
-0,5895
17,9215
13,6940
19,3728
25,4630
28,4172
21,4194
35,0565
24,4460
10,0547
17,9334
10,7993
29,2523
6,6464
12,7189
18,7948
14,1885
33,0938
20,5932
27,8254
38,2342
18,7027
17,2034
25,5120
21,3153
4,8209
29,6876
16,1581
33,9097
25,8795
16,0943
30,1597
21,1715
34,9987
21,6511
26,6717
21,6048
19,3379
24,7971
13,5663
15,7737
10,2462
11,6508
14,2787
-2,5402
40,2500
4,2524
8,8805
22,3147
9,2390
9,5040
15,2056
10,0155
7,4572
20,8136
1,3698
35,6356
38,6125
19,8779
82,3637
-7,4998
11,6859
16,2820
22,0908
21,4287
10,3124
17,0493
11,7480
8,3511
3,7594
11,5530
15,9632
21,0842
29,1304
21,3992
3,6719
21,6843
16,3572
20,9090
12,9104
23,5384
26,2312
18,5251
14,2546
22,3526
14,4374
10,0028
19,0200
21,9645
7,7800
-0,0336
4,9832
19,1359
31,0519
23,3783
24,0076
18,3867
27,4645
24,4403
12,8484
13,8137
11,8654
26,8775
17,6780
11,5225
18,5006
13,7063
9,2906
40,0432
30,7883
7,5383
18,7687
-7,5531
8,1769
13,0259
14,3256
4,8034
16,7238
17,8016
25,8468
20,3919
19,5948
32,6324
4,6243
21,1615
8,7198
21,9584
7,5722
17,6578
4,7467
13,2601
17,6482
23,7389
11,3079
22,1577
16,6224
14,2510
8,5928
21,2438
14,8772
16,8340
16,2084
0,6731
17,5602
19,2006
23,5139
29,1220
8,0873
20,1752
32,9133
28,1919
3,2839
9,2629
20,5487
46,8348
63,1377
10,8056
21,5151
21,8308
14,7145
9,3318
16,1615
22,6391
24,5817
18,6455
9,4338
8,4090
24,9915
21,0519
5,7848
16,7745
16,8264
5,7148
27,4066
20,2484
12,3706
0,7068
14,7502
34,0779
6,9531
10,9639
25,4143
26,8920
26,4418
20,5634
4,8542
10,3057
36,5692
39,0648
15,0744
27,4576
2,1226
21,9123
13,8517
25,0580
8,8503
1,4260
14,9974
10,8156
21,9383
28,8989
19,5628
26,2590
19,2570
27,0910
26,5485
21,1412
41,9147
12,2221
29,7670
8,8445
13,2359
8,3474
25,4747
17,1755
33,5121
42,9914
24,2831
24,2529
13,3261
21,6630
7,4659
26,5751
17,0431
25,4266
15,8130
19,5034
25,6772
22,1257
31,9198
7,3169
10,6256
25,3450
26,5222
9,5414
9,6606
1,9668
25,6530
8,1481
21,7506
12,9596
21,6787
31,1758
6,5571
18,8555
4,1059
25,1904
13,1642
16,1704
12,5639
37,8370
44,5633
11,6066
22,2461
29,1210
61,1657
13,6917
36,4825
19,0209
19,8637
25,5256
30,3729
0,8658
21,8993
16,9728
21,9623
12,0536
4,5894
7,7840
2,1216
16,3219
37,7421
25,5233
21,3325
18,5533
5,9269
12,5160
24,6063
20,6075
25,1743
18,0120
24,8619
34,9681
10,3150
5,5652
13,0608
8,9890
37,0530
29,4222
22,9220
27,6639
18,7916
30,3963
34,1934
14,5803
13,6594
19,3652
26,0406
19,7453
6,3237
16,2629
21,6652
23,4602
28,0036
26,5676
12,2672
37,4590
39,6356
32,5863
8,1152
14,7376
0,7269
17,2159
21,4328
25,1165
47,2746
12,9815
35,1313
7,9897
27,7567
20,7016
23,5851
24,4421
8,1104
30,9598
-2,4890
24,0052
29,7646
16,4052
17,1153
23,2614
36,9744
6,2256
22,1475
7,4821
16,4275
18,9786
17,1541
19,5325
10,8940
18,4096
18,5407
21,1798
10,1848
25,0571
9,7978
1,6212
27,6779
3,4204
17,1765
15,8429
16,8655
40,9909
25,0447
15,4230
28,2990
12,4520
11,4485
22,3395
15,6280
10,8627
27,4906
17,2749
47,2322
20,2150
9,8081
2,9232
16,9975
-3,5866
22,8589
-1,7877
25,2728
14,2226
5,5884
14,4183
28,8610
22,1534
17,0921
14,6948
17,3774
29,8305
27,3368
7,9632
7,4227
41,3746
12,4409
31,6398
9,8853
21,8214
15,7809
-0,7236
8,8196
39,8790
31,7595
16,1778
2,5247
11,3569
34,9314
23,1076
16,8668
18,8615
20,3049
5,4284
15,2065
14,9125
5,5866
9,0501
16,9875
20,7333
22,6107
21,5722
3,4761
5,8131
20,7673
10,2528
11,6642
28,3166
23,1984
21,1668
22,0799
21,0176
19,0800
35,8193
8,1679
5,5070
19,4447
28,3195
12,7175
22,1345
31,9002
18,1767
28,0908
16,3554
18,0986
18,6290
16,3008
33,3579
7,3395
24,9591
23,8627
7,0805
5,0151
50,7268
19,2478
39,1168
41,7098
14,2348
9,5753
26,6618
22,0054
10,6023
11,7666
16,2386
23,6459
24,0460
19,4206
32,5903
13,0025
28,7518
22,0595
65,3779
24,4222
28,0771
-2,1792
5,5520
19,8687
38,2771
6,0764
20,4099
14,5921
35,3814
32,1093
21,8971
35,6729
31,5029
1,2759
23,4220
13,7715
40,3374
13,8139
24,6679
12,3733
29,4398
27,8971
19,4952
13,0436
37,3951
5,5741
23,1973
54,8973
32,9701
27,4349
17,9612
15,2221
21,4010
18,9915
15,8926
3,5373
14,2046
33,0955
21,3655
13,3530
28,9920
40,0642
26,1910
36,4213
25,7870
5,5294
19,0982
22,4285
-0,2506
10,5034
16,4052
2,1488
-13,9505
0,3738
11,1594
69,5315
13,5998
12,4039
34,0564
17,8776
36,5582
6,1370
11,7237
19,3724
24,1510
3,1496
14,5722
10,5867
12,9196
20,5980
19,6258
34,5338
19,3341
48,3689
23,9625
27,3247
28,2544
6,0503
12,7476
22,4972
21,5994
23,7885
16,8828
14,7992
29,2782
4,1402
13,6518
18,4099
13,3415
18,8429
25,6309
14,4406
12,9401
13,5953
9,4734
8,9577
50,2623
40,3866
7,0936
7,3569
30,4056
37,4375
14,5966
7,6312
13,0113
12,8612
23,1747
4,8151
-3,1751
12,6452
7,3255
12,4185
38,2403
12,5185
21,2327
7,3644
15,3970
11,0605
7,0890
24,6316
2,3885
