7,7069
12,7031
7,5814
0,9079
26,6898
17,3499
38,1367
-4,0105
3,3919
12,4142
8,0169
11,3265
0,7081
3,6019
8,9848
14,1929
8,2101
-4,7882
-1,1889
6,7154
5,6975
6,8651
-0,8147
1,1029
0,4854
11,4370
7,3862
-3,8162
1,6992
-0,3909
33,4901
-6,4950
3,8214
-3,9356
23,3287
0,1198
7,1479
14,4227
6,0140
22,8594
12,2176
7,4550
8,6644
5,9003
14,0064
4,7494
39,6763
56,9642
1,5959
-2,9079
2,9668
-4,3636
11,0644
-3,6168
6,9105
0,2211
3,6805
1,5919
2,9627
3,9010
11,0147
13,5148
9,7399
12,6840
4,3686
-8,3960
17,3588
0,8640
-1,2297
5,0087
7,3940
1,4145
10,8532
8,8772
5,7148
9,6022
18,6696
0,9763
4,9641
-0,7884
-9,6841
3,1994
9,6076
7,1714
7,6861
6,6166
7,5762
6,9947
-5,2495
4,4846
7,7240
13,0632
9,7316
-0,9995
29,4588
3,5897
7,8762
4,7707
13,8788
13,0097
20,3810
4,7066
38,6098
2,7925
4,6186
7,0446
15,4105
13,0614
5,5269
7,6482
-2,6706
13,4955
7,4919
-7,0478
-0,4216
5,7898
2,3004
5,0713
-5,5851
1,1976
1,4131
-0,7362
15,6349
14,0386
10,4649
5,6188
5,8617
8,7277
2,4283
4,6042
19,2861
16,2452
14,7965
14,1279
6,7934
-3,0298
15,2543
4,1849
-0,1624
15,5425
15,3213
27,3023
2,7161
57,5672
5,3862
7,0058
19,4589
22,3615
7,9137
3,6137
14,7664
53,3234
-1,4366
2,5507
5,4528
12,6257
10,6458
12,1706
-3,0434
8,0102
-9,9872
-2,9695
9,7007
22,3428
15,1080
11,4659
10,0529
12,0546
2,1550
4,0958
7,8538
0,9070
18,1081
16,1427
0,4591
-0,4153
12,8615
19,0139
2,0647
16,6585
18,2854
37,1130
9,4917
7,7262
5,2563
4,4497
-3,9397
-5,2255
-11,5167
21,4079
-4,1109
-7,8474
14,7887
-5,9101
14,3780
4,6094
5,4033
-2,4295
7,3033
4,1036
11,3240
11,2818
24,0594
6,9476
-3,1652
11,0008
14,9736
3,8031
7,8336
17,3905
8,9523
-3,4592
-2,4727
-8,2748
8,3776
-4,5382
-0,2120
4,4314
-6,3800
-3,4248
14,1475
14,3822
6,3179
7,1313
10,1798
-1,1740
5,2592
28,8415
1,9166
10,8810
2,9691
5,9205
22,8781
21,2568
-1,2529
-0,1627
-17,0750
13,9356
3,8951
-4,3652
8,8059
3,7137
17,8941
12,2158
6,9362
-1,6908
8,4429
3,4513
9,7437
7,0358
5,0759
4,1825
3,3961
3,4090
-3,6528
-5,1340
10,2260
12,9978
16,8101
14,8133
5,8991
-7,1585
10,8871
7,8687
12,7419
16,6783
33,5242
-1,6660
-1,6172
9,2484
1,7208
2,6440
11,8336
2,6347
-0,9780
13,9595
-1,9680
14,1021
18,4408
15,2120
36,3423
16,1957
-6,5778
26,7881
7,3261
-9,1308
4,8889
-18,6113
2,4088
-13,9598
-1,5115
15,6054
14,1440
2,8013
5,0096
11,4323
31,4316
35,1022
-0,9059
9,0332
13,3238
5,9705
17,4671
8,9367
6,5901
2,0379
3,6663
-2,1862
-8,7143
9,2428
10,5151
8,6155
-2,3569
0,2967
2,4185
18,2872
9,2450
1,1000
3,3829
2,7555
10,4131
11,8253
1,0550
22,6400
5,7486
-1,7028
18,0905
36,9414
-3,8531
-0,0621
16,6998
-0,5930
-10,6785
-15,3123
15,7253
12,8568
-3,5711
20,9645
-11,4561
4,2097
13,6072
10,1953
3,1145
21,8289
9,8018
-0,4883
6,2426
52,6431
-2,7151
-1,2273
3,8961
6,7705
0,1787
10,7067
13,1423
50,2254
8,7408
-5,1461
12,4804
8,4073
-3,7335
4,0235
-7,9747
5,1217
-3,9922
3,4459
2,2773
4,7383
16,3742
3,0631
16,3494
-0,3742
1,2498
1,3214
0,1443
-0,1952
4,8522
1,5918
-0,7348
5,4865
27,8331
5,5154
19,0538
-13,2665
5,5092
11,0301
10,1643
6,3956
24,8270
-1,3691
7,4795
4,4267
30,4197
3,2145
1,7870
21,2748
6,4649
4,6284
-8,9563
6,8062
0,0216
21,0494
-3,2839
5,8402
-4,0081
9,1236
0,7636
0,3205
9,0187
6,4481
14,3710
6,3303
9,5626
7,3243
6,8753
-0,3534
15,0991
11,6365
12,7501
-0,2131
5,7371
8,1792
4,2491
12,3713
10,7675
12,9735
6,1659
14,2700
-2,2807
0,0542
7,2324
39,1326
7,6514
1,1827
15,1247
11,6785
-3,4437
10,5840
15,9118
6,1668
2,8288
1,4332
19,4032
7,2856
-0,7386
5,0272
8,0133
-2,7245
15,0662
5,0147
6,1088
12,5700
49,9624
2,3109
7,1552
16,9210
27,5383
13,5356
0,7559
12,8294
4,7553
6,4040
11,6517
8,2961
4,7913
6,3679
19,5704
8,5629
17,5734
16,2395
12,8498
2,5388
11,1718
1,5809
22,2632
22,8119
-1,8690
0,1976
-2,2983
8,2271
1,9308
13,3040
3,3626
9,0949
-0,7272
7,0432
2,7824
5,9041
8,2287
7,6409
8,3822
18,4106
0,7433
-8,4223
7,3445
15,0218
2,7893
7,2479
7,6227
-3,5108
0,8645
21,1819
12,2607
2,2365
-3,0085
29,1769
0,3455
8,7104
23,9297
4,3795
-9,5976
28,6891
13,0485
-3,1283
-2,6609
21,6633
13,1359
9,2431
0,4818
4,6910
1,7384
10,2053
7,9014
4,7148
19,2901
6,4292
19,4928
9,8141
2,2838
-2,9446
1,7513
6,3880
-3,8745
10,2994
11,8762
9,7845
1,5920
8,2620
9,6537
32,4291
12,1076
12,0508
13,2374
20,1332
5,2537
18,1390
34,9617
23,6538
2,5648
10,8262
3,3923
18,4521
0,5825
4,7090
8,2540
2,8493
-0,7026
12,9613
16,5981
10,1848
5,4572
25,1434
-3,5576
9,2326
0,1498
10,8378
8,5113
8,8574
9,7243
-4,6432
7,7413
-0,4658
8,3178
10,1123
-6,1748
30,0043
5,8677
23,5515
8,5661
14,2736
10,2649
10,4824
-0,8698
5,4460
19,3074
3,0759
31,8055
10,3001
1,4367
13,5828
20,0298
-1,6893
17,9538
2,2668
11,3330
5,5845
12,4788
7,7709
8,7559
-1,3908
-0,3696
-0,4803
7,2219
12,0187
4,1339
2,3600
-4,1697
0,8923
19,1055
8,2892
0,2364
-6,0123
11,7437
2,3518
3,9737
-3,3087
32,0182
5,7163
2,0361
7,8884
7,6580
12,9567
0,7348
5,3068
18,1747
-2,8040
3,4431
23,4748
2,4024
7,9788
2,8375
-4,8312
-3,3775
1,2193
6,3562
2,4390
3,1111
7,4959
10,6238
7,2151
10,1592
-3,0249
-3,5909
35,9630
0,3864
14,1646
9,4352
4,9927
8,3692
15,4623
9,9869
6,4128
10,7265
1,7264
-2,0021
2,3720
-1,6470
2,2420
-4,3876
26,8227
2,9499
0,3795
9,0551
-3,4302
7,3967
30,8493
5,4009
-10,6824
-5,1723
-2,6370
17,3095
8,4216
3,2225
2,2426
3,7916
10,1082
8,2405
0,8538
0,2994
3,3927
3,6267
-0,6833
13,1460
12,5903
0,5665
27,0221
5,7922
14,9673
13,0158
10,0075
3,2310
-0,8944
22,1751
2,2838
10,0297
-1,8650
38,0836
-11,4450
-6,4303
4,4303
-8,8627
5,8704
9,5802
9,0222
1,4024
26,8935
9,1007
4,3092
-2,7974
18,1008
1,7027
0,6724
-2,1138
9,0778
9,7040
3,8520
34,1188
7,4670
5,0300
3,0698
-5,2679
9,0171
17,7953
10,9049
3,1236
20,3091
1,7833
-1,1729
-0,0576
5,9916
25,9950
-5,2563
8,2701
20,8544
-2,7284
10,5546
33,7479
8,6740
4,7449
-3,0877
2,4326
2,4202
18,9257
11,0508
-3,2293
7,4509
3,8824
-5,6630
2,7070
24,6503
7,8723
3,0531
-3,3978
4,2512
5,6358
8,3752
3,4857
-1,2351
3,9376
4,3126
-2,3633
21,2439
12,2904
1,0075
11,7547
-1,7936
-1,5481
-1,7168
6,9988
9,6700
0,2711
7,7513
16,7150
9,7103
12,9972
10,1992
5,5953
32,9679
14,5241
5,1885
15,4120
14,7964
19,6509
-0,0622
7,1053
1,4597
5,7878
30,2436
11,1841
-0,7567
16,5885
11,7643
3,2287
4,2223
-3,0424
4,2271
-7,4929
18,7327
3,2893
8,0702
3,1551
8,3127
30,9299
17,2997
0,7982
16,1357
-2,6948
0,3719
7,5734
18,5056
-2,5259
16,5858
-0,1595
-2,4871
8,4360
3,6083
18,3092
37,4990
8,4411
4,5101
-3,1836
17,9781
7,1250
2,4552
2,5143
9,2484
5,8205
29,6254
9,0717
5,9838
9,6286
21,6139
-0,1100
26,1973
12,2785
4,7248
5,1668
5,6108
5,9946
5,9977
4,0762
-0,3807
19,5114
16,8144
27,1540
-5,7274
9,8908
6,6173
8,3976
6,1922
4,0057
7,8262
12,9173
-0,5204
-3,3744
9,6873
5,7098
-0,4625
-0,7014
-3,8727
26,4050
5,5856
7,2221
3,0267
26,4888
22,5520
2,2709
3,5432
3,7854
-5,5587
4,4933
-5,9885
3,5693
10,1654
12,2661
2,6102
27,9741
-2,6167
10,5385
4,4420
1,0507
8,9787
-2,6838
-3,8962
13,3555
6,3186
2,8553
3,5093
19,6024
15,1738
3,5491
1,7519
22,6776
2,3733
-2,3806
1,6624
14,7713
5,0555
-1,9047
6,9366
8,6479
41,2979
1,6649
1,5346
-1,6165
9,0566
11,1153
-3,6575
-5,2417
4,2358
-11,1901
-5,2759
12,8115
15,9058
6,9871
2,0312
4,7861
26,3119
-4,3201
0,4262
35,1178
5,0587
8,5632
11,4207
10,4181
19,4129
0,7084
18,9342
5,4994
14,5980
12,2914
17,3572
4,5256
4,8286
19,5091
-0,6351
1,1290
3,0957
11,0021
-3,5849
0,1809
12,4669
6,6274
22,8181
24,2413
11,3479
-7,7655
-2,1840
9,3124
6,6069
17,6095
5,0654
3,9543
12,1505
2,4434
2,3534
6,4569
28,1868
16,4207
8,0375
6,2784
5,9294
0,1621
-1,0899
15,3237
-1,2242
8,8477
4,0876
14,7024
17,9118
18,8620
0,7091
-3,2569
-0,5817
3,4088
2,4100
3,9906
-4,1112
-4,9735
26,3240
34,0505
21,1272
27,4484
-7,5066
-6,3588
6,2426
1,2959
14,5272
-10,4401
20,5471
21,1494
30,6325
12,5879
5,0394
-6,7615
10,6302
7,7063
5,2524
-0,5622
2,9925
13,3977
14,4621
2,4203
-8,3351
4,8276
11,3921
6,1524
-4,2932
4,8666
19,5731
17,4381
38,0141
14,0162
8,3539
3,0964
15,7002
3,6650
3,2096
18,2561
7,2210
3,5882
1,9841
5,0125
15,9816
4,9342
4,6215
1,3408
5,4610
2,8098
1,4812
6,0252
-0,0692
6,5159
2,8091
0,8874
-5,1203
-3,4297
1,3436
7,9945
6,6463
-7,3379
0,2058
17,9654
3,0297
-0,0817
2,7591
-10,1617
3,5361
-5,0327
14,1928
11,1284
8,6012
4,2607
5,0047
4,3516
4,8180
13,4967
2,3270
3,0236
8,6180
30,2522
1,8921
4,0938
13,3963
-4,2963
12,7139
-4,8709
-0,9258
0,9839
8,4211
-0,4045
-5,2192
13,0490
-5,9545
-5,0663
1,2030
7,1885
-1,6914
4,4773
20,2498
8,4017
7,2691
-0,8686
15,5405
3,8485
7,8673
0,0973
4,4317
9,1871
-4,8081
7,6054
6,6927
-6,0379
28,1640
5,6623
12,9651
8,5544
6,3445
7,9546
6,1694
5,2895
7,0322
4,1657
5,2032
1,3982
42,1144
4,1820
2,5002
27,0976
11,0309
1,0567
3,9474
1,9526
8,0548
9,3970
11,2013
11,5660
12,5054
7,8671
13,1903
6,0196
2,1902
12,0719
3,0949
26,3628
-2,1549
13,2613
0,1442
34,4901
3,1018
-2,8605
1,5326
2,5127
10,9371
3,4454
13,0994
3,7078
5,3227
-2,2107
23,4504
3,8293
9,5680
2,9971
-5,0510
-3,1738
21,7542
2,9333
6,8627
13,6193
11,0564
8,3207
-3,1861
-1,0640
11,7126
5,3500
-0,2807
-2,1779
4,4200
-2,3453
6,3095
2,8333
1,7149
12,7245
0,2438
2,6268
6,4103
4,6596
5,6479
19,7574
5,9174
-4,4250
14,7171
6,2854
22,9011
-3,2243
21,3871
-1,5909
-1,6999
-7,4539
11,7162
5,3936
18,6376
-5,6668
6,1265
8,7543
-7,1409
9,6432
0,5861
4,4180
1,7846
6,3135
-0,2935
-4,1273
2,5464
-2,0819
4,4196
35,8668
7,1604
14,6979
10,5028
10,8410
-5,4426
17,2401
-1,5217
23,1633
6,5069
11,1416
14,4218
6,7733
9,5523
16,2141
4,5919
0,8665
6,9844
15,7501
16,0284
6,1230
13,8205
7,2881
7,4258
2,6726
-6,6661
11,6404
-1,7580
4,0537
-4,4981
-14,9909
-8,8820
2,9341
-0,0497
10,1566
11,4037
-7,5907
2,6426
-3,7822
17,3969
6,1798
-1,2641
9,6615
13,7264
0,9995
5,0273
10,8384
1,8767
12,1990
8,8705
12,0893
13,0968
8,6690
-0,1849
2,3869
-6,4316
2,8789
3,1663
27,3909
17,4169
-3,8252
9,0086
22,1205
1,0231
0,0978
-1,9828
-4,0414
1,3124
-3,7920
14,0587
20,9888
-6,2034
16,3439
15,7303
5,3080
5,0302
-5,9412
6,1955
15,3675
-6,9625
9,0222
6,5422
4,8347
2,4843
-7,4047
0,5000
8,2519
-8,7912
1,3027
33,0694
20,6718
19,2216
2,9080
-1,8346
2,6140
12,6665
-6,3830
25,1193
8,0285
5,3342
-2,3582
8,9956
13,5846
7,0748
3,3274
12,9163
20,7299
18,0138
1,9631
4,7085
13,3300
3,0567
9,1382
8,9270
15,7682
-0,0235
3,6262
7,2937
4,6486
19,5552
11,2583
7,7751
15,8889
-1,2445
-1,6716
-8,0440
6,7503
30,2644
5,6549
18,6328
0,1739
13,4635
3,6166
6,5256
4,9181
9,6548
1,3114
13,4304
-3,9528
3,9387
-4,9182
-3,6753
8,5677
4,9728
15,5109
11,1046
19,0118
-7,7152
11,3823
-3,1998
14,6680
1,6415
10,8325
10,9038
12,4022
-7,9648
12,5141
16,7593
11,1051
21,9492
-3,6036
11,5172
-9,9701
7,0129
9,4743
11,9947
13,6070
-1,5656
19,5909
2,4058
9,2849
14,2757
14,7402
1,8007
-2,6386
5,1978
5,6892
4,8524
6,0371
1,4912
6,4471
4,5325
4,9213
5,3711
23,3732
9,5598
1,2348
13,0303
5,9609
4,2151
5,9616
-8,0150
-0,4405
-6,3255
8,5235
3,4539
3,8969
10,6113
6,3473
27,1756
4,5198
5,8485
6,5159
24,2049
0,9243
-0,0543
-2,2010
13,6511
5,2842
7,0813
-2,2914
21,1643
11,3749
11,1131
16,9397
-4,4359
10,9978
4,5874
3,9203
-8,6942
8,2468
6,6072
2,7509
-0,9448
15,8960
-1,2903
5,8653
-2,1320
-3,6734
5,2290
-4,4784
5,6394
6,5866
-3,5975
-0,7761
3,0530
-0,1497
0,8586
-3,7192
1,0543
11,8615
-11,4647
0,8907
5,6418
10,4350
19,3859
0,0293
-2,2412
0,7020
17,6902
6,6508
8,5222
-6,0412
10,6519
-5,2014
1,9029
22,1581
14,5986
5,7516
18,8910
12,7704
4,8970
14,1269
1,6798
4,3384
1,6646
4,1540
15,1218
5,2415
13,2339
4,9308
20,2605
-1,2487
4,4013
3,3771
8,2049
4,2367
1,7106
-4,4123
23,9102
-7,8715
-7,7670
15,5160
20,6445
6,5708
-2,3577
5,9101
2,4752
13,1170
5,0612
1,9201
-2,1397
14,9203
11,5619
8,5278
15,8543
-3,5124
3,1407
-1,6863
12,6561
3,8698
17,0861
11,5223
22,4470
-2,3246
11,9046
6,6270
-4,4639
2,2739
8,3879
-0,1779
14,0646
9,8386
5,1921
5,4735
2,9453
5,0691
-0,0767
5,0059
2,6347
12,7514
1,6783
22,1805
0,9803
2,1492
1,1753
16,6959
23,7746
-3,5720
18,6243
17,5350
9,8920
-3,9893
2,2656
1,4983
22,0134
5,8098
2,6903
12,4768
20,0414
5,8935
19,8414
-1,1646
-6,3542
9,4402
5,7310
1,7014
2,3226
30,4022
0,4053
-8,4189
6,6741
14,4928
-1,8003
2,8573
1,9020
9,7533
2,4520
17,6436
7,5399
17,0317
12,3862
-3,8360
0,8431
7,6857
-0,2616
11,0215
-0,6849
-2,0989
2,9924
-4,1010
-3,2163
17,5078
11,0513
7,0121
2,0057
-8,7769
17,7119
3,7163
-10,8046
6,1982
13,3364
14,8961
2,7183
12,1605
0,5058
0,7816
18,5136
9,0849
-0,8983
19,9244
0,3259
6,0560
-9,7627
33,0593
-0,3392
3,3237
-0,1352
1,0287
-0,6571
0,7915
4,7697
9,0659
21,3437
3,0701
-0,2632
13,3892
4,4542
-5,9496
-7,5506
4,8532
5,5646
-7,1886
3,0212
-2,9943
-5,9591
24,1706
-0,6781
9,2695
24,4267
0,2460
5,9559
-3,0379
34,2961
17,1926
16,9813
12,4203
-5,3255
-3,9753
8,5703
12,9732
7,6169
4,1258
14,3134
21,0535
10,6072
2,2591
3,9183
10,8081
14,1170
-0,1670
7,5961
1,3108
9,9567
4,4514
9,9613
26,2547
6,9228
4,3067
4,0733
-4,1786
12,0129
4,3496
11,6642
2,4486
-1,7529
1,8126
4,9479
3,5530
12,8908
-3,1166
-5,8800
3,3033
-1,6513
10,0704
6,0814
20,1161
4,7919
12,5010
0,3498
-3,5393
10,4739
21,9633
4,1146
14,9392
3,6977
4,3302
3,3827
3,3258
33,5608
2,1054
0,2808
6,3629
8,7950
-5,8030
-7,1245
8,1938
9,3916
20,0482
6,9679
-2,1519
0,8727
19,3962
-2,9995
5,4257
-6,8080
4,1335
16,7194
8,5575
4,7775
9,3328
7,1847
-5,0348
-2,0310
8,9408
13,5075
-1,4008
-1,8693
6,1040
5,4067
7,2373
8,9445
14,9803
12,0243
-8,6512
1,1335
8,4411
6,3063
11,3695
22,6864
5,5102
-0,9723
31,4373
3,3311
1,1771
4,0652
23,5144
-7,5193
14,8020
25,4162
10,5856
-0,4172
4,9974
1,8606
12,3979
8,8892
-3,4804
-1,4063
4,2106
18,7729
1,3990
4,6217
0,8726
14,6041
8,8044
9,4226
6,4424
4,7796
6,0574
16,0553
-8,6541
-0,7059
-0,6428
10,6089
8,5280
0,6815
12,5568
-0,9227
4,2965
5,9321
-2,2798
30,0271
7,8707
26,1750
7,4274
-6,4920
2,6668
8,1456
21,1056
2,4713
-6,3498
4,9230
10,1062
0,0390
13,6034
1,5939
-0,9779
-4,5767
17,3357
9,8042
12,4642
-2,5432
10,6646
-0,4554
3,8278
9,3559
-1,3717
3,3411
2,9466
3,4765
11,0469
-2,9738
6,2951
-1,8149
14,2854
6,9744
-2,4508
-4,2680
11,9900
19,9646
13,1228
-5,0821
-2,7078
2,3312
-2,1265
2,4485
-8,4421
4,6228
23,7123
11,2707
-0,5941
18,7133
5,0785
26,0099
9,4249
0,8924
4,6543
10,8332
1,4304
16,0177
0,9805
-2,9779
-5,4541
10,8942
10,6031
-0,8110
6,8212
-1,5265
-13,7804
0,2779
-5,8106
-8,1167
1,3227
0,2613
21,6822
-3,5908
3,3653
1,6607
0,7158
3,2509
4,6678
8,9223
1,8584
-2,0369
27,6125
-8,7016
15,2096
-1,9600
10,7588
5,2900
28,8214
5,8542
0,5517
12,2186
5,5163
-8,2652
-4,5792
4,0521
7,8928
-8,0035
2,6031
2,7040
1,7029
9,1380
15,9934
6,4428
1,9432
18,6342
4,9440
5,4911
8,5380
1,5821
-2,5610
10,9135
30,4347
-3,2895
0,8124
0,8605
3,3149
8,6561
-1,1694
-9,1652
0,2034
6,8693
1,0883
27,6367
4,0666
-0,6740
38,1815
9,2828
5,0361
3,0430
11,8410
3,1903
6,1542
4,7765
24,1731
3,5907
4,2061
6,1508
-8,7281
4,2356
-0,7629
13,4276
-1,5106
2,6874
2,1637
5,0777
9,8322
0,6113
9,3008
-3,4543
9,7734
1,6029
6,1943
10,2968
3,8174
-1,2739
7,8145
5,2032
3,4245
-6,8156
11,6795
4,5859
5,5603
6,4177
14,2348
-1,5365
1,0552
-2,0932
1,7309
-0,0794
8,5848
0,0040
14,3058
3,7484
-1,6586
4,0938
1,1172
13,2480
8,1102
5,3894
4,3824
4,6646
0,8984
6,2971
-0,2331
3,4970
19,3410
9,1696
-2,8487
6,0017
-3,1663
-0,7914
2,6511
7,3331
5,5134
22,0752
7,4181
-7,2573
0,3440
-0,1921
3,4543
15,7021
1,2229
14,2630
2,8521
-5,0238
12,5694
0,9742
4,1393
14,6116
8,3126
1,5930
-4,4366
14,6573
17,6227
12,1365
6,6975
4,9652
5,5801
17,8641
1,8763
4,5358
12,4555
26,8595
-1,8224
-0,6017
9,6680
12,1905
-2,4700
10,0547
3,6216
6,9362
0,1035
11,1961
-5,0845
17,2504
-2,5071
15,7933
-4,4357
1,3032
-2,2519
11,9320
48,9402
1,8103
4,6877
-2,0516
0,8226
7,8078
4,3462
22,0669
-2,0875
-5,5409
-0,6651
7,6210
1,1538
11,6527
22,4434
5,0141
-2,5767
7,5802
10,4748
11,8995
2,7395
9,4159
17,2186
15,7946
4,2435
6,0546
7,7646
17,7021
18,3836
1,2567
6,2724
12,3526
17,0973
1,9673
-7,8071
4,6209
0,5959
1,2874
20,8690
15,5346
-1,2369
35,6657
-1,6209
-0,6041
5,2712
15,4104
12,7254
4,6741
12,5606
-10,4883
14,7128
9,7729
-8,1457
2,7054
0,7503
14,2443
10,4184
10,1632
-9,0114
2,4502
-8,5067
13,5405
37,1806
14,3803
30,2167
4,0005
-0,7666
11,5353
6,4521
17,1638
19,5037
4,6778
4,2218
-5,2376
8,5197
20,6304
-1,3220
20,9818
2,6319
7,6735
-0,1553
3,8771
4,0650
20,0503
17,6334
-5,5912
20,2607
17,7285
1,9844
28,9444
18,7744
8,9487
-3,4084
11,5153
15,1628
15,6532
15,2582
12,8816
2,6534
4,3832
5,6853
6,6275
2,2057
11,4328
5,9347
26,9494
-6,1407
2,9268
16,3285
14,1532
4,3805
1,4943
2,0520
7,7393
9,6228
3,2683
1,7745
4,5848
8,1230
33,1209
10,6844
9,9108
5,5573
12,5030
6,9185
12,3186
1,2826
13,8661
-1,9174
2,4414
7,1806
12,5761
34,0654
8,8609
-6,6320
11,6066
21,1193
-1,2714
53,7253
6,5941
8,1159
-1,2006
19,0239
5,9824
16,2565
26,3957
5,5797
-1,0393
15,0611
-8,0331
13,1887
22,6574
7,8986
9,3716
41,9059
13,6746
9,2504
-2,9679
-2,9727
-8,3766
7,0899
2,2043
12,7442
1,8440
17,5572
0,8450
23,3817
7,4584
8,4104
-3,8718
-1,9213
0,5617
8,1070
9,9971
18,7005
3,9199
-0,4740
2,4573
0,3908
10,8106
3,5746
-6,5286
31,1656
2,4033
7,9129
2,8372
0,2072
19,2020
15,1991
5,9595
2,1713
0,4897
21,5698
-1,4381
10,1850
22,7419
12,7414
8,3309
9,1034
26,9899
11,8548
10,4102
-5,3400
-0,8998
4,7841
2,5809
12,7247
-5,5549
12,3889
21,3377
-7,0628
6,7082
2,6178
18,7540
11,3924
9,5852
9,9208
21,9798
10,2598
-0,2337
12,9930
-1,0786
0,8572
-3,3166
7,7752
4,8731
12,2383
21,5007
14,3508
-2,1900
16,1020
7,1574
-1,5016
2,2802
-1,2410
21,7122
8,5190
9,8050
-0,1737
9,7842
3,1228
5,3699
3,2453
3,9702
41,9011
16,8738
1,3795
15,5027
2,9165
-3,5867
14,4299
-1,1087
1,4572
6,4609
-0,8219
8,7276
-6,4988
26,5850
5,3186
-0,0514
4,1147
-3,9248
2,9283
12,1066
9,2452
7,7283
31,9871
1,5489
7,6225
4,1577
1,4773
7,2359
3,5418
5,8901
-5,2933
12,2676
-7,3342
-1,7198
13,0410
11,2820
-4,9329
4,7919
23,2882
3,2285
24,8382
-5,4640
1,3552
5,0992
5,1264
23,6982
6,8692
7,3979
3,5731
7,5599
13,9209
12,1535
-2,3697
13,0301
7,8776
-10,6363
16,8024
16,0091
6,6963
13,0520
0,8698
21,9155
-1,2790
18,1279
2,6261
17,1039
15,4396
7,5010
10,6048
16,0724
13,5100
1,1619
8,7168
0,2224
17,7007
14,6380
6,7271
12,9771
9,4546
1,5180
13,2667
8,3296
8,1235
18,3578
25,4504
24,3294
-0,2979
4,7291
8,9441
0,7278
27,1175
4,4523
17,9204
-0,0568
5,5170
16,7417
5,9268
10,4363
32,5106
18,3415
16,7760
1,5491
34,8310
7,0710
11,4191
3,0401
8,3302
20,4455
0,0520
6,3276
6,8437
16,7614
6,4443
1,7988
37,7430
10,1778
5,4595
-3,6913
-0,7340
-4,0321
2,1073
-9,3132
11,6116
9,4280
16,9478
1,1343
13,6103
-0,0705
2,6861
8,7571
6,2298
5,2426
10,6711
10,1981
7,4827
14,5673
10,3644
-0,1280
-7,8036
2,6832
19,0618
14,1579
3,8847
7,5525
3,2685
-3,5491
13,9602
9,4437
-3,4310
24,9481
7,6872
-4,3210
-8,9893
7,3223
24,9746
-2,2523
0,0292
-4,0096
-1,3282
18,2483
17,8156
1,4483
-2,8343
-1,3131
1,3121
8,9056
1,0352
0,6700
2,8575
4,4178
31,8906
-0,5143
1,5941
15,3318
8,3410
21,4664
-0,8759
0,2087
12,4724
3,8974
-3,9323
4,7240
-1,5163
9,2927
2,3783
15,9363
-3,9612
19,2772
4,5254
20,4524
21,0358
9,1579
2,4665
-2,3074
-1,7188
-0,2806
5,8044
5,0057
7,4025
15,4747
23,4313
10,9065
16,3396
1,8813
10,7520
21,7263
12,9557
7,8069
16,8483
1,5381
9,4680
0,5359
3,1351
12,9933
11,1778
13,9298
5,5498
6,0555
6,4372
7,8935
0,0976
15,4206
4,5875
-0,8245
-1,8176
5,9060
5,5975
0,1960
2,5033
-3,7213
22,5423
16,8007
16,5682
5,3281
29,7188
0,8488
12,5498
7,7807
-6,2303
7,0170
9,0535
5,3938
6,0880
8,5492
1,3454
8,1629
0,0082
5,1227
6,2537
-2,3532
10,2776
17,0736
1,4652
-9,0570
5,6188
12,8088
-2,7807
4,9163
21,2110
-2,7808
19,4581
6,9752
-5,2739
-3,4723
10,0902
45,0922
6,3299
11,7151
6,3856
4,7559
-0,4499
14,8904
23,0066
13,5948
37,4669
27,7562
0,5516
-0,1376
-2,9859
6,1493
-2,5711
1,5386
-1,5462
22,3745
18,5708
0,9868
4,9516
3,9073
3,6753
13,0154
-0,7937
7,8974
6,3554
0,0554
9,3809
-2,8254
7,8464
12,4102
2,4921
4,9699
-12,1555
-2,1127
19,6496
7,3900
12,8510
10,2937
-2,3463
-3,2418
0,1874
57,1462
29,7256
23,5683
-1,6842
10,9036
-8,2590
6,1666
20,7070
3,3171
21,6828
1,2349
4,9338
7,6740
-1,9969
-1,5152
4,4498
12,0265
-1,4729
7,7678
9,1024
8,1547
11,0213
20,6671
20,5791
10,1500
4,1865
13,6274
-6,4503
9,7268
1,4762
-1,2487
6,3825
4,6603
11,7252
-3,5181
3,4572
19,2788
23,2411
-1,2590
22,7760
5,6251
4,9233
-3,7153
4,2926
20,2956
14,3440
-0,4725
2,9277
19,5309
4,3029
-6,4850
-7,7733
7,5804
23,8996
6,3461
-1,1718
7,9257
5,6472
6,4137
1,9590
14,6003
10,1572
20,0494
8,5067
-3,6212
-10,6602
16,8931
42,9632
14,6430
1,1980
11,4625
9,7582
2,1488
18,9090
-3,2971
9,8478
1,6932
1,7742
10,8006
9,3527
-4,6630
16,1962
-1,3808
-2,5857
15,8134
4,3944
7,9960
-5,3428
40,0841
12,7252
-10,6683
-6,8583
-0,2604
8,5786
-16,4982
-5,3261
0,7018
4,3464
-8,0477
7,7533
54,9475
-2,6317
1,0150
25,3935
5,4855
-2,6579
-0,3710
12,6287
-1,3343
1,1032
-4,3729
6,0356
-8,5423
4,8227
14,2324
7,8036
19,0893
-2,5543
6,1732
14,2909
-1,4176
3,0917
3,9017
6,9776
7,2806
14,8242
2,3470
-4,8104
3,2381
17,4795
2,5482
-4,0904
-3,9025
1,3222
-3,5395
13,5262
11,1445
8,4413
7,6197
13,0686
9,3596
0,3005
6,6273
43,4070
0,8345
3,8666
-4,1604
-5,8238
-5,6744
11,4813
5,0454
11,2324
-4,5086
5,5226
1,4239
3,0857
11,6728
4,6640
-9,1236
-9,9901
15,3933
2,6218
9,3447
-3,9262
-7,5643
2,6997
10,3182
23,7091
16,2765
2,7030
-4,1276
4,6575
-3,7783
-2,6277
14,8152
1,0696
0,1956
-3,4688
-7,4503
8,5075
4,3794
1,3179
6,4504
-4,2523
-3,7799
5,8825
20,0862
-0,0118
-0,6062
3,1052
-5,3067
1,3863
7,6176
6,0564
0,3100
4,8447
2,1581
7,7054
-3,0799
-1,7428
-2,4863
12,1151
-6,7632
3,3909
-4,2696
0,4722
4,2278
16,1990
3,9760
9,7346
10,7294
55,1677
18,1775
10,4642
15,5926
-1,0879
-5,2270
3,7708
-9,7573
2,0736
15,6275
13,9181
0,9805
22,9901
58,6501
3,0090
-2,0110
1,5416
3,7798
6,7208
6,7076
16,3616
-3,9822
10,8079
9,5730
-0,8340
2,5563
9,3431
22,9543
-4,7907
10,7520
23,0334
7,3041
3,2720
0,2092
2,5120
7,3680
16,2342
2,5630
-0,2944
8,0244
31,8454
18,4351
14,1065
15,9681
17,1208
49,6730
5,2201
6,3334
5,9933
6,6026
-1,2938
14,2576
-1,9639
-0,2446
-2,5970
9,3495
33,3848
7,2976
20,2649
19,5097
-1,1352
6,0988
10,5125
-4,9217
-6,6365
23,3341
7,3608
0,0358
5,3412
9,2177
2,3481
2,8258
30,1323
-4,8280
1,5072
4,1970
27,5914
9,4556
0,5904
4,1699
2,6587
1,2278
8,1266
5,1032
4,0799
13,3466
5,7825
4,2001
-0,5783
18,8004
1,3814
-1,3622
12,4924
-3,7081
-4,0801
-0,1803
5,2307
13,5338
-12,4757
13,8760
57,3805
1,3619
15,9254
16,2301
19,5342
22,3278
2,2789
0,2694
4,7328
7,5793
-3,4475
12,3770
8,9143
-8,6837
7,9075
12,2580
-5,0055
9,0429
0,7224
-4,1331
5,4363
12,9595
8,2842
22,0786
-1,9557
-2,0878
22,8992
33,4373
2,8952
15,9380
15,6760
0,6355
-0,1144
-1,1979
-1,4038
6,3305
-5,3656
7,2621
6,4243
5,4308
-8,6298
0,4634
3,0042
4,7208
5,2557
2,2232
9,5534
0,0061
-2,8208
26,2248
3,7445
17,9125
3,5305
-0,6863
5,7424
17,1257
-0,8457
1,1295
35,8547
11,2832
-0,7632
13,5005
6,4564
23,3240
20,3420
6,1909
3,8160
15,6904
0,8625
9,4459
10,1265
-0,9782
8,7391
5,2476
-8,4532
1,9053
-2,9732
21,1874
21,9007
2,1641
16,4403
2,8544
1,5774
4,1695
3,3710
0,5599
0,9167
-7,6383
4,6873
-9,2318
-5,1986
15,7981
6,4060
-3,5977
-12,2398
11,3883
-8,6408
-0,6719
-9,2099
-7,2852
16,2896
1,9474
8,1279
-2,7252
-0,9607
-4,3742
5,1165
9,9397
0,1559
7,6647
9,8666
0,3641
22,8869
22,1372
3,8977
3,6917
11,3584
-2,9703
4,4196
0,9679
20,2068
8,4330
-4,5503
-4,1321
17,7064
16,1176
12,4184
6,5387
14,4942
0,6031
0,6180
18,3211
9,5161
7,1697
-0,1001
7,4483
7,8443
0,8331
-4,9764
-7,9091
-0,4558
4,5317
4,1916
11,2744
3,6033
-6,6511
22,2849
19,9132
-0,7169
5,0397
0,5306
6,9033
3,7585
-3,2526
7,1381
15,6644
-10,8454
-5,0869
9,1191
-1,4529
-9,3138
21,4819
11,2917
12,1702
21,3194
11,3253
10,1074
8,4842
-0,1744
-3,7759
0,9632
10,8541
-0,9188
-0,0225
14,4973
9,4461
1,0801
16,4188
-0,4956
10,7476
5,6146
9,7524
6,8061
-0,0580
1,1072
-1,5759
2,9305
1,0753
1,8128
1,2032
-1,9495
20,7832
7,4914
12,7358
18,3269
-0,0116
10,5834
23,9530
-7,3281
-1,9077
13,1305
2,2241
-10,6157
12,0715
26,5550
-3,2593
8,6670
-1,6792
0,5863
-1,2525
2,3193
30,8832
9,7514
4,9567
16,4598
4,9194
9,1518
4,3966
12,1729
9,2823
-9,2469
6,6516
-7,9774
3,3429
-0,7402
0,7920
-4,7924
10,9406
-1,2201
15,7850
6,3451
10,7815
0,2061
-0,7037
-4,7165
8,4978
4,0043
-2,7900
3,8675
2,3744
14,5960
9,2877
-1,1435
-3,7074
7,5183
1,0649
2,1252
3,6159
17,1398
5,3540
4,4082
4,5458
6,4447
1,5280
21,0743
1,0974
-1,5311
6,4901
27,5423
1,8561
3,0600
1,6699
12,4053
0,4803
1,4666
5,7020
17,0666
25,0550
19,3917
9,0350
-2,0076
8,2357
-8,9298
1,0770
7,1371
1,2640
3,3641
-9,8251
13,6069
8,8892
-7,2535
-5,4675
8,3604
7,2607
0,5704
-8,2110
6,6881
18,6336
4,1765
-1,6172
16,6074
-4,1787
0,7020
4,5284
-1,4531
12,5337
-9,4155
15,6249
-2,9083
7,1257
9,7429
9,1864
-0,9766
10,3428
0,4914
-0,2728
7,4872
12,1065
5,9111
7,3334
10,5215
6,3216
2,3458
1,5157
14,8697
-8,3932
-12,2238
3,1647
8,6814
-6,7250
-0,3834
-0,4121
8,1531
1,7899
7,8028
3,4046
14,9550
8,9464
2,7104
1,9947
1,4239
5,6502
-5,9350
-8,9567
15,0099
3,6490
7,6766
-4,5556
1,1465
9,5344
7,5722
11,7624
-3,8367
2,1865
5,0633
5,5731
8,4958
16,0855
-6,2033
2,9240
3,3563
9,4437
12,5144
7,2716
6,9148
-3,2842
5,1525
-1,6789
7,6017
9,1621
-2,3776
2,2908
5,1234
9,6970
3,0789
5,3284
-0,0282
4,9715
10,8075
-5,8333
24,2685
5,8557
4,2724
6,3164
8,1804
4,0805
15,5420
5,9440
8,2040
6,6593
-0,5957
5,2748
-0,3702
-11,1593
17,8343
3,1519
3,5979
6,2982
6,3908
-5,6978
20,3597
3,9505
-0,9469
-4,4925
-1,9593
12,0269
36,8657
-1,7579
-4,2259
17,1751
4,2870
5,0669
1,3356
4,3910
8,7165
6,6853
6,7929
24,0755
-4,5053
15,2115
4,1482
20,5878
4,3095
-3,9500
-16,3999
3,7106
-4,8760
18,4678
-11,9445
3,9491
13,8950
-7,3049
7,7212
13,8916
14,0549
0,7255
-0,5209
-0,4949
16,5920
6,4145
5,3649
5,8680
-5,6669
-4,9751
1,2879
8,9596
3,6338
11,0468
2,7924
4,8305
-0,4866
10,0612
43,1121
23,6132
4,4898
19,6906
21,9734
8,7023
9,1696
-3,3818
-4,7081
-1,1418
8,6041
9,6607
11,0650
9,7825
2,5018
-1,6522
25,4260
-1,1116
1,3248
15,3259
21,7719
-9,0545
0,1473
4,4183
4,4512
-1,1491
22,1766
-7,3138
-3,9785
3,8763
0,9176
11,1788
-13,9802
8,3400
0,8453
2,4483
16,1154
11,5520
0,7006
10,4124
0,7784
-3,6014
-3,3270
1,6838
6,6945
3,9403
30,9411
-1,1884
3,2058
0,4565
-4,8837
-0,5932
0,1656
10,5638
14,3629
29,3221
18,2426
18,7216
-4,7453
2,9096
2,0105
18,4922
14,0731
9,8606
-4,4769
6,9156
-0,5578
3,9554
15,3195
11,0091
9,4835
-0,8150
3,2525
5,1053
8,5469
7,2514
9,6558
2,6625
12,4973
29,9237
-8,5766
-4,7027
23,7919
6,3568
5,8748
-0,8566
8,7166
12,5900
14,2707
21,8520
9,7438
1,5272
5,6498
2,6713
38,2672
8,2614
3,2696
5,9982
-4,6944
4,3919
9,2205
20,8071
-3,4986
18,4368
10,7839
-3,2719
-0,9552
8,4320
8,5105
3,9430
2,8911
16,1927
0,4296
2,6196
-0,0727
-0,8334
16,2790
-2,5445
3,0430
5,9019
6,6808
5,7900
8,0698
15,7977
-2,5985
10,9983
-2,1390
24,7416
3,8746
3,9402
0,8283
6,1708
3,6796
1,9803
-9,7740
-1,7932
18,6803
4,8894
-2,9337
-6,0270
11,8558
-1,6095
24,1449
-6,0641
8,5628
-5,0466
12,4531
29,5459
0,5580
8,6571
4,6666
5,6611
5,1264
9,4635
-0,5131
4,3309
3,5285
11,1592
3,3971
12,0766
9,2991
5,6277
-1,6588
4,5224
13,9089
5,4247
2,4725
24,9098
-4,3751
-5,5287
25,9700
4,5490
5,3607
3,0732
-1,3002
1,4290
20,7056
-8,2057
2,1120
8,1865
9,6244
4,3206
-11,6503
7,0092
2,2851
3,2225
5,6427
8,2763
5,2895
-2,0021
4,2842
2,7928
6,0332
8,3524
7,7193
-6,0596
5,2066
10,4379
11,2778
16,6501
7,4250
7,8511
6,0589
8,3517
7,7140
0,8157
6,5162
22,9599
0,2647
-0,7756
29,8078
-2,4335
-0,9070
4,3469
3,9201
13,1233
14,0879
14,0242
10,7678
3,5318
4,3544
-3,8455
0,2575
-2,4362
5,4741
-1,5809
6,8077
14,2735
3,9405
0,4241
9,3916
1,1217
1,7064
12,5167
-5,9129
5,6113
-8,8482
10,4468
-13,2993
4,6309
-5,2715
28,3046
7,0484
24,8709
8,7543
9,9991
3,1776
1,7454
7,3811
6,6666
18,0922
-7,1498
-6,6767
6,0738
-2,3666
8,5534
4,5841
0,6209
25,5824
5,0136
12,9110
1,3190
5,9449
-10,0765
2,1958
17,1657
6,3740
-3,3306
-1,0764
5,5803
7,8547
2,7341
3,7278
16,4129
1,6491
0,8260
-3,8327
-1,0068
4,3590
14,0520
13,7889
-2,4404
-3,0595
10,4201
-4,2579
4,3937
13,6202
6,5124
-5,3664
6,8719
5,9414
8,8906
3,6687
11,4604
-0,5016
0,4710
5,5412
11,3629
-2,5087
-0,2286
7,9664
-4,2846
-2,1446
23,1280
8,7759
10,3995
-7,4755
1,6631
2,3505
-2,8573
-0,7866
-0,7412
3,3707
5,6003
10,7082
-1,7148
-3,9931
29,4141
13,3343
9,6147
0,5132
13,4535
2,3097
25,4553
6,9454
21,0485
-8,9011
4,4852
-3,6376
3,6506
5,4892
4,1327
2,5273
-5,7354
9,5179
1,1595
1,1974
6,1395
8,1322
-2,9670
-7,7147
16,6714
11,2369
6,1454
-2,3250
14,1848
2,9787
6,0581
12,3553
4,4549
1,3652
10,0829
4,5124
12,3721
6,9616
10,5470
4,9114
-0,9429
-5,5987
-1,7572
0,9891
14,4514
0,9556
23,7500
-0,4332
-2,0391
5,1453
0,2447
4,0916
18,6380
8,5102
20,4533
3,9934
11,5078
3,9676
27,4313
6,1270
-1,3750
11,2644
3,3675
1,6115
-4,1196
-2,8164
9,0439
16,8192
15,0291
13,3848
2,2454
-0,4682
-2,1521
43,1501
4,9724
8,6856
1,6131
1,8696
-0,2925
0,6047
10,5143
50,5686
2,0458
-0,7783
10,9177
7,1282
3,5547
20,3134
8,4514
0,5338
7,7796
-3,1693
-15,0781
0,8651
6,2759
5,8032
8,9888
-0,6999
17,8118
23,9317
-1,5926
7,2677
8,7451
-1,2578
5,8854
15,5885
5,0776
18,0118
2,7536
-2,4640
13,1762
0,7782
6,0895
8,6687
-6,7538
2,0655
16,2613
9,1991
3,8463
2,8282
-8,0431
0,9700
4,9758
20,1885
6,6998
8,5341
-2,0100
15,9887
-4,6790
1,4197
20,5547
12,7846
1,8172
5,0120
4,3202
-0,8247
10,4451
11,0790
-0,6139
11,6082
0,3880
20,6100
13,0706
0,7291
1,7578
4,9127
3,3807
0,7061
15,3133
6,4416
9,9395
-0,3922
14,9237
4,8111
4,3561
9,7221
7,2526
-1,4116
-2,0798
8,0321
15,1915
-0,3666
-2,0542
1,8712
-3,3446
11,2209
-2,9574
-6,2705
2,0993
-2,3698
19,0027
8,4393
3,5056
4,9489
2,3762
7,3501
8,2189
6,7849
1,8181
9,9581
1,6919
7,2139
20,2062
9,5044
10,2213
16,9567
11,0047
7,4274
-7,3971
0,8073
11,8040
12,7710
5,2781
7,5631
5,5851
6,5621
3,9773
19,5900
17,3315
-0,6633
2,7056
0,7999
1,0138
4,2955
3,0897
-0,8651
13,0112
-1,3131
-1,9737
43,1615
1,6833
2,8815
15,8450
5,4879
13,5050
6,6006
23,3747
2,0860
-4,8855
5,0290
8,7523
15,3316
15,4330
9,2446
9,6475
5,0926
10,2722
-2,3931
10,1778
-3,7747
1,8498
3,5947
9,5677
0,4595
4,9717
-4,8719
22,6278
4,2053
-3,6360
21,0919
11,5963
3,4960
-0,2328
13,3270
0,8575
4,6084
4,8029
10,3983
0,4280
6,1110
5,7470
13,2064
10,3370
2,7590
7,2912
4,8789
5,8747
15,6932
8,2856
-0,3065
4,7414
5,0762
-3,8004
5,4913
5,7958
-4,1236
-5,5610
-0,0207
37,4104
6,3457
-0,2644
-1,4949
2,6822
10,1227
7,7493
2,3805
-4,3677
-3,4206
7,2025
1,1304
2,7602
21,3006
11,9091
28,8275
-4,7500
5,5663
10,7701
14,3397
8,1249
15,4379
11,6351
0,9884
12,2887
5,0444
7,2894
4,1656
3,4365
14,2524
0,2587
7,0150
10,1367
1,3529
1,6715
-1,9135
7,7806
7,2511
13,5428
8,8562
17,5199
7,3903
-2,0483
8,8186
17,0971
3,2105
6,3300
9,2619
4,6522
-0,1068
5,7115
-2,8406
13,3241
18,9982
10,4449
-0,4988
5,7818
3,3263
10,5609
-10,6973
-1,8772
7,9393
9,1231
8,6969
-6,7155
-0,2625
2,3646
4,2762
0,4919
3,8153
4,7411
6,2861
2,3386
0,5370
0,9913
25,5605
10,1128
-11,3701
10,0736
10,2439
0,2789
10,6475
13,3334
-1,3446
20,9277
3,2583
34,7334
12,6281
-2,6269
-2,5508
-0,0283
10,5640
3,3339
12,9600
0,0612
10,9299
17,8912
7,0066
-4,5158
10,8512
5,4791
3,6057
15,8961
13,5946
9,2694
9,1457
1,7877
7,4754
24,4861
31,3170
23,4025
23,6887
5,4908
22,7510
2,0835
-0,8828
13,1933
-0,7328
5,3647
1,1827
7,2130
35,8646
-10,8168
12,2640
12,7880
-9,8681
26,6027
10,8674
8,9741
20,6401
1,1477
-9,0028
0,0144
23,8769
5,4888
-6,5843
26,1289
1,1198
17,9325
19,0439
3,1023
-5,4363
5,5252
10,4361
0,0533
4,4532
12,6156
6,7102
11,0379
-2,2642
2,2527
15,8857
2,8595
-5,7934
-1,1985
6,0984
8,1879
6,9193
14,3139
4,8236
14,2738
-5,4246
18,4799
-7,3629
39,2731
4,4607
11,8563
11,3008
15,9116
14,8363
2,3943
6,0581
13,9196
7,6513
18,9775
12,9589
4,6975
23,4182
9,4088
10,7024
7,1728
1,4612
17,7670
2,9299
-1,0384
9,4796
0,7407
11,8028
20,1107
-10,5345
6,1125
11,3341
-2,5214
2,4837
14,1949
25,1232
7,4722
-2,1051
4,7801
2,9765
1,7490
15,9018
1,9803
18,1464
4,2811
15,5662
4,0341
27,9608
1,5182
1,7526
14,1160
10,6214
-2,2906
20,1614
16,8439
1,6370
8,5448
10,6427
12,9353
10,3985
0,8954
5,7257
13,3454
-1,9734
9,3286
18,7732
33,5223
0,4165
10,7886
18,4316
10,6105
11,1066
0,8513
15,6122
6,3217
10,5366
10,0389
23,3795
-2,2361
-0,0085
8,0489
12,7157
11,2363
7,6290
22,3443
-1,1652
7,7980
4,5298
15,1421
4,3544
6,8623
2,2739
2,3789
-7,4970
11,1789
6,6000
31,0374
17,6914
0,6263
0,8806
12,7940
0,4450
5,0569
3,0842
-3,2670
-5,6552
4,4354
3,4559
18,9613
15,5133
11,7489
6,0678
8,5866
6,3733
0,1564
0,9724
21,8961
-2,9889
25,2459
-3,2880
1,0912
4,5028
0,1620
-8,6506
8,8732
5,0103
10,8417
11,6037
4,8360
3,7311
7,6997
10,0516
0,9759
4,6253
1,5744
6,6444
60,6519
11,9592
2,6731
6,4965
3,3050
11,6743
-2,7139
1,4090
26,9249
5,9155
7,5725
12,8006
6,4133
15,2325
-1,5969
-1,6091
7,6180
-3,8676
7,7681
7,3735
22,6492
-3,9181
16,3252
9,9362
12,7204
17,1259
21,4667
3,3214
5,8136
11,0973
24,5049
-4,2732
11,5365
14,9322
-1,6201
17,2499
18,0451
-4,7042
3,7941
11,0945
5,1317
11,7682
7,5494
5,1361
8,9688
0,2345
7,0443
-4,9780
2,6284
1,3349
6,2317
19,8298
16,2118
14,3294
9,6436
7,4606
0,7670
23,4302
19,1179
5,1999
10,7588
6,2604
10,0635
1,3027
8,2041
24,4190
27,1166
14,3082
3,4100
30,7023
-1,1042
5,4149
7,6183
1,1273
-0,0561
9,8430
-0,4854
10,3897
4,1894
1,3696
20,7742
14,6164
-0,2125
16,0216
7,9910
5,6595
0,4984
5,7464
-3,8063
3,8131
-6,5508
11,2076
8,9049
12,7224
7,4632
3,4464
42,7374
11,4423
1,4441
2,5846
3,2936
19,7298
2,7928
1,2724
2,0485
23,0942
10,8237
12,3212
5,0712
2,8949
0,3569
20,9966
6,0057
23,6956
19,2671
4,7617
11,4527
8,2039
13,4542
9,9377
-4,6683
6,5273
13,0795
15,1555
18,0096
-2,9897
-0,7703
0,3139
5,4226
2,8726
15,7690
11,3708
9,9421
11,1698
1,4057
2,9286
3,9340
-0,0448
4,6265
31,2799
3,6474
1,2188
9,6503
15,9328
10,3326
0,0849
-5,4198
-3,2481
8,5133
15,4404
11,1872
4,6157
4,9628
8,4240
0,6399
7,4679
0,0010
9,3180
4,9230
6,5913
8,5500
21,4913
0,8090
3,7647
17,9360
6,3117
8,1311
21,2520
7,7201
-1,2352
-3,5999
8,2232
8,4165
4,6629
-0,8399
11,6988
25,0604
25,8313
13,4702
2,9461
12,8875
20,0169
1,6599
14,2828
13,2604
-1,4504
5,1747
16,9411
0,3771
-4,8679
1,9877
9,2206
3,1172
13,1185
-10,2217
10,6282
8,6503
5,7532
11,4715
-1,4106
1,0365
8,8268
4,7571
-1,6115
-2,9693
-4,4469
9,9690
3,2116
7,8349
6,0500
15,2242
5,7075
19,1131
14,3907
5,3202
5,9176
10,2333
17,1818
-12,2376
2,6688
5,3653
-8,0861
21,7968
10,0311
11,5725
20,4526
11,7700
3,8754
13,7688
15,1900
5,1573
14,3115
10,6138
23,5700
5,1212
-0,4355
19,2103
11,1191
24,9235
5,9819
15,4594
8,3207
8,6419
12,9820
7,2424
8,9703
1,6847
12,3062
11,6625
-4,0181
22,9716
1,7532
3,1125
7,5197
-3,5174
5,3028
7,6083
-2,4419
0,1495
5,7358
-4,4269
25,5130
24,3778
9,5765
66,9345
-4,6455
-0,1334
1,2450
-1,0712
9,1580
6,4861
1,5641
-4,4823
-2,4970
7,5305
5,2276
7,8104
7,4126
16,9481
6,5488
3,0997
11,0652
10,3915
14,7844
6,8537
7,1387
8,8307
11,8987
1,5220
6,5981
4,7111
4,5548
6,2356
10,3443
6,0800
-10,4543
0,5548
4,5946
18,8552
16,5561
14,0554
9,0431
18,2105
9,8924
7,4682
6,9404
-0,6910
3,8185
8,3138
2,8211
5,6536
7,5093
7,0139
19,4067
19,9201
-1,4826
4,7874
-6,3379
-0,1008
1,6161
2,4615
-8,2295
-3,4486
7,7314
8,8231
10,5139
5,6444
30,4020
-4,1572
4,9700
4,4634
8,0113
-3,4487
16,0755
-7,5720
2,7337
2,4402
3,2735
3,2925
8,4174
-1,5503
3,5435
2,4238
9,9376
6,9697
9,9696
0,0213
-6,9586
7,0071
4,4529
10,6814
14,2124
-6,4887
11,1232
13,6417
16,0079
-4,1818
9,0178
14,3595
34,1372
51,5705
3,9898
0,9496
1,8964
7,3896
-2,3046
6,4565
13,5617
11,8499
4,4504
-4,7803
0,6998
8,4518
7,0214
-8,3778
0,5496
-1,4736
-3,7838
7,9098
10,7071
1,7670
-4,9735
-8,6415
19,9568
-10,2642
-1,9533
12,9828
9,8619
10,3107
9,8450
1,4893
3,6125
21,3293
27,4979
2,1352
20,0350
-2,0235
8,3159
0,9000
8,5286
0,1223
-6,1246
7,2037
2,8739
8,5050
17,0699
3,3270
15,1399
5,2978
20,3648
8,6347
8,4978
27,6481
2,5759
16,5713
6,1170
3,1290
1,1649
7,9308
3,5881
15,9308
24,3272
4,4693
7,9912
6,0495
12,6317
-1,3713
17,2946
-1,9281
6,5152
5,9913
0,8598
11,2790
8,2617
21,2343
4,1227
-3,1417
7,2021
18,7673
5,0936
-2,0250
-0,0469
12,4206
2,4482
10,3869
-0,6598
10,7332
11,9726
3,4501
7,1720
-4,2710
10,9509
7,3880
8,8971
-0,4964
18,2269
37,2199
2,5167
13,5668
11,6647
43,3885
1,5713
33,5813
5,1422
3,9350
16,6023
11,7719
-6,9603
8,6199
-1,9127
10,2778
14,7797
0,4739
4,0561
0,2531
1,8594
30,8591
16,6190
9,8464
10,2875
1,5310
-6,0271
3,6326
6,0903
11,3176
2,4436
9,4010
13,0007
2,2502
-1,2721
9,1292
2,3703
20,8829
26,4404
12,6531
9,5851
11,3228
18,4708
16,9698
5,1349
10,0399
5,0686
13,5187
5,3438
1,8738
6,1551
7,1057
6,1264
14,8556
6,6478
-1,5295
17,8198
19,6766
26,0333
-0,7360
-1,5907
-4,8377
6,4491
5,5436
17,7229
32,8294
5,1266
26,7707
-4,6483
16,7436
5,7792
6,0185
18,7457
9,0069
20,7082
-2,9971
5,5566
17,1968
9,5822
4,9326
10,3327
19,6652
-4,0487
4,5234
-5,3646
2,3133
2,0997
10,1828
7,3030
3,2637
8,2572
-1,0549
13,9605
2,8707
12,2693
-4,2547
-7,5104
7,4871
-20,0967
12,3510
5,1298
4,1482
39,7016
17,0517
3,0464
10,4121
3,5423
-3,5548
10,1987
3,4207
4,4164
15,3741
1,5498
41,2467
11,4120
-2,2124
-3,3140
6,3064
0,5783
6,9643
-4,0580
18,7231
13,0309
7,2378
-0,6185
17,3820
1,3317
2,9335
-1,0698
6,2827
12,5015
10,9654
-2,0201
5,8225
34,3573
0,8394
17,8766
-5,2734
8,7085
-9,4180
-14,1706
-3,4440
26,7388
14,9935
8,7048
-2,5238
-1,3730
24,0826
8,6783
6,7618
2,0233
6,4908
-2,3502
11,3448
11,6999
-2,4432
4,0297
7,8257
5,0157
10,9004
9,4139
-5,1974
-5,8578
10,0087
1,4199
3,6201
11,7184
7,6491
9,4646
8,5903
8,1725
7,6560
25,1765
2,2521
3,6645
1,9111
14,7436
5,9473
10,9274
20,7738
4,2522
16,2716
-4,0260
2,9001
6,3044
8,1738
11,0318
3,6895
12,4832
15,5163
-4,0341
0,6873
34,1936
9,7689
18,6500
26,0192
2,0778
2,5540
11,1042
4,1557
1,5251
1,1793
4,3162
12,8178
15,3843
7,2037
10,1183
1,2365
17,1241
6,2476
51,4007
9,8318
19,0883
-7,0129
-2,7795
7,3681
27,6598
-0,0541
9,6802
4,7565
18,9071
7,6404
6,5293
17,0076
9,0039
2,7590
8,3228
-1,1001
15,9403
-4,4693
8,5908
0,6379
18,0031
11,0280
5,7124
1,5106
9,7649
-8,0686
4,6712
39,7338
10,5742
17,8368
11,9723
-2,1400
-0,5725
3,9134
14,4780
2,2762
-0,9735
22,5518
5,8761
0,1545
9,8325
31,4679
12,9795
16,6745
19,8135
-9,4276
-0,3145
1,7538
1,0713
2,0338
-2,4254
-0,3967
-5,3173
-1,1785
6,0059
48,6909
-2,2479
4,4680
20,4294
8,5205
30,5808
-2,5336
6,9081
4,7735
19,7297
-3,1922
-0,5315
2,8147
3,0398
3,2577
7,4175
26,8010
8,0895
31,5631
1,0922
16,9813
17,5185
-4,9555
5,9737
6,0539
5,8099
12,7986
4,5341
8,7003
10,9324
-3,1953
2,5966
2,5127
2,4707
8,9355
14,4602
4,8192
1,8103
7,8748
3,5142
4,2583
32,0987
27,0379
-7,2170
0,6466
18,2900
11,7978
2,8931
-1,1377
-4,7351
3,4150
7,6739
-6,8275
-11,1007
1,6795
1,1922
-0,4046
23,4761
0,3116
8,7102
1,8316
0,9889
-4,3334
-4,6991
11,9305
-6,7723
