-0.0377
5.2992
34.8252
15.8268
13.6521
31.7498
10.5740
32.7338
22.7351
-1.2334
39.0537
7.6927
22.4544
-0.4861
32.3994
17.2195
19.3530
32.2048
4.8720
20.1318
24.2054
11.7397
20.5737
1.4214
11.3045
24.1098
11.4573
23.7844
10.8896
21.4531
39.1920
8.2807
40.6399
47.5702
34.8326
4.6205
4.9803
26.4839
11.7608
17.0077
11.0157
16.5016
8.2850
14.2598
21.2511
25.8599
24.1635
5.9504
21.7366
13.6486
16.9467
29.1022
16.3655
18.7822
10.6288
17.9001
33.8122
18.1461
23.6173
9.6669
7.1069
13.9271
37.1643
15.0234
13.1319
26.4165
14.0315
16.0727
7.1868
9.9086
17.4369
7.9345
32.1296
27.0028
16.9524
38.4544
15.7468
23.9246
17.2838
7.8142
11.6398
15.0464
17.0005
22.3504
18.0195
25.1092
7.4325
25.3658
5.9768
20.6954
18.8546
12.0993
3.7079
34.3677
23.6224
0.1309
28.2163
26.2201
-4.9367
10.0794
4.2503
13.7488
9.2044
14.9991
12.1932
25.4807
25.4400
15.1420
16.3625
23.8525
21.3919
26.3257
31.9027
37.6785
19.2319
12.2289
22.3878
17.2251
20.2987
16.8255
24.5483
26.6091
22.1855
20.0672
25.3966
33.0256
13.8541
10.0731
18.9066
1.0922
21.7744
12.9656
11.9628
14.7990
12.0804
-1.3878
21.5853
15.4199
30.1665
30.4486
4.3760
8.2690
16.3481
24.9472
18.8027
12.9702
6.5305
20.8501
19.6601
13.8565
36.4180
16.1475
15.5091
18.4455
18.8120
8.2103
19.0652
8.3317
11.5027
31.8503
23.4027
32.8726
18.8114
10.8064
17.8651
16.4409
20.8593
28.8601
45.0119
23.8192
13.5624
26.4260
29.3050
-8.7923
29.9634
31.9221
24.8962
8.9496
27.3106
22.9636
0.4343
12.5904
-3.6389
9.3934
17.9133
17.7937
10.9165
9.5408
24.2353
9.4524
28.1129
20.5804
15.5315
27.2710
21.1478
9.3156
2.3131
2.1228
31.6353
28.5478
21.1144
21.3144
14.2717
19.6987
16.6198
29.7835
21.3547
17.5543
9.7646
27.8904
33.3875
18.7673
9.2360
13.0425
16.6272
34.4398
8.0643
5.7057
11.3597
14.0289
-0.7552
22.5724
14.7822
21.3491
21.1151
18.6641
14.8884
13.5192
-4.4435
38.0792
13.4867
22.1204
21.9226
12.9534
17.0168
21.5554
12.9336
18.8894
29.6219
6.1994
13.0009
13.7809
-1.2121
23.6866
12.5032
15.1058
28.4656
14.7262
7.8475
32.0258
9.8547
15.1864
5.2343
-1.1075
16.9519
17.4552
26.4190
23.7652
16.5581
11.3590
20.8810
28.9451
9.6833
7.4912
10.8180
5.4415
21.8799
17.3019
31.3302
5.8263
28.3876
8.1321
12.6880
8.3620
1.9913
21.1088
29.2305
5.7887
5.9536
4.3378
6.3049
17.1769
21.7757
11.7378
3.6911
-0.7865
18.8404
23.8263
13.7499
17.3102
21.3485
24.1115
35.7622
18.4357
13.2702
18.8568
5.5209
10.7068
20.5438
36.0958
33.0677
24.6566
29.5980
24.9983
16.0238
11.6292
23.5797
51.5888
7.1287
12.4960
20.8814
22.0832
15.8903
19.8771
19.0831
12.1094
32.3159
-0.1738
24.5912
2.8705
42.6581
23.4320
19.2965
23.8054
9.4388
34.1190
21.4704
18.2281
14.6718
36.3794
15.1386
19.5168
13.3929
11.6514
25.8997
28.1218
26.7669
3.6441
21.1876
13.8569
18.2481
20.2721
12.9956
21.9358
16.5029
28.8094
12.5603
31.9187
0.7244
7.7407
4.8719
28.7077
18.7942
27.4025
19.4435
11.4006
14.1919
0.7523
3.4895
14.2358
14.6712
17.2338
12.4901
20.3876
15.8279
18.8136
20.1795
32.4070
21.1177
18.5766
18.1466
20.6374
11.6953
15.0556
29.9585
25.0924
31.9942
26.6418
13.2740
16.3654
7.1033
6.2761
15.9261
8.0351
22.0054
28.1225
4.1784
23.5898
12.1604
11.2656
16.8147
15.9590
21.0499
16.6931
29.3814
-11.2350
-5.5496
19.7917
14.1756
5.6034
23.7981
13.2445
19.8674
-1.6540
6.3208
16.1284
34.9381
28.6475
13.3928
29.7898
29.6723
22.5067
23.4469
19.8694
24.1875
9.1161
4.4327
-0.4000
13.0878
8.1385
27.4377
10.5171
12.7528
16.1462
13.0533
23.8771
25.3302
22.7705
6.5481
13.4526
22.5979
16.1217
5.5829
21.9016
26.4812
18.0552
15.7503
10.3029
12.8589
24.8771
22.4615
2.9814
8.3551
27.3158
10.3874
18.3271
-0.3925
16.3118
3.8452
-1.1061
11.8263
25.9201
28.5537
24.0775
24.7685
17.0396
14.5229
15.8158
8.5549
36.8124
16.2188
8.4741
-1.7779
15.9881
30.1067
18.0054
28.1838
32.0531
5.8564
27.3187
32.7598
23.4906
22.7916
10.3271
26.4210
27.5636
21.5279
12.6099
25.8156
12.4795
16.6534
34.6040
14.0718
25.1173
29.9828
31.5064
33.5869
3.9280
16.2133
12.6686
30.2432
17.1487
24.6008
20.4513
18.8173
12.5295
6.3348
24.5143
38.9706
-2.0394
30.3328
19.7890
21.8478
23.3049
18.3107
15.8164
15.5081
13.6469
13.4592
24.0956
29.9334
25.0488
30.1044
36.2410
13.0695
38.1773
2.7067
11.5409
20.5466
31.7323
8.0514
24.1648
21.4714
29.8006
18.3897
18.3432
15.0146
8.0197
19.0923
7.8076
11.5536
3.7845
10.7768
16.6532
17.3573
14.6302
9.1067
36.7826
24.0315
14.0241
21.6896
23.5487
19.0566
7.6340
15.0417
37.1821
26.9920
23.0745
29.2735
13.5743
37.3854
33.2428
-0.4633
10.8092
8.6077
25.4428
19.2774
29.1976
34.1889
30.8258
29.1310
9.6013
14.5095
13.3914
2.7562
36.2154
13.8246
23.3514
35.5797
1.6377
40.8696
6.2205
28.5501
8.3835
11.3011
12.8109
20.0970
15.0942
18.6580
10.8905
39.8107
18.0785
13.8354
20.8055
18.6397
5.2416
26.8430
16.0527
7.5331
14.6626
8.7656
2.9172
25.2485
21.6243
19.4677
12.4394
30.8354
11.6895
31.1443
20.6569
21.4653
10.6392
25.4325
31.8828
14.4426
30.8905
16.9147
29.9618
9.0558
15.1489
12.7888
10.0940
3.3304
25.8645
4.8599
20.0730
18.2949
10.9026
19.0552
-1.8501
10.3884
27.4856
20.4052
27.0252
14.3339
21.1701
11.4090
22.3150
26.5418
11.2747
16.4274
16.4407
31.9257
18.6052
20.1420
13.2646
17.0770
4.8145
31.9709
13.1247
18.0967
20.9406
34.5576
24.3744
34.0843
12.4515
14.3879
11.7473
17.8211
37.1365
33.8793
12.6799
32.6264
13.6619
20.5893
17.5812
6.0613
20.1418
-5.1092
5.8663
13.9219
31.7848
18.1163
21.3633
24.6294
4.1418
9.7391
1.6240
20.3880
18.8247
10.0314
1.6274
10.8388
26.6164
15.3256
12.0870
33.9971
39.0492
21.3155
0.3868
12.1597
18.6501
19.6555
14.4573
15.5659
12.6802
11.2636
7.1361
8.5499
14.5996
21.0842
0.8485
14.0450
9.1228
27.6416
12.7892
3.8782
16.4819
24.3888
12.9331
20.9503
8.3744
35.2583
6.5580
17.5493
25.5010
22.0306
19.0080
23.8662
8.4211
29.0280
11.4975
5.1373
15.0805
16.8083
11.2914
22.8044
-7.3484
31.8510
6.6620
-0.5853
35.6644
19.9499
14.2652
19.1895
7.8457
12.1746
38.5626
14.4015
7.3640
20.5972
22.7522
9.1901
32.0278
6.8625
23.6755
24.9331
5.3857
8.2469
8.2496
34.8687
9.6156
28.6430
5.3922
21.2211
8.2072
8.5206
19.9667
0.6714
23.5851
29.4469
38.4071
7.1695
16.3829
6.7340
32.8913
20.9545
21.4479
18.6309
-0.7729
13.0651
13.3114
23.0446
19.5956
20.0521
23.0112
41.8431
3.2223
19.5965
22.9246
4.7170
2.2382
9.6859
6.8962
28.5115
19.3851
20.7983
4.6825
3.1874
31.0674
39.0397
8.8534
29.1835
27.9998
9.3182
32.8997
0.4354
15.8186
13.0312
-3.8039
19.1342
25.9713
16.5093
22.6932
16.0018
11.2050
30.1804
17.6234
16.3389
12.0103
15.7828
13.5159
15.2272
28.9094
16.5852
9.4917
6.6342
15.5122
21.0994
15.6353
10.5958
34.6298
1.7161
38.5078
15.7114
21.7723
26.0122
20.6643
15.1112
19.1280
8.0087
-1.6145
17.9796
32.8675
18.7010
25.3941
18.1917
7.7120
8.0945
6.5798
21.8787
19.4097
15.1608
18.8518
22.6157
18.5185
12.1410
11.5092
43.4533
2.9320
26.5064
10.6993
14.3892
17.8869
6.2638
24.7006
33.5482
10.1363
10.8671
23.1292
12.3539
16.6292
5.1865
29.2432
18.9947
14.9382
10.2268
6.6986
-6.9847
28.6243
13.7413
23.4453
28.4203
7.2318
32.3463
30.1414
21.4213
7.0235
10.6096
-1.0244
10.5882
18.5577
27.0018
2.8148
20.7649
2.6268
15.6909
20.5139
13.1377
25.8907
8.1656
30.4977
10.1887
-10.6554
16.3727
11.6313
26.3754
10.2350
24.2949
18.8812
10.0178
25.7068
28.9424
31.8628
22.8531
25.8651
18.0649
18.1792
1.6873
12.3300
1.7993
29.8127
27.9231
5.5227
25.2532
21.2980
24.3562
17.0990
39.2259
33.0009
23.0033
-3.2718
23.8066
25.2772
21.3686
4.9293
23.8741
32.8438
27.8681
3.5385
16.9194
9.6669
19.4181
29.6699
1.0617
22.2869
5.8727
22.5755
25.2819
15.7471
16.3333
11.1177
11.3268
25.5786
17.9046
17.2347
26.0729
32.3641
26.8425
24.8184
25.0983
5.1950
33.9211
18.7949
30.8713
13.7051
25.8735
13.5624
18.1359
30.4216
38.7272
25.0402
14.3641
23.1068
26.7346
19.2069
27.6947
17.0204
29.8208
15.5941
32.4480
35.6003
27.8530
32.9903
24.2335
36.2061
15.5808
20.4998
14.6240
34.5949
28.6867
28.1586
15.2756
6.3187
17.9509
30.7550
11.4657
23.7890
25.4394
36.6981
16.5228
33.9197
24.5423
10.2882
13.7586
16.0992
16.7472
28.2046
27.9323
26.8640
19.9956
13.3836
22.8933
8.9296
9.9964
15.1781
41.1934
32.4867
23.1469
34.4519
17.7328
17.7443
18.7135
20.2541
23.9602
2.8577
28.9587
16.5235
16.7234
-1.9594
9.1003
16.0144
18.9521
18.0114
17.4370
11.4392
23.0878
17.8733
29.2767
2.6811
17.0491
36.5277
26.4201
23.1896
34.2677
27.7970
16.2943
27.6420
1.1713
19.6385
13.7056
21.6857
37.4303
16.8567
28.8034
14.7547
30.3096
32.4958
11.0006
29.4970
4.5639
23.0897
32.0997
16.5046
12.0984
14.5275
11.3548
30.5140
20.2665
19.8242
21.9626
20.5954
4.1438
9.9823
8.2522
10.5926
28.7810
10.8243
29.2482
28.6176
31.0160
29.0500
26.9888
27.3126
17.8621
7.7332
9.7249
9.2135
3.3378
30.4536
13.5300
22.0898
24.8612
1.1375
4.0202
30.5301
10.7703
26.5434
27.9749
31.4345
17.3411
21.2343
17.9777
38.9965
26.4616
12.1344
15.0797
8.9969
18.2214
31.0017
29.2498
23.3654
12.2551
6.9262
19.0410
21.7128
27.4211
14.7749
34.2371
37.8633
9.0495
13.5878
40.6932
20.1664
33.8301
5.2214
17.3952
13.9621
14.7874
28.9242
15.9420
7.5597
17.4594
16.5360
25.1086
32.1875
23.0495
25.2456
35.9098
23.6465
7.6959
17.6384
34.7899
34.8865
29.0373
-1.0356
5.1308
17.5224
21.2353
35.7108
35.9083
6.3607
11.6352
15.3990
19.2641
13.3234
30.2987
12.1172
15.3051
18.2607
14.6332
-1.6052
15.2694
0.8345
8.3548
20.6414
14.8298
23.1610
23.8684
16.5955
9.2298
30.2350
12.2809
2.6729
16.2175
17.3260
18.1842
6.9606
13.3430
26.0896
0.6173
10.5137
29.8793
7.7731
26.1670
18.5613
14.8755
32.8775
9.0207
17.1961
22.6088
3.0652
21.3215
19.2067
15.6725
8.6855
18.6819
10.1580
35.3388
16.1807
5.6884
10.0084
20.9712
34.4075
21.0600
26.0569
8.2313
13.1212
15.1045
28.8430
20.1789
14.8813
24.5243
11.6871
39.4802
8.0838
28.8149
28.3412
18.6515
18.4438
-0.5993
13.5189
12.9149
21.0260
28.5576
31.5975
14.2447
12.9017
18.6001
8.0672
28.8138
0.9405
6.3910
7.0729
19.9535
35.8237
27.6035
1.5934
25.3832
24.0537
2.9709
35.6214
11.6972
21.0183
5.7876
25.3848
29.6354
13.7133
29.7326
18.8810
15.8698
27.6115
17.0254
15.0437
20.2228
21.2775
12.1737
33.0840
8.6651
14.7380
-2.7336
13.0288
19.9887
23.9022
0.7497
4.5875
39.9124
17.9208
10.5560
4.3988
32.0720
26.5321
27.4874
34.7188
26.0404
6.3344
25.1938
14.0122
4.9984
38.5779
4.0002
26.0494
29.1869
14.9921
-12.0837
30.2947
8.9589
42.4893
19.8566
14.2043
21.6567
30.9627
36.1643
37.0454
9.9208
20.1983
26.6853
9.5323
16.7168
21.0382
21.9574
23.3497
20.2297
20.7644
32.2014
13.0021
11.5840
35.3220
36.3902
4.3673
15.6589
14.4788
16.0182
10.2362
-3.7857
11.6016
9.1978
15.7634
40.9403
21.1138
15.4422
25.5818
24.3942
35.3191
18.0261
23.6487
10.2580
18.8009
17.8097
21.2560
10.1947
19.0692
13.5708
12.0858
6.4884
23.7145
5.0433
12.3011
28.3694
10.7535
15.0435
27.6929
14.1250
30.1065
14.8980
33.1370
22.1233
36.8186
14.0923
23.6568
34.9956
27.6789
15.9584
30.2239
15.2403
25.6966
12.9745
-13.6031
18.2980
19.3174
33.8463
6.5229
20.2173
32.3128
12.7075
1.1991
27.1835
28.7616
20.9985
15.7804
23.1241
3.1312
31.9723
15.6515
3.4675
29.0152
13.8505
28.7423
2.9001
12.8973
24.7247
26.4569
16.3411
5.0205
12.7537
14.0890
18.9571
5.9946
22.4840
35.9761
23.2219
17.2542
22.0763
27.6608
10.5478
25.7316
13.1012
26.2539
24.9875
15.9299
25.2926
23.2069
4.3521
28.7722
22.2357
23.8129
22.1718
16.4905
15.5592
21.4610
2.1151
12.5048
11.5602
13.2623
23.3294
27.2626
12.0727
18.2781
5.3015
23.8456
19.0938
9.9740
35.9059
18.6141
31.2897
8.5779
22.2673
18.1445
8.1523
24.9081
15.5243
23.5586
28.9812
5.4861
6.5363
26.4186
20.8571
30.4381
31.5770
11.1641
-0.8555
4.6361
16.0489
16.5484
25.6457
33.4914
11.0917
10.0186
12.0238
28.1477
19.2893
3.4391
12.2569
10.0134
24.4015
31.8004
28.6771
16.3298
13.3605
8.6341
12.3480
23.1086
17.3385
5.7963
16.8479
2.9843
9.3965
16.6640
30.4323
30.6374
7.0835
6.9698
24.8947
17.9379
17.6412
16.7578
29.0350
20.2971
32.8343
10.1091
25.1507
42.0766
11.0196
21.4265
0.0905
16.7268
14.3701
14.7742
13.5917
12.7711
5.8060
16.7269
10.1497
28.4345
23.9799
20.3000
23.4467
28.6188
10.0392
25.9405
30.1016
19.5660
21.6291
27.8324
25.9085
22.6153
19.6509
28.6807
16.6576
26.2251
11.2385
11.5877
22.8816
2.0718
2.3213
17.7798
23.7520
33.2990
13.1238
21.1374
24.1349
31.4310
29.5328
5.7753
33.2157
15.2941
11.2197
11.3043
32.1192
12.6323
39.1698
11.1446
8.8589
8.8937
27.0063
8.9670
25.7622
23.6045
13.6387
21.8795
16.5736
13.1130
15.0666
10.0297
23.8950
28.2993
11.8524
13.0120
37.7969
38.2583
37.1852
0.0196
18.0078
26.2641
18.5990
36.8031
11.4474
19.8791
4.5786
23.1794
10.1377
30.1769
29.7977
22.2142
24.9807
12.8421
25.7368
25.0352
17.5045
23.0647
23.9785
40.8467
8.2930
23.1439
1.8382
12.2170
20.2706
23.1071
25.3608
10.7003
30.1859
13.6678
33.9844
21.3254
13.9481
21.7527
14.0801
7.5810
20.4594
2.7470
13.1463
14.6921
6.8829
19.8105
6.5943
14.9926
9.4467
41.6495
1.1097
14.0046
7.2037
22.9113
18.9789
6.5909
18.2618
32.8672
20.7358
24.0072
16.9883
34.2671
14.2738
21.1820
17.5497
30.6488
21.7961
-8.2440
8.1855
15.9093
12.4394
23.5876
16.0378
19.0608
18.3001
10.0417
21.6133
15.9245
13.2053
23.2892
19.1059
7.6301
16.7551
30.1861
20.4387
10.4044
30.7632
27.7713
19.4127
21.1597
24.3112
32.7476
30.8299
22.4682
28.9663
17.9650
31.3813
14.2478
26.3010
27.4116
3.8865
-3.6000
25.8819
6.1586
-0.5274
16.7343
12.8329
5.1598
0.0244
28.6884
32.7222
6.4265
34.4515
26.6954
19.8095
23.5002
9.6100
-1.8441
11.8906
26.7685
5.7158
24.4511
19.7380
35.6239
21.8602
14.4230
21.0599
3.5194
24.2529
22.6861
15.7719
15.8538
12.3396
21.5696
11.8814
16.6692
22.6027
18.2941
4.3702
21.9754
29.4114
20.6551
24.7421
19.9961
5.0467
19.0192
13.2138
-8.3621
19.0979
4.6203
10.5657
17.7526
21.3543
10.8765
10.0576
13.8482
23.1748
4.5671
25.7475
13.6967
13.9255
11.2889
10.1732
8.1356
11.2572
8.9470
14.8593
24.7393
22.1414
17.3447
14.7949
16.0159
11.6580
23.4836
7.7380
13.5052
15.5329
5.6222
11.1692
7.1833
19.8169
28.4891
11.8368
37.2987
28.8564
19.1281
24.2148
30.0725
26.4742
13.4579
8.1370
6.9715
12.7460
26.4567
31.9233
10.5103
38.7349
2.9040
15.5662
17.6883
16.5504
-4.9351
23.6473
12.7205
26.3136
0.7490
4.1502
7.1045
7.0795
22.8358
8.1502
21.6747
13.9787
21.2011
18.7204
23.5855
20.4416
21.6260
13.9855
32.0962
11.4323
13.3662
27.0295
13.3668
7.6011
7.1055
25.0887
28.1722
18.3415
38.4220
22.6735
6.0302
16.5261
11.8967
24.6424
29.9650
8.5836
15.0075
13.8616
19.3648
6.4973
13.6364
22.0795
18.1757
24.0296
26.7271
17.0829
44.2316
4.8957
26.4598
10.5078
6.4959
25.7387
6.6365
33.3527
1.9504
27.5430
18.2759
11.4629
20.5565
28.8291
22.8182
45.3249
26.6184
3.2851
39.3529
10.8273
19.9463
4.5117
9.1681
33.1224
19.8053
25.5048
22.5317
29.4460
7.8567
8.0036
29.9229
9.8129
8.1723
43.7305
2.8240
-8.5484
15.5620
20.8879
18.3085
-0.0710
19.8620
24.3862
27.1106
3.6564
22.1160
-1.4466
11.2646
10.8186
27.2090
46.4116
31.8933
-5.0931
14.0905
19.4973
32.1236
9.3255
23.5853
32.1071
21.2527
15.6541
7.2788
26.3475
33.8299
29.0638
6.6477
16.4701
20.3828
12.5125
14.3558
15.4048
25.5038
21.9802
33.1245
23.4506
23.7957
13.4357
29.7725
15.2303
16.1490
16.2388
17.7140
24.7558
24.8650
10.4047
26.3887
18.6583
11.9342
19.3925
19.1959
11.8849
30.8234
-5.1767
12.0715
36.8594
21.1800
5.3214
19.8542
25.1987
14.9870
21.4543
20.7898
23.5076
13.7917
35.1405
12.8048
26.2832
24.5319
2.2567
35.5273
18.0165
24.5281
28.3457
18.1456
20.5493
21.9686
-0.2894
21.8469
13.6220
18.7299
20.9564
23.2933
40.1641
4.7113
44.3154
21.7181
19.9629
23.6011
9.6903
27.1511
3.8392
18.8098
7.9045
10.5911
14.1845
34.3811
10.2082
11.8159
15.8616
17.9882
18.4851
10.9648
23.5699
35.1956
29.2110
13.6991
9.8519
5.8804
2.6856
33.8470
25.2714
23.1974
0.7535
24.8194
29.1201
27.0238
16.8065
27.1327
13.1365
9.1615
14.6470
3.0680
7.7408
13.2307
24.4077
17.1650
26.4934
1.5136
26.0377
12.0182
12.5854
11.7940
37.2797
32.4807
21.8893
-4.6022
17.6350
18.1434
22.3820
14.6998
28.6436
17.9505
13.8297
30.3773
12.1440
13.0546
15.9900
12.0016
10.8800
17.8944
28.7953
13.3457
33.9470
22.6337
12.2354
2.6781
17.4199
12.0920
24.6446
15.0989
17.3305
11.3595
17.6912
30.6880
13.1148
24.6064
19.0707
12.3374
18.3506
32.5100
13.9620
25.1446
3.2451
16.1503
10.5466
1.6215
22.5968
24.8624
19.0813
9.0236
26.5181
5.9005
28.6133
17.7047
6.9841
11.3950
24.0283
25.8173
6.1419
15.6648
21.1647
16.6216
22.3779
15.8348
7.5189
23.1746
7.7083
9.9666
12.1912
14.1325
14.8900
26.6247
23.7597
13.2200
16.6564
39.3213
11.8751
14.6108
13.4592
17.6569
24.3772
10.4693
14.8353
29.8215
21.9677
17.6784
13.1294
0.7815
16.5750
8.4638
14.0335
18.1580
26.4798
8.2319
20.2056
18.3081
11.9101
27.2248
18.3007
21.4717
6.2239
24.1219
15.3523
29.6252
23.9629
14.5084
17.0811
8.4920
19.1601
16.4259
37.4442
22.0449
5.9302
15.3862
35.0321
26.7318
17.4782
30.1806
14.1943
17.4464
29.0916
11.0715
1.4011
15.8022
23.0841
5.8695
4.7625
19.9166
12.1445
5.0733
12.5541
16.2000
4.0164
33.7130
14.5910
19.4808
16.5844
30.1580
19.7241
32.1910
17.9344
19.2269
17.9619
17.4523
8.7023
29.9563
25.1447
22.2221
20.6400
6.9927
18.7552
8.4898
18.7636
27.8066
7.8519
13.9278
17.4732
12.6501
11.6969
16.7475
14.8350
18.6531
4.2628
21.7130
17.1289
3.2465
30.8003
31.5719
21.8624
22.7625
9.9794
3.0313
35.8644
16.7008
20.3598
19.4885
30.9969
10.8898
24.7167
21.9358
12.8938
27.0044
22.4906
24.0757
32.6440
18.8982
15.9600
14.0881
25.6386
20.7184
12.5136
14.2984
14.2743
16.3630
28.8671
20.9442
21.5002
5.0893
24.3733
4.3332
17.2672
12.3710
9.1846
18.3689
18.2081
7.5295
5.4173
14.7802
25.3241
33.6291
19.7575
17.1170
27.6541
22.3365
9.1872
18.9548
23.8347
10.8318
22.8083
11.1015
26.8690
26.8238
32.2649
12.3444
16.6907
5.3290
43.4686
9.7501
25.7705
4.9282
8.3750
34.0679
11.1977
15.6144
11.5005
8.8344
20.3170
27.2995
22.4348
7.2228
18.7563
16.7504
19.8953
19.4477
13.8346
8.9416
27.7943
16.2991
14.8899
22.7132
18.1800
7.8005
6.2530
14.9399
2.6718
37.9969
22.6706
11.6445
8.4028
15.7870
9.0735
8.2219
27.3058
7.0388
5.2730
18.8019
24.8532
17.3860
10.8862
5.1453
5.9053
35.4030
12.4147
34.6741
25.3224
31.9827
22.6933
18.0947
11.2562
23.1834
30.4277
25.4890
16.6590
26.6748
1.1657
7.2829
22.1062
19.1655
18.2789
21.1085
14.8574
2.9765
4.2415
23.3646
9.1897
5.6107
21.2790
28.4168
25.4421
19.2316
-2.2904
28.5270
14.7052
12.3396
11.9137
9.5084
7.3605
15.0559
17.2520
7.3335
20.8349
27.1497
14.4435
30.2736
16.7541
19.3457
26.1779
23.2076
19.5282
21.2944
12.0088
21.7697
22.3949
24.7755
10.9341
30.8757
21.6374
19.6677
-2.2692
9.2378
26.2404
38.2846
15.9722
8.4698
24.6515
29.8566
20.8138
16.5849
15.2184
-1.2484
28.1342
3.6888
11.9330
3.3064
23.9642
21.8385
-8.3707
14.5605
20.1958
17.4368
14.5088
1.1052
14.2170
28.9342
16.0542
19.4401
7.3447
23.6637
30.1792
10.4148
35.5240
19.0214
-1.9865
12.6049
20.3373
24.8132
33.5460
18.9965
13.6482
18.6216
-5.9727
2.8356
4.8337
13.9059
11.4047
4.4078
26.0867
24.5433
19.8512
16.2525
8.9617
33.4796
29.6243
23.5195
16.9201
9.6694
16.2378
9.1354
10.0433
18.1732
8.0072
5.7229
9.7187
22.4307
17.0026
22.5701
12.8699
16.3259
17.2460
17.0973
17.1782
11.7908
6.7353
5.6519
30.0937
27.3989
10.9042
14.3405
-1.7644
17.0799
21.1816
13.7126
37.8654
24.4979
12.1485
16.1209
3.8987
26.6521
4.7997
29.4339
33.0927
8.9818
17.2393
23.8767
26.0579
16.7709
9.0886
13.9909
28.5741
27.5776
18.5344
14.6883
33.6225
4.0502
13.2142
19.0730
5.2922
24.7143
24.0950
-5.8307
22.2281
17.4010
4.9576
8.9692
14.2873
20.9192
23.9423
15.2754
28.1918
9.5577
22.7102
23.3311
11.7779
1.3235
9.1396
34.8961
25.1869
32.2201
33.0315
14.6885
34.4068
23.9525
8.9660
27.6254
17.9526
30.7310
11.3508
8.4424
26.0064
12.3220
15.9178
22.5710
8.6294
21.6031
16.5092
9.6218
-1.9115
14.3639
10.4654
8.9573
28.5241
17.2898
5.7054
25.6116
1.7395
15.1973
9.2968
13.8913
14.3529
10.8921
18.6025
22.7250
20.8605
37.6011
33.9150
5.9232
14.8918
26.7814
9.4051
-3.3008
8.1207
15.4758
15.1830
38.5284
18.2934
7.1689
13.9996
22.9330
12.5821
35.8336
17.8309
8.4570
19.9892
12.9680
12.4146
26.1428
11.9817
13.2836
21.7934
6.7167
23.2307
24.9861
20.9948
18.9450
18.3616
9.8908
7.7912
10.0560
17.6054
6.1670
34.4709
18.7363
23.1602
13.5512
1.9245
14.9736
1.7979
21.7370
10.5264
26.4442
22.0012
1.1864
-14.4472
12.3925
-3.8258
25.5214
34.8323
1.7569
36.2744
12.2850
26.8695
14.2560
24.8237
30.0147
20.1049
13.9623
14.4730
20.4745
27.8376
22.0936
12.3031
17.5800
31.9565
28.9153
11.0888
12.8722
13.9128
20.2630
39.6665
23.3244
9.4338
15.5421
3.9665
13.4742
9.5865
23.4911
16.7727
13.3942
16.3298
22.7542
13.7764
24.9539
17.4172
24.4515
2.9177
25.6272
20.5714
10.2440
17.4764
10.6241
19.2585
4.7661
32.1657
19.2183
10.7759
2.8397
29.6728
31.9213
34.2955
20.1324
14.4671
17.6494
16.8943
24.7149
17.1720
12.1969
0.1597
19.3176
39.6752
15.2705
15.6604
24.8322
7.9733
29.0450
20.6313
23.9221
18.2916
11.2793
37.6766
10.2363
26.8382
26.8144
15.6198
17.6121
37.8512
27.6887
31.9049
7.9393
21.5374
26.8348
18.1545
14.8877
35.5297
41.9489
28.6542
19.6986
28.7137
27.8655
20.0768
16.5156
14.5283
27.2009
2.9227
14.5649
23.2976
13.0741
23.4521
14.0753
17.1694
13.8107
35.7853
6.0751
12.5208
7.1513
11.2235
11.5582
7.7970
32.3185
21.0347
37.5456
-1.3353
16.9797
36.7431
26.5032
11.5770
30.5320
13.1991
14.0959
13.1687
-4.3700
21.8231
16.5012
0.6127
11.1641
24.9163
18.9681
18.2052
11.4792
21.5142
23.0725
16.1449
38.0587
12.6174
5.2801
16.1223
7.2573
16.9917
9.6618
8.5268
11.4766
11.7902
14.0324
13.5534
37.4134
9.6266
25.4356
25.9165
15.6767
34.3572
29.2355
17.6668
36.4240
38.7710
15.3717
27.9643
9.5112
11.5216
21.9556
3.2176
16.0119
23.1059
41.3201
34.4951
7.2977
15.8215
21.2285
13.0282
19.0411
24.2115
2.2793
10.7996
6.8691
18.9379
27.8223
27.2022
12.1397
5.2774
30.9360
6.5093
28.9951
5.6398
1.4568
22.0701
16.0449
24.3693
6.3576
10.2877
8.9904
17.8451
28.6897
9.4452
1.7902
27.1997
24.6567
23.6586
29.2787
12.2952
10.5574
17.3120
3.6086
22.5472
42.8159
11.1845
26.4820
9.3733
28.5818
27.5992
4.5054
23.5501
29.9799
21.5906
2.6852
19.1077
27.9523
25.0680
18.2725
24.2760
3.9859
5.9445
17.2859
21.4726
9.9071
18.5432
26.9151
19.6290
9.0020
31.4106
32.3641
18.4351
4.1278
14.3480
16.1499
21.9757
25.6544
7.8511
22.5466
10.9768
17.0920
16.3734
25.9937
11.5823
29.7536
26.6640
18.9070
21.9035
7.9986
21.3470
11.2947
24.0041
26.0074
8.6945
32.0738
20.7249
28.0944
23.3559
17.7971
11.3758
12.0032
17.6843
26.8270
15.4102
11.5746
5.7473
23.3686
12.8539
4.0197
19.1634
18.1072
8.7809
11.7476
28.4055
13.2571
12.6128
8.6843
11.7686
6.7850
11.5053
17.7593
14.0648
3.1905
21.6419
10.5182
3.9937
6.9106
3.4860
11.7905
32.2768
29.5722
37.1703
10.5495
15.0921
18.0594
17.3018
32.6186
22.1705
23.6875
14.6386
22.6371
15.7221
45.0745
36.5734
25.0353
4.7102
14.9522
23.4349
4.7523
12.4130
20.4340
13.0707
13.5442
13.9959
1.7175
6.4256
5.0221
9.3457
20.1036
17.0993
23.2721
42.6103
18.3274
32.1443
17.8428
26.4439
25.0903
26.3930
20.7828
-2.4737
4.5411
-0.1612
21.3961
30.1081
18.6034
14.7127
16.5582
11.7860
26.3277
33.3949
8.0346
13.0776
26.2475
4.6525
17.4591
4.5755
23.7351
25.7407
2.0749
6.5291
10.6827
18.0395
32.2120
2.2567
6.8457
18.5602
10.7464
25.8026
15.4193
6.6760
6.0825
16.8939
31.8455
23.3581
6.8831
18.2697
26.6325
31.4474
23.6638
16.7257
0.9685
24.1871
8.6277
35.2135
24.2002
14.9417
13.6850
26.8697
5.9846
15.9779
3.7211
4.5291
-2.2014
16.7540
8.3482
14.7242
6.3954
24.0958
16.2587
11.2632
15.3223
10.7818
12.5526
25.7741
13.1249
39.5333
15.5287
19.1794
23.3503
7.9670
25.8293
35.0127
25.1148
14.1038
9.1211
8.7162
32.9409
0.8869
16.1498
11.9598
25.6844
14.3768
8.0992
9.0512
11.4266
11.2648
22.8089
12.4747
23.9782
2.2412
24.4965
13.0873
10.2388
35.5328
15.8980
10.6368
21.0778
11.0933
-1.9786
26.7856
16.4829
18.8930
23.9567
4.7903
30.7581
30.8768
11.8356
23.2069
25.3401
8.8232
30.6566
16.9232
20.6938
16.1580
5.7671
22.8601
17.0173
17.2271
31.3020
23.1329
23.3134
23.2583
19.7881
31.3508
12.8564
9.9765
19.4863
8.3766
10.9567
8.5587
12.6162
12.8966
13.1037
27.2955
34.2780
10.4563
23.0174
12.5573
16.1022
38.0960
1.9233
25.9890
5.1024
21.3526
1.8983
27.7343
15.8735
18.1977
6.4804
7.7316
19.0778
35.4492
35.3726
19.3002
36.5523
4.1710
31.9672
6.7344
15.8147
33.5789
17.7972
13.5038
14.3426
39.1106
1.5254
10.5455
19.1495
3.2090
0.7327
25.5691
22.0047
15.0831
7.5331
0.1416
22.0787
27.8967
15.8000
20.1228
22.7059
0.0645
17.4433
12.2679
15.1206
9.6520
-4.9943
-1.2926
14.9837
29.9120
24.8190
30.3844
32.1896
8.5701
13.8110
21.2652
13.4471
11.9502
16.3580
9.5195
20.9527
31.6740
24.6504
9.2543
15.2370
21.7295
20.7101
11.9102
9.7443
20.6548
12.0453
18.5963
31.8291
11.4642
22.4544
11.4606
20.6307
23.1149
28.9363
4.9422
5.7549
8.8928
13.1819
35.4870
21.9203
23.9607
-5.2017
19.4965
3.2531
-2.6729
18.9854
1.5391
-3.6562
28.1789
29.4268
8.7951
22.3340
13.1318
23.2672
14.4001
8.4661
5.0513
20.3690
13.4679
17.7226
36.1746
16.9185
8.9052
28.4743
17.9393
15.0712
7.7010
15.0804
7.0661
12.6903
16.4469
6.8826
5.7464
9.8531
17.7671
14.7691
23.6970
27.7472
6.4073
10.4857
8.9766
19.8120
21.3968
7.0503
13.3102
5.4527
28.9812
12.0281
25.1014
5.4210
20.2563
16.7193
13.7934
29.6808
8.4420
23.8833
22.5738
15.6269
15.3026
6.2693
7.5610
23.6988
9.3975
17.6128
30.7991
16.0077
3.7854
28.2061
15.6950
37.6753
24.9413
30.1588
11.1255
10.1948
27.9714
14.5716
25.6194
25.1934
23.2624
19.7426
6.8232
13.3345
24.4879
35.9717
11.7872
26.3364
17.2436
17.1462
12.9516
27.2929
37.4759
37.7893
21.2471
16.0900
12.7817
13.3698
38.2288
28.0136
18.9965
7.4318
12.7268
8.6637
23.6375
6.0486
35.9683
5.4332
32.9346
11.4992
6.5405
5.7455
4.6541
36.5782
37.6765
25.0287
21.3564
9.1632
20.4359
10.3724
17.0517
-6.9635
37.6675
18.5815
5.8359
4.3761
15.9237
25.4957
32.7156
-0.5431
22.9481
10.9661
8.2286
13.1031
16.1786
10.3862
15.8021
19.5918
17.3690
25.0293
11.6040
34.0766
23.7937
9.5659
20.0384
38.4494
26.1747
5.1547
31.6330
28.4698
16.2447
-3.3869
1.6519
9.2836
9.4312
19.7197
24.9860
11.1100
10.5205
9.9530
32.2863
28.6630
34.6987
9.8674
28.6804
20.4293
9.5751
38.1008
23.4730
29.3854
41.6396
0.8343
18.1353
14.6268
23.4119
9.6676
15.8434
9.0351
22.2271
16.7145
13.7375
10.3230
25.3197
22.1677
33.2911
27.2584
5.9619
12.1766
38.8182
26.2110
25.4238
11.8079
16.8596
11.0568
19.6827
7.6362
9.4815
38.9348
14.9466
23.7658
8.1502
30.4117
17.5917
21.7154
15.6901
14.8955
30.4909
16.6227
6.5857
27.7972
18.1740
16.2859
4.9813
7.5152
39.1980
23.3185
18.4107
7.4169
7.0851
30.7693
30.1883
11.0201
31.9516
11.4144
-2.4935
30.3731
16.0643
15.4113
38.1247
14.8929
20.7324
22.6276
18.3960
31.6324
15.8733
22.4464
14.9476
27.8222
25.8121
33.1170
3.9578
13.8681
16.9919
14.4179
15.3770
27.6541
14.0693
34.8100
14.3830
13.6061
26.7809
11.2916
6.3252
18.4611
35.2583
2.8432
18.6494
10.4099
4.8518
17.5440
-0.8483
50.7506
14.1074
17.1841
31.3889
20.5801
19.5248
3.3711
22.3644
29.9958
30.4592
19.3028
28.5079
17.9101
27.7738
17.5196
12.4233
25.8331
30.1678
23.6418
24.2815
18.0080
4.1119
30.6943
10.7510
20.5849
25.9764
7.5742
7.1090
31.6084
32.5564
3.8494
25.2657
44.6036
26.5065
15.5850
22.4102
5.3646
8.7803
18.3771
2.1390
13.8359
10.7126
9.7817
42.8316
18.3956
20.1761
17.1688
12.6405
13.2127
17.6997
5.1711
32.2466
8.4808
35.6543
6.4843
29.9389
2.3592
26.1613
16.5405
7.7228
34.6489
24.0739
15.8841
3.0971
28.6946
18.6441
32.1400
33.1843
-3.4446
27.4624
14.0165
21.0558
23.0908
24.1189
26.4154
24.4227
17.7899
29.8945
26.5297
23.4624
33.8099
12.6725
22.2439
21.8313
32.8755
29.5888
22.9979
15.6877
22.1537
19.6952
18.4030
7.9583
23.3358
33.0842
26.9805
23.4806
7.8974
13.9212
26.9234
29.3652
9.7694
5.5406
15.2196
35.8934
26.0552
27.0683
18.1119
24.4756
27.7007
26.6183
32.4440
16.2189
11.5715
31.6457
40.5774
27.7655
11.2209
6.8184
4.4335
10.8472
31.2962
20.6003
21.4594
21.7088
3.8196
32.7901
33.5212
15.6724
15.2718
14.0430
9.8064
21.3015
29.1995
16.4273
18.2683
10.7517
14.9514
43.3558
17.6424
10.5609
28.5932
18.0479
14.2942
12.2426
36.3534
16.5617
18.9406
30.5122
23.9592
2.9490
4.4230
13.1254
19.4865
25.4805
1.4431
12.3262
24.1940
30.0646
8.4305
19.4854
19.8781
15.3177
11.1610
13.4270
13.3442
27.9035
17.8561
31.6856
15.3014
24.5034
27.6524
17.6984
28.0063
20.5011
24.2333
8.6490
-0.4434
11.1891
23.3122
24.0003
27.0126
28.4305
14.6458
14.2895
17.5626
38.0298
16.0453
20.0786
15.6241
11.3304
22.8956
16.8748
11.3447
13.3578
22.7986
33.2142
12.0584
31.3829
31.4068
11.4457
16.7715
38.1869
13.4670
16.4077
13.9842
9.2467
34.5761
50.0362
27.9833
33.4383
25.9557
13.4727
39.3588
13.2213
19.6185
37.6220
6.4923
17.5574
18.9731
34.4672
21.4885
30.8629
4.3182
32.0672
6.2980
19.2541
17.7172
29.4973
11.8992
13.3257
17.1135
30.9104
25.6923
14.3816
11.1879
23.0226
22.5622
23.7085
40.9177
41.7999
18.5142
18.0248
16.2497
13.5401
7.7281
14.6544
18.6983
7.4796
17.8748
9.4581
22.0530
24.3743
17.8375
13.6242
6.2352
-0.8371
23.2175
9.9324
9.5644
18.4849
14.8195
22.4866
23.9323
21.5187
21.9729
30.3769
2.3548
12.2244
3.4756
19.2464
43.6760
32.0693
24.6893
12.2639
2.5707
21.8055
38.1521
2.0087
15.5769
35.3379
25.8621
27.5943
24.4503
25.5249
35.5700
5.8369
27.4991
31.3493
12.0994
24.9563
34.0823
33.0656
6.9105
24.0688
20.5304
-1.0558
19.4521
20.6744
28.0300
20.8315
30.1221
6.8684
39.5345
39.7382
21.4379
17.9009
25.3196
12.2655
7.9867
33.0475
-1.0803
17.7740
16.6351
29.4529
16.3461
7.4538
18.1814
23.1794
14.4839
19.1880
7.3074
33.7596
19.0659
29.5590
19.6663
29.7708
7.6318
32.9742
4.8998
39.7916
22.7504
15.6944
41.8862
27.4501
14.2089
24.0766
17.7860
6.7428
5.4104
13.9639
41.9090
25.5396
19.6005
18.4068
10.0552
11.8835
23.1917
13.2198
23.7697
21.7099
34.7263
12.3936
19.9347
15.0535
30.4336
13.9615
10.1835
12.2697
21.4193
10.2144
14.3319
8.3029
19.1996
17.5836
19.3143
25.0396
16.5442
30.8249
19.7786
9.2671
26.4959
15.6547
2.7186
15.7822
30.1744
35.8648
7.1817
27.5967
12.9671
12.1707
-2.4721
30.2588
24.1270
50.7526
10.4668
22.5252
25.3130
30.3925
19.4983
18.0357
20.0552
30.7561
25.6797
19.9345
9.9434
38.1527
16.6586
20.7906
2.8319
23.2188
13.1718
-3.8156
21.4958
16.3678
6.6116
44.2701
6.8569
21.1922
17.6579
25.2738
10.6295
5.0284
13.2167
18.8391
4.4436
-3.5450
27.0208
9.6134
28.0835
7.3296
5.8482
31.0141
25.8023
16.2803
11.2445
11.7948
1.7048
5.7731
9.9991
10.2936
32.1752
12.7218
8.0845
12.3176
22.1069
21.1533
35.0606
17.7392
13.2273
24.2229
19.4781
12.4389
13.6399
18.6486
11.0702
19.9855
22.4300
24.0701
23.4189
19.0982
32.2443
31.4311
10.2979
14.0464
24.0260
9.0694
18.5117
25.0952
10.4279
33.4139
28.4066
9.7919
22.3405
26.8920
16.3389
16.2906
4.5935
32.2501
16.9489
8.3975
0.9339
24.7033
40.0881
10.3516
16.9977
5.0683
7.4809
16.6212
7.3587
15.4101
22.4130
18.6637
17.9706
12.2923
29.6924
8.6816
6.2261
20.5719
15.2926
28.0931
6.3037
12.6699
29.3379
11.3666
25.7848
17.5141
23.7430
16.1535
35.4679
22.5738
13.9634
4.8588
31.2483
17.9698
5.3989
7.6575
26.6269
10.3291
6.7340
19.4097
19.9479
27.4528
24.5723
18.2013
17.0887
24.2305
8.7997
23.8401
7.9146
33.6594
41.3421
41.8164
1.9567
13.3657
20.2606
18.2292
19.2800
7.4813
30.0742
23.7073
25.8400
15.1033
35.6354
17.4827
8.0383
13.3777
29.2810
6.4008
17.0066
16.9160
11.5424
25.2606
28.3378
-3.0206
18.5574
37.0661
16.1985
19.0972
19.2908
11.1571
5.7521
30.1764
20.2013
24.5126
33.8121
15.2016
32.2878
25.0370
16.2710
10.4721
9.8535
16.3591
7.2957
32.3555
23.6597
25.4668
30.0813
35.0352
27.6195
20.3570
19.0236
18.4085
42.5659
32.1155
33.5148
-5.1604
8.5810
8.3300
8.1721
9.3486
37.3159
38.5288
28.6539
14.0739
43.5675
17.8167
7.4677
6.1246
13.3168
26.0081
11.2797
5.5956
12.3681
31.5828
23.9999
15.2256
21.6870
35.7580
22.3151
16.5911
19.8729
11.8489
12.6068
30.4357
3.1298
12.0798
3.3980
29.5341
9.5432
48.1172
5.7137
14.4334
30.4281
14.7723
27.2820
10.6425
21.4208
34.0931
22.7333
1.8695
14.4173
13.3090
28.9366
10.3000
7.7086
13.2709
36.9257
14.5858
18.4145
15.4369
4.1356
11.4759
14.0109
12.9805
18.5230
12.9394
32.2161
24.2891
19.2860
24.1251
22.6642
2.1136
17.0916
21.7296
16.3351
11.1444
37.6080
25.2023
24.8613
16.7492
13.2950
22.1114
20.7531
18.9790
4.8244
45.6098
32.2610
14.0771
24.4532
13.3370
16.8319
22.2914
10.1504
11.0031
10.9678
-1.3436
14.6310
17.3519
-3.1818
40.0043
4.8718
6.0905
18.3510
9.8907
28.2920
25.9248
25.5996
20.8044
24.1837
11.7673
14.0450
42.1811
15.7777
18.4522
8.9160
12.8611
28.7364
34.3481
31.1888
14.0827
18.9555
4.5095
41.2797
22.4720
7.7558
23.0584
0.3603
6.9535
24.7761
11.8466
24.8223
15.2379
7.6567
20.2164
13.6759
7.0598
9.3223
4.1088
3.0092
16.6832
7.6646
27.9407
5.8876
31.8535
21.9833
8.8064
33.5051
26.1911
30.3600
16.1619
16.2584
2.3682
17.6180
37.2228
10.5722
9.5409
23.0244
26.9763
34.3268
6.2038
21.7439
13.6576
25.8372
8.8726
11.7264
-0.3952
16.2509
13.2222
34.1956
11.5648
13.4667
28.5819
8.3686
15.6163
8.6165
20.5156
15.8312
20.7066
33.1913
26.2088
33.9955
12.4551
13.1737
15.3659
14.2352
18.1066
22.5950
12.8123
41.9168
15.8309
4.0828
22.9418
15.9832
28.4531
13.5764
6.7010
16.7054
15.5877
10.8958
8.9723
17.7673
9.7256
24.7147
17.0362
12.6003
16.7957
17.4978
30.7811
33.5208
23.7355
30.5287
35.6845
33.1375
38.9756
16.0830
26.6463
14.9650
-2.4690
15.1740
11.7479
6.7141
13.8463
10.5666
16.2333
19.7361
37.1599
1.0261
27.1750
15.9345
27.3319
21.0481
37.0250
5.9072
6.1409
35.0978
20.4469
12.6313
7.8228
9.7386
7.8917
40.0751
21.9775
14.0293
16.8511
13.1929
37.9961
16.8199
17.4096
13.9073
22.5401
24.5968
8.7805
35.0812
28.3092
8.5731
11.3429
33.2629
22.2922
-4.4920
19.2336
12.1158
34.1875
2.5944
18.5637
21.0568
29.0698
3.6475
15.6958
34.0132
26.7423
30.0320
21.3725
12.1941
13.5894
13.6067
18.5925
6.3837
20.3043
27.8675
27.9657
12.3447
35.9296
9.9963
4.6271
8.2406
-11.3851
7.0318
13.9703
6.4873
23.5878
-0.4827
20.1882
34.9227
34.7670
17.3393
18.6450
18.8551
15.5601
24.8159
13.1495
10.0226
8.7866
8.4278
13.8796
14.7734
33.0423
28.6877
21.2276
13.5772
29.0928
24.8356
23.5502
26.9143
25.6434
35.6424
14.7911
43.2244
-6.1986
2.6042
16.5621
20.2202
35.7793
15.1407
17.9149
19.2870
8.9515
15.1483
15.5779
7.4618
40.6941
15.8842
16.8971
30.4121
12.1302
15.8129
7.4396
34.0018
14.2163
23.1588
9.7407
17.2304
15.3170
20.5034
20.8308
11.6053
15.8006
15.2845
27.1374
13.0320
17.9542
30.9150
10.8264
18.4183
26.1069
11.2884
22.2543
24.8272
37.3697
13.4071
16.6953
25.8350
26.9430
17.3480
13.1622
27.2995
22.7186
28.1802
4.1036
9.0768
23.8572
18.9951
15.6912
19.8194
35.6831
17.4400
24.3981
1.4709
20.4254
13.3596
14.3368
8.2789
27.1745
17.7416
20.8398
6.5713
20.3851
10.1894
6.8144
8.4558
2.6186
-1.6553
9.7757
43.5465
17.7761
15.6915
23.6003
14.6358
-1.4574
24.8771
18.7052
28.7239
14.6286
51.7878
5.0029
18.1395
33.2027
15.4472
21.6281
15.4549
18.6083
35.0220
31.2310
35.7207
9.5629
28.3417
18.6409
25.9610
27.9870
13.6463
16.8196
18.5830
16.3930
16.7170
18.0030
7.5962
22.2884
16.8748
25.4998
15.7093
19.6963
11.9222
22.9513
13.6976
22.6320
25.0496
16.5675
16.4027
7.9704
30.9667
12.1798
10.6207
22.8995
15.5544
-6.5693
22.2519
2.6308
30.1559
30.6003
9.9709
12.5618
13.8414
3.5884
6.7060
15.2614
33.6610
19.2296
17.4595
38.6754
19.4794
12.5227
10.1053
32.8542
3.1915
24.4095
20.8772
7.3375
27.8007
36.7912
11.5000
7.7692
-1.5093
0.2316
35.1235
8.6518
9.2670
18.5553
25.3617
2.6546
20.1212
4.6833
11.0991
8.9272
26.8893
20.2703
26.9969
35.7127
17.6168
18.3519
11.6630
17.0491
12.3129
24.9300
31.1140
22.7651
6.2070
20.6585
11.6667
30.5076
32.4629
10.5538
32.1905
4.3645
27.9377
11.8319
30.8081
40.6641
30.7029
22.5441
21.8455
26.9386
27.6969
23.9240
41.6968
38.0222
18.7385
13.0214
12.9323
32.8160
20.7346
19.1240
4.5934
0.8318
36.5970
27.6677
12.6216
35.1969
14.7535
24.5267
41.2862
23.6664
2.7163
22.4521
19.6629
33.5451
19.2481
9.9172
34.1140
4.8742
11.4852
18.3161
31.4940
34.8701
37.0070
-1.5556
30.9057
18.0004
0.9981
28.3062
19.1941
25.8162
22.3898
6.9580
11.0027
19.4608
20.7575
34.3494
13.0417
15.1230
10.8763
20.6936
12.0914
19.0610
16.8524
25.4230
16.6946
35.5846
16.1645
3.3523
7.1224
37.6108
4.5262
18.2348
11.7560
8.0351
32.9115
30.0869
7.7480
30.7359
34.7772
18.3909
37.9846
8.4759
34.1851
21.9560
18.6680
45.9273
10.7127
13.7144
20.9384
14.1287
15.0727
20.9058
19.1713
7.9185
-2.1567
19.8601
11.2557
17.0759
12.9417
12.7894
-0.2899
17.4615
36.2299
14.1847
20.2598
38.2814
16.6269
20.5359
29.7015
21.2789
14.3912
32.9127
9.2802
15.5960
-5.1766
13.7024
3.4556
10.2234
6.0971
29.2255
21.6739
14.4725
28.9875
25.2522
13.4051
33.2647
18.6981
15.0738
14.2307
10.6069
14.3305
8.9166
34.5668
12.8357
21.9744
3.5867
16.7005
10.7053
29.4610
15.3806
7.7969
15.1976
22.4768
20.7030
12.7085
11.6958
11.1346
17.6001
30.2078
20.4563
19.2226
14.8480
19.9865
8.7500
31.7950
16.6265
4.9943
25.8080
15.3241
21.1133
23.5089
14.9394
27.4781
16.0523
8.7542
11.6217
12.9753
17.4233
25.3862
5.5456
22.6160
0.4251
30.7499
25.4227
21.0300
25.8970
25.4632
26.0594
18.5586
29.4353
7.2583
24.3807
21.9477
35.5473
35.5088
11.5561
39.5129
31.7873
37.3677
30.2362
4.2560
14.3760
29.0976
2.2415
8.9734
11.4149
33.3428
16.4544
41.0285
20.8421
12.8603
23.5752
33.5608
8.7536
17.4035
17.2843
24.3538
36.1160
16.7329
11.3305
10.6055
11.4480
10.1653
13.5490
23.6456
24.8544
16.4511
14.2147
12.5249
34.6900
21.1928
10.7675
27.0629
24.5882
12.2843
29.6309
7.2364
24.0173
11.8066
6.9695
8.4057
4.5024
1.3380
24.3143
27.9835
30.8888
28.2355
26.5498
9.2752
9.4046
22.7812
41.5142
27.3125
12.5571
38.9620
10.0634
31.1446
25.1996
26.5295
26.4659
25.3057
28.9443
45.5495
8.2095
18.2974
10.0582
15.6472
-1.5043
32.5849
15.4990
14.1635
21.9341
36.5587
33.2732
16.7387
21.4543
11.4106
22.3965
12.6854
10.1796
23.9266
6.8013
18.1764
36.1507
15.4813
10.3111
26.7356
12.7647
10.7249
17.4629
26.8359
5.7997
2.5525
23.4623
25.9384
22.3457
14.6741
18.5273
32.7371
-0.8480
18.0007
13.1503
23.5186
12.3659
-5.3799
17.6248
15.8472
19.2952
2.1929
24.1423
20.9159
10.9380
18.5567
17.5631
30.4181
8.3211
23.6058
21.2072
9.9814
10.2025
14.9183
23.3954
14.9078
32.3255
25.2667
15.0738
14.8987
33.5999
17.3368
5.8492
18.4579
16.3815
23.9894
17.5926
26.5908
24.7248
18.9041
22.5816
35.7284
25.9362
22.0423
17.8375
15.2958
11.2190
7.1682
39.3854
13.8375
1.6248
25.1498
21.7840
13.5703
5.5590
40.4024
29.9286
11.5743
12.0985
11.7121
10.1166
22.5522
10.9497
15.7872
32.9761
18.7111
13.8659
12.1160
35.7645
11.9919
21.2257
13.6329
32.6049
15.6923
4.0954
31.1508
14.3659
8.8931
14.0876
27.3202
23.8691
21.2116
31.2370
33.8064
6.7913
12.4097
18.3696
8.6328
19.0582
21.6337
13.9443
3.5600
2.9331
10.1015
18.5665
35.7183
7.4193
14.4864
17.1909
18.6948
28.9221
24.9984
2.9243
9.3516
29.7833
36.3317
13.9329
12.8008
21.3676
3.7009
22.6742
4.3785
7.5889
14.1228
6.6547
32.5004
30.4349
12.1467
9.3135
15.0687
16.9130
31.2341
14.1577
30.5086
23.7840
10.2573
21.7264
6.1416
19.4034
25.0885
20.4191
45.4259
22.3942
7.3902
1.8900
13.3518
32.1628
14.4087
20.9739
6.2857
24.8281
14.0060
9.7048
-2.3829
17.1842
24.2978
30.3756
22.7935
32.5128
27.8253
16.4302
5.9314
41.6056
28.1882
18.5545
17.0378
6.1708
18.3504
11.5905
18.3048
14.1558
16.8230
36.6329
10.9973
40.6471
19.9908
31.2406
27.6332
24.1636
11.4552
18.8729
29.4787
25.3884
14.0707
14.1081
15.0075
38.9477
21.0853
9.5707
24.4754
25.6817
10.0051
11.1378
15.1434
-11.2634
22.3311
34.5422
32.6769
26.0264
12.8702
-0.6065
24.4122
16.6109
26.5107
24.1207
11.7411
17.3559
20.7465
12.3467
19.0855
13.3396
35.4292
26.2530
44.8974
7.4467
19.0211
