17,2425
11,4538
19,9914
15,9041
12,1747
20,6057
14,0611
14,7474
6,6850
25,8274
15,3892
27,7725
16,8175
15,1777
18,6835
4,9400
13,1550
4,1172
18,2077
9,6034
18,7085
21,0766
14,1074
10,2850
13,1191
14,7030
15,5000
14,1677
18,8697
4,7233
14,5196
13,1266
15,9353
9,7150
15,5889
17,8866
20,6522
17,1715
16,3395
9,9435
20,4347
0,1102
8,4614
18,8662
21,5974
11,2371
-9,5422
0,3755
19,5642
2,5775
22,5334
15,6293
12,5072
18,0773
17,3126
11,4431
13,1608
4,6183
15,2427
9,6394
22,1994
11,3614
17,6052
16,6511
9,3664
4,2657
18,9963
14,8757
15,8321
16,7282
9,4928
23,3903
17,6497
16,7700
15,4532
4,1158
16,7679
27,1614
12,8417
12,7129
9,5872
15,8963
27,6189
-6,7161
7,0625
13,3934
12,9735
16,3599
20,5610
9,1514
12,8509
13,3028
21,8262
8,7680
25,8701
10,1837
17,1988
22,2362
8,1696
4,3279
11,8191
13,5093
3,8528
16,9481
17,0116
9,5692
9,0381
13,8613
10,1197
-1,5454
8,7069
0,1980
18,5512
-6,3974
21,2951
3,6956
23,1361
9,7653
18,3809
17,1606
9,2487
-10,8888
20,6619
19,0743
7,8276
10,2638
11,7874
2,1764
22,3780
12,3961
18,6307
15,2292
13,0078
52,7484
20,5483
9,9005
14,4977
3,5556
9,9282
11,8678
22,9077
-6,4269
24,4600
1,1654
15,1372
10,4320
17,2800
18,2867
14,7316
14,4337
11,3696
25,1213
13,0432
11,3130
10,0734
12,6143
24,8146
12,3064
23,9660
21,3450
34,3895
20,5831
23,6014
15,2782
7,6871
18,1208
20,2582
12,8188
20,8324
19,0214
19,2978
9,9940
26,7503
19,1370
17,0392
17,9622
17,5602
15,7173
16,0684
27,9582
22,9814
27,0345
11,0000
18,9067
15,8606
16,9083
-2,3044
25,8051
20,3257
7,2217
22,8973
12,8261
3,9841
9,6401
8,5124
23,3044
18,6141
18,9133
10,3897
15,5064
19,7849
9,4573
15,9928
15,8977
39,7860
4,1312
14,7531
5,2849
11,7998
11,2622
24,0271
21,8983
18,5762
17,8230
14,4713
19,2836
15,0707
15,2130
7,7890
11,3887
5,6870
15,1509
24,0382
7,7676
22,7457
11,4674
17,7892
22,4016
4,2985
12,8553
8,8564
14,4336
13,6537
9,2160
21,5024
6,5027
16,0066
14,0570
24,0710
16,2700
27,0765
-2,3673
14,6957
16,3015
9,8941
12,3872
18,4925
13,3447
4,3870
5,8217
9,3259
10,7973
7,8639
8,1741
16,5886
12,1360
9,3332
34,0674
10,2527
10,4874
10,3090
9,2408
28,0924
22,5635
15,2621
58,7839
16,3106
17,1772
21,4522
15,8711
6,9370
14,4536
18,7050
8,8030
7,3345
22,0742
19,6169
22,2759
12,9774
17,6390
15,3177
23,0706
7,3939
23,5276
14,3945
17,3992
11,4020
12,8009
17,1309
18,3553
19,4948
13,5375
17,1365
14,4889
1,9401
26,6467
10,7972
24,7475
10,8608
11,8374
6,6237
17,3745
11,3317
15,0736
3,3396
3,4039
10,4697
15,6759
19,5369
22,9471
-1,6709
9,6470
24,5936
19,3620
11,0943
22,8468
11,6411
-0,4692
17,0698
19,3318
18,0369
10,4724
16,6055
18,1456
7,9609
9,7931
16,3152
-5,0056
4,4285
-0,4464
21,1411
16,3481
22,6704
3,5000
5,2323
23,7984
17,6857
15,9453
14,1829
9,6722
4,4079
14,6064
40,1567
10,6050
4,1014
9,8838
16,2110
22,5613
13,9751
16,1154
17,3878
6,5733
34,6351
11,3513
11,8825
23,0551
19,7382
16,5918
18,2852
26,9414
1,9057
15,5916
4,4160
9,2658
16,2325
4,9760
20,5432
15,3928
19,5488
24,0667
0,0292
-4,7292
21,0696
20,2455
14,5084
19,3380
21,0502
7,7864
7,7724
-3,1097
14,2246
16,7705
9,7255
24,3415
23,8157
24,5742
19,1545
21,4943
27,3023
15,8207
12,0371
25,5025
15,8321
32,8225
19,7446
1,9268
0,1455
23,3432
21,3238
25,2050
23,2154
5,9979
16,2897
15,7690
14,9194
14,5201
20,6183
19,5271
9,1390
18,3141
0,9067
15,8257
13,6575
10,8988
17,7791
18,2027
21,1717
14,9076
19,1207
12,6028
10,9518
12,5989
10,9714
24,2884
10,2317
16,7093
20,7335
15,9430
19,2618
15,4221
18,3292
19,0869
16,1661
16,8453
8,0483
21,6316
17,0529
18,5057
13,4542
14,9392
19,3560
19,1656
11,2050
9,0275
6,1145
13,3288
14,0929
6,2918
18,5614
15,2840
10,1112
5,7425
2,4908
5,5025
15,7517
11,8992
12,5068
13,7200
6,3649
19,4593
8,6853
20,5347
21,5332
19,1809
14,4174
15,7093
20,0914
22,2269
13,5570
19,4604
13,2714
6,2271
7,7853
6,8510
26,7137
12,4761
15,8193
19,4445
1,4025
6,4791
16,3550
9,9726
12,5632
9,4000
21,6332
11,4291
10,5947
12,5529
19,1972
10,8117
24,1519
18,9025
8,6538
28,6708
24,7035
17,2611
15,0888
12,9982
17,4234
25,5707
15,0534
12,4864
12,2617
9,6040
9,4078
20,9699
8,9790
17,3676
16,0329
11,6855
7,8463
4,6074
15,3098
11,6381
20,1854
16,6299
18,9409
0,8201
15,7031
17,3779
19,9296
4,4480
7,4275
17,8529
9,9267
10,8394
5,0054
7,6160
30,5102
10,0736
19,4209
4,5187
19,1395
14,6866
16,6987
12,9555
23,3782
23,6000
16,7325
12,7771
23,8299
35,6994
11,7366
8,0320
14,9844
11,5789
17,4545
13,4068
14,4950
11,0029
0,7600
33,1459
17,1158
20,6328
13,5616
9,5826
27,5107
18,6583
27,5236
17,2299
18,4359
18,8887
4,6032
18,7235
12,3084
7,0727
10,6824
10,2257
9,8050
10,1629
20,0295
22,2274
10,4902
11,8788
24,9125
15,6239
17,9066
14,2536
17,9152
25,6519
2,6033
20,0484
9,4426
5,6730
20,1886
22,7508
17,9116
27,6139
8,2727
9,7687
52,9213
21,2632
23,5137
17,7279
6,8970
15,8170
17,6470
5,6025
26,1670
16,2252
10,9749
16,9946
19,4711
22,4735
19,4586
4,8340
6,1314
-1,3450
18,2694
9,2832
13,0489
15,3831
11,9438
13,4718
20,2576
10,9406
12,6304
13,8902
5,0289
15,3881
22,8562
15,4957
19,9661
16,7145
12,4776
27,1613
28,8115
24,7465
11,9766
8,2845
28,7350
43,4861
13,7006
12,3859
10,9323
4,2192
9,7462
12,6825
6,3384
14,7714
27,6129
18,2986
16,6492
19,5661
23,3020
0,0451
17,3924
8,0104
16,4707
8,1687
9,8875
14,8622
5,6717
6,4216
15,5477
7,9025
16,5708
4,5410
20,9042
21,9093
7,1344
25,5662
1,7120
24,1941
11,5674
11,6671
13,7262
11,7425
19,1384
18,4577
11,0157
14,4606
19,7097
8,8690
10,4234
27,1599
6,6307
12,8461
10,3962
17,2587
32,5052
17,6187
1,2874
21,0583
12,1448
6,4418
30,5285
4,6364
7,1213
-8,1725
13,1790
18,8793
9,8970
10,5542
14,6377
7,0487
22,3843
10,8396
15,3842
8,1184
33,5205
8,9323
19,7830
15,2591
6,5757
13,7039
10,8737
18,7767
7,3160
19,4361
11,2813
9,5813
14,9581
24,8019
14,9978
13,9439
4,2954
11,0984
14,1965
27,8388
17,5395
14,7102
6,6929
17,4850
15,2642
1,3449
7,8658
6,6687
11,6409
23,3358
21,1011
9,3884
12,3098
5,8728
11,2296
24,7701
19,6540
17,8050
21,7499
7,1963
14,5100
3,8704
21,2657
17,8371
0,7678
15,1828
7,8114
6,8987
18,1031
13,4404
14,5103
19,7063
23,0361
17,1575
11,5126
16,5108
24,3007
15,0220
4,0464
19,5801
19,0726
14,5816
18,4114
13,7099
35,2801
24,0464
23,8393
16,6123
13,3100
25,2568
12,1581
14,7378
5,3808
10,3306
-1,8540
22,2159
13,2075
11,5644
0,2378
21,1777
15,6795
22,9872
13,2766
11,2070
20,9007
11,1643
7,8790
11,8114
15,8035
9,4717
12,1825
16,5642
14,4055
22,0136
17,7930
10,0162
6,5932
17,7246
-8,4635
17,8919
16,2918
25,3577
16,7659
4,6780
20,1969
14,5712
12,8487
22,3847
1,2400
17,1817
15,3251
5,6263
14,7317
19,4121
12,6346
25,9262
11,4105
10,9922
4,3112
24,2289
8,1086
11,9150
20,2006
37,2384
20,4303
27,4056
25,9236
13,7233
18,0579
13,1660
10,5545
19,9644
21,8004
7,5041
15,7525
16,9450
6,6700
5,4851
20,0782
12,0839
16,6980
16,5601
19,2632
22,1287
15,7226
15,3919
-3,2857
12,8236
18,3694
27,8962
21,0970
26,6791
17,0251
0,4088
1,5681
24,8995
26,2122
19,7901
4,5010
-0,4860
17,6142
17,4955
10,3141
16,4185
4,4634
10,2517
13,4399
18,4400
12,9353
18,6087
24,1399
13,2341
10,6919
7,5933
10,0622
8,2271
29,9598
4,8938
18,2710
17,1494
21,6723
11,7778
17,3099
30,0175
17,4644
14,2089
18,8415
15,7863
19,9351
13,1687
14,8728
15,7885
34,8250
17,5705
29,3182
15,7858
17,0228
12,2165
23,2777
15,7059
25,2338
26,8231
27,0433
14,1935
0,3130
15,1953
33,7042
15,0140
14,7151
8,1404
15,6299
37,4973
19,9988
5,7653
3,7891
19,1286
19,3728
11,3120
17,8439
14,6961
6,2307
19,1362
24,0361
23,2302
5,4736
1,5549
19,3714
5,0252
28,5057
8,9342
13,6842
18,6734
11,1445
17,8685
12,3878
9,5558
19,5039
12,1355
27,7638
18,6834
14,2080
9,4352
17,1092
10,9804
7,0243
35,6764
14,5899
25,2804
10,6147
18,6804
11,3574
7,6066
2,7146
20,7286
15,2861
-1,8861
10,6749
7,4804
17,8243
34,3344
11,9255
10,6946
14,8421
17,5759
22,7020
17,1909
22,6012
18,0948
25,3527
17,0554
12,3907
12,7884
10,7710
9,8066
14,5777
27,3552
12,9023
10,9181
21,1819
18,0953
14,2209
11,0685
9,0056
10,3269
24,1075
0,4166
8,6381
19,0583
19,4059
7,7162
15,1530
11,0192
12,6108
21,7000
13,0417
5,4970
22,0654
9,9561
17,8354
14,4489
21,0823
16,9729
20,0580
14,3408
16,4561
9,2888
13,9371
12,1673
2,8423
15,1662
16,6928
14,4558
12,3149
1,0851
5,5182
50,1860
22,9283
14,7726
22,1396
20,7624
5,4334
18,4241
18,8190
20,9792
9,9537
-8,9864
23,4626
19,1356
12,4951
22,9329
11,0434
21,5392
5,7835
14,6698
23,0786
16,1406
7,7026
20,2418
14,2165
13,0877
13,2151
14,8416
22,0047
14,1202
18,4665
19,7552
11,6147
17,5210
4,0820
10,9213
22,7881
19,0344
21,7266
22,5308
20,8066
13,2545
5,0790
25,3555
18,7127
0,7216
18,0198
15,9327
8,4014
4,6312
10,8848
7,7028
12,4241
20,6627
21,4312
11,0453
17,2267
13,6279
7,4278
11,5205
16,1814
13,3769
15,9548
12,3403
14,9358
9,2835
9,1923
11,5250
13,0325
11,0922
15,4587
12,5683
22,6603
17,0003
11,6916
9,3059
21,1520
12,2573
8,1096
24,4120
8,5827
4,9931
20,7401
12,3486
8,9327
10,9708
6,3173
13,6241
13,1895
17,4520
22,4642
13,7763
3,5449
36,1267
23,8619
10,0558
16,3557
15,3829
15,4823
14,0987
-2,4578
15,2038
16,2046
10,1085
7,4168
7,0993
24,5814
8,2548
8,1954
26,3361
0,1849
18,2948
15,0132
18,5371
19,8472
22,5337
5,8278
30,6668
12,1007
34,8454
21,7252
12,8588
12,5901
18,8426
19,8434
-1,1741
14,2202
18,2702
11,5030
17,3057
5,7747
8,7500
22,1109
13,0855
17,3406
17,0176
15,3751
7,6161
17,9261
21,5040
22,2488
1,3902
15,7339
15,0769
14,8434
10,1418
0,5140
16,5951
15,1944
12,4410
20,9873
7,9318
22,4751
25,5547
19,0423
13,0767
12,0142
56,3340
19,6930
17,8885
9,8189
37,8675
8,3096
14,0921
17,3994
8,8941
27,0246
15,4218
-0,2056
13,1984
19,0427
27,9876
7,0580
16,8797
14,1601
0,7637
14,5631
12,2079
2,4508
22,2060
16,2484
22,8317
3,7997
6,9376
10,9148
13,1536
-1,1693
20,9303
18,3611
17,2766
17,0391
11,9760
6,3661
30,8518
28,9597
14,0287
8,4931
19,2079
37,0655
-14,1096
3,8702
16,7955
14,6756
15,6727
-0,4236
18,1356
29,5433
8,4595
8,4799
19,0300
7,9871
15,6145
8,6327
11,9190
14,9782
34,8901
22,2662
5,4198
15,6961
21,3261
15,6309
20,0489
4,9245
19,3773
11,4093
4,7628
13,1740
15,8738
17,8711
12,3514
7,8916
9,2944
17,8510
13,8351
21,1415
22,6622
20,5038
2,3638
11,9686
10,5709
15,6628
12,0104
17,3727
21,2454
14,2682
16,8894
8,4066
20,4284
16,4701
12,0039
18,6253
30,7509
14,8591
9,1565
11,7096
17,4730
7,8919
22,1051
19,1055
8,6237
17,0984
6,7541
15,2998
17,1350
28,0503
12,8401
15,3045
7,9659
23,0007
18,3959
19,6523
10,4984
15,9789
20,1450
27,8484
17,6692
14,7031
13,5751
16,9622
17,7876
8,3560
15,1463
16,5483
18,8554
17,1337
10,5820
31,3032
15,0275
13,1424
29,3364
11,3545
16,0785
20,4819
14,0311
0,4028
14,0530
12,8566
7,4159
-0,8190
15,9496
18,4328
18,4384
12,3337
21,1862
16,4553
19,0896
7,9652
6,6067
12,0338
14,0774
15,1314
37,1985
19,4244
28,6873
17,1779
19,6372
21,4097
13,6797
14,9963
7,3467
13,1258
29,4973
3,1294
9,8780
19,3715
10,3150
25,1689
10,4801
31,1910
16,3515
12,3828
13,2184
9,9646
7,3394
10,7671
11,2566
26,4474
29,6593
18,4718
12,1676
17,6548
12,7376
17,2795
5,4468
15,0167
28,5351
15,0083
21,1306
22,7920
11,6653
10,0196
28,4792
8,2368
12,4140
12,2121
23,5245
19,9800
8,9444
5,0570
16,5188
23,4395
14,7679
17,5175
7,7136
18,7131
16,8346
-1,1093
31,0838
18,2416
5,4094
11,6401
18,6560
17,7621
10,2081
18,5412
25,0310
10,5110
14,6538
17,6604
11,0147
16,7460
8,2479
16,4034
13,7799
9,2570
-2,4467
16,4481
18,3424
21,0838
20,1047
11,5212
20,6103
16,3844
6,5372
14,3212
13,9834
8,5408
1,1208
12,9910
20,2615
19,2331
13,8544
14,4631
10,9061
11,9973
17,5530
1,7821
21,6050
14,5231
18,6444
13,2883
12,8907
8,3059
14,6575
16,0327
34,5103
28,5335
17,7611
22,6223
6,5794
18,9412
18,8820
13,8324
35,8299
14,5030
24,6402
0,2299
16,3406
11,2860
19,1311
30,7209
12,2308
16,0117
16,7709
23,1451
18,3766
10,9402
20,5289
13,3452
17,7206
12,0927
16,0187
25,1386
16,9462
10,1644
17,4892
15,8056
12,9933
12,3405
15,9728
11,8862
14,6936
5,8767
12,7025
20,0557
4,6464
6,6569
4,0285
23,6485
17,8984
21,9668
10,7539
18,1758
-0,1649
17,2049
11,0376
16,1735
18,4369
-0,0409
28,5502
23,2172
18,0568
14,4108
14,5613
16,8615
26,3336
14,4851
15,3100
6,9162
26,2260
12,0091
8,3216
23,6799
13,2538
41,6255
16,2120
6,7660
12,6710
0,5487
12,8900
9,2886
18,7476
3,3713
18,9562
10,6599
26,2166
15,8187
10,0379
41,0596
7,4850
13,6981
21,0022
9,9072
4,7452
22,0449
10,2965
15,5586
13,4322
28,4854
9,2903
14,8409
20,5994
19,6796
9,9546
11,8712
15,1878
16,8243
15,7326
12,2396
25,9496
7,9492
19,3281
19,6690
16,5136
10,6190
6,8283
22,5937
8,1500
8,9276
6,5238
16,6461
24,6449
15,2992
8,7542
7,7107
24,6344
4,6956
20,4498
7,8651
26,4867
9,0377
7,9548
22,5987
15,6498
26,3131
13,5574
22,1315
14,2544
1,4868
7,6505
8,5761
10,2202
17,9393
9,4887
15,9500
26,9318
13,1939
10,9971
5,4809
14,4831
28,4880
16,8868
19,6737
7,7234
22,6932
15,4149
7,4668
26,2770
6,1726
12,9473
16,4060
16,4282
8,7712
20,5664
11,5947
5,2316
19,0352
8,8755
7,5408
29,8175
16,9975
33,9667
23,2398
17,1472
13,0916
13,2225
21,6619
28,2710
12,4840
13,9594
11,8683
9,4281
15,4246
18,0947
12,8787
8,0297
11,8333
17,5075
1,4880
0,5503
15,9214
11,5926
10,1932
19,5054
2,7105
4,7803
11,0902
9,3373
16,5500
13,5402
10,1743
-0,7318
16,0256
12,7379
5,4235
14,8872
11,9953
18,4235
5,3153
15,6903
27,1430
16,8857
18,1237
18,0593
11,0130
6,4472
17,5279
23,5859
20,6110
13,8967
25,5740
21,1443
24,7242
20,3692
23,0246
13,7768
17,2296
21,0217
24,1333
18,1118
21,6184
17,1502
5,1088
16,7904
12,7271
16,9898
18,1112
12,4899
-3,6988
3,1154
16,2663
19,8551
20,7963
-6,4330
6,6793
17,1584
5,4745
16,7420
13,0396
15,5841
15,4861
14,5906
16,4438
15,9754
11,0315
16,9639
28,2771
10,9202
13,8256
7,3471
16,2326
22,1501
10,8567
12,4219
12,7243
12,7167
6,9494
10,5593
21,7431
10,3122
10,1717
11,0855
11,6729
3,6005
16,7473
7,5083
5,1833
13,4737
22,5782
13,1295
17,9017
0,6932
11,5311
15,8445
24,2422
10,5166
28,9164
2,4959
17,9682
2,5065
20,1065
19,7159
8,3408
18,9310
8,9350
17,1818
-2,6340
12,7688
6,4017
34,0806
20,5939
27,0130
18,3529
10,2120
11,6189
18,2048
6,2293
14,0361
25,9051
13,8911
13,1593
17,0679
14,4326
10,8039
15,5099
28,2759
16,4356
19,3177
15,7791
18,6525
6,0899
13,3754
11,3090
19,3419
24,4569
19,8492
11,3272
13,3505
13,1660
2,9002
33,2260
9,4850
16,5706
18,0764
29,2384
7,5540
19,5314
13,6627
13,3539
13,4411
15,7469
2,4778
12,5663
8,7415
9,7924
14,3977
9,9986
15,8038
24,2381
21,8105
31,4020
15,3653
17,8819
4,2752
35,7541
0,9110
10,2659
18,3564
24,3944
9,8383
15,6062
15,7222
22,1793
3,0065
8,0493
19,7987
31,0272
8,5810
19,5101
8,7089
16,8912
0,2825
22,1383
20,5559
5,5466
27,4119
5,9467
19,6984
23,1773
11,8536
16,6854
17,2426
17,6651
49,8610
4,0130
21,6916
11,9032
16,0185
21,1792
13,5399
8,4909
20,0940
7,4894
15,3205
5,7019
21,7650
30,4288
11,4210
10,9509
8,3992
8,4848
9,2295
10,8549
22,8061
12,6257
26,4760
21,8107
25,8576
13,3603
32,1434
18,1368
13,7032
17,0969
5,8378
15,7258
16,0131
3,0528
10,8281
-3,2961
4,7245
1,1075
18,8566
17,7804
6,4208
15,4537
7,0819
11,3287
25,7783
22,6149
22,7999
14,6835
12,3266
7,9762
11,9576
21,1557
24,0887
18,0751
17,9653
17,6088
8,5307
14,0574
17,2249
26,0477
24,3120
13,7339
16,9447
13,4659
20,9130
21,3224
15,6108
18,2039
12,4535
13,7644
24,2574
17,8858
14,6940
19,9683
17,8253
12,7992
-2,2180
11,4202
17,7153
16,3543
11,2477
10,6050
-4,6130
26,2580
10,2591
11,6232
12,5035
23,6831
21,0934
6,1293
12,1361
19,9952
3,6277
14,3062
6,4282
20,9604
14,6860
12,9496
34,2461
7,6831
10,4460
12,0837
12,2655
17,8485
12,9566
13,6837
11,4222
13,0298
14,1169
3,9853
16,8333
14,8221
11,8130
14,2490
30,0863
14,9995
6,5362
13,4963
31,1328
17,0445
13,0352
12,4252
15,5665
9,0150
22,9794
7,4105
23,4574
8,1914
12,5291
2,6397
10,9505
15,5224
10,0484
11,1730
18,0560
20,0750
7,6662
17,3497
7,3841
0,5207
8,5033
21,5303
21,7089
8,3568
16,9286
25,0155
25,3873
0,2169
22,7579
7,5337
22,7761
21,4205
9,9103
21,6926
21,9307
5,8972
37,1563
15,1266
18,7286
20,0506
6,6901
23,5604
12,6482
11,2475
5,9791
17,1539
1,8883
5,5828
12,4223
12,3414
37,6362
16,2861
10,0181
12,3088
5,7734
5,6706
14,2000
18,8128
29,4047
19,8933
10,9329
7,4220
18,9679
0,8837
17,6304
12,7020
20,2295
20,8862
13,2807
14,9474
12,7388
14,9696
17,4681
12,5812
11,0186
12,8001
31,9216
1,8665
16,6465
12,2094
21,2834
10,9965
21,3830
18,8029
22,4391
9,8107
21,3708
19,3265
16,3274
11,3821
25,9383
31,0613
16,0664
24,1260
15,6352
7,2190
-2,5936
6,3148
14,4736
7,9137
15,1816
4,1904
17,0595
17,5361
12,8245
17,9245
27,8313
7,8038
7,3740
16,0494
17,3138
2,7031
7,8392
8,8378
15,2114
-5,5895
13,9395
5,3511
25,8811
26,4119
31,0625
13,1051
13,7186
18,5785
16,9855
10,1145
5,6481
9,2789
6,3590
15,0188
21,5215
23,4917
17,7635
5,0694
10,1728
10,2516
17,1522
20,1414
17,1710
5,2188
10,6278
12,2287
32,5197
26,5024
18,8490
14,6519
20,3695
29,7603
18,6271
9,8197
5,9575
10,5220
26,3413
22,7318
17,0424
20,9029
14,4405
0,5839
15,2372
11,2045
18,5865
3,4512
16,3499
11,2361
19,8245
14,5870
9,8794
8,4005
18,8696
15,1579
23,1896
17,4696
26,0483
12,8055
10,1467
9,5592
16,0046
15,0751
17,5689
7,9602
17,2134
9,1437
3,9141
13,0104
13,7004
13,6205
21,4572
7,6663
24,0073
27,5987
9,9806
13,7847
7,3211
18,2272
10,0393
28,1861
8,4392
7,6859
14,1604
9,4423
21,2078
13,6488
30,3552
13,2906
29,7874
13,4916
18,7227
6,9383
9,7215
18,4085
17,9173
15,9109
13,2317
22,1879
23,2332
23,1458
10,1905
20,1720
9,4654
0,7572
9,9144
22,2689
19,1870
10,0128
17,3635
15,4724
16,9016
29,4199
8,6608
12,5010
13,2215
24,7649
20,9085
21,7862
12,2817
3,7172
9,2435
7,7534
6,8921
24,3371
8,0217
18,9755
14,7511
17,0319
18,8619
17,7530
2,9261
25,6928
13,4245
27,6728
8,1500
24,8136
17,7414
7,0506
14,9373
9,9463
14,6171
18,3169
7,6214
2,9308
24,3631
8,6349
27,1122
9,4740
15,4951
21,2913
18,0450
21,3717
21,8932
15,6285
13,1165
15,5337
17,4468
10,4191
3,6355
16,3097
3,0204
23,3093
14,0542
20,9549
25,1541
9,2100
7,3251
8,5188
22,8356
14,7897
20,4852
14,8316
4,3679
6,5135
20,9055
11,9708
19,2418
4,9088
5,9750
12,5534
1,1839
23,1964
18,9381
5,4770
17,4128
16,1857
16,3730
26,8875
5,0712
16,5809
-1,9718
15,4366
20,3501
14,8080
3,9546
20,0801
5,7039
13,1601
17,5202
11,6511
12,0041
19,2097
10,5184
7,3992
22,5818
15,0747
11,4014
16,6469
22,1398
13,3864
17,2779
3,1427
5,5989
8,2294
19,0691
10,0221
13,3472
22,6425
7,2972
15,9483
6,2739
17,9575
8,8130
20,2486
16,6438
7,7445
39,7387
17,3721
22,0467
3,6302
12,8893
21,6678
10,7319
16,4679
8,2742
13,6428
19,1776
13,1862
8,5253
17,5717
18,7643
10,9641
9,8456
16,6328
18,4533
21,4877
15,6930
14,1964
23,5584
2,1942
15,4227
7,7445
19,4754
21,4084
1,0849
-3,6159
15,6761
16,6530
22,1652
18,1533
17,5047
6,5675
11,4770
28,8654
7,8053
19,1043
13,1081
13,9288
16,2714
8,3044
22,2871
17,3268
13,6348
20,2520
22,7582
20,3944
20,7743
17,4825
15,7496
4,6924
22,7302
13,5666
8,5720
13,2620
12,0272
14,9417
25,1420
11,4585
23,5100
15,7789
11,0848
14,7274
5,7078
22,7437
18,3388
13,3647
18,7640
19,6599
21,9544
7,1560
10,9760
15,8000
18,1451
11,8077
26,9138
13,9526
17,0562
15,7470
21,2615
17,1615
17,0491
12,4835
28,8088
24,9348
8,0000
11,2706
12,9833
6,5070
17,5049
-1,2696
24,0575
29,0335
12,8120
16,2319
32,2876
18,0716
28,0672
12,4845
37,2364
18,3332
28,1795
13,6458
8,0641
12,7531
13,3006
-1,2258
20,6286
7,1228
10,6984
26,1470
11,5431
16,8097
16,5018
8,5904
17,3995
22,8248
25,8176
18,2568
7,7188
12,0275
9,1894
13,0078
18,6185
23,6109
16,2304
21,2633
11,2374
9,0908
9,6495
19,2435
9,1395
-2,3207
4,7749
11,4612
6,7044
3,0567
6,6949
10,0135
21,5251
11,8749
18,0515
13,8542
21,7353
15,6072
13,9167
22,4846
6,2686
16,9646
11,8081
18,6939
12,8015
10,7975
18,8886
15,8449
7,4371
12,7379
30,7674
14,8124
14,1247
-3,3045
12,5759
23,3563
11,3450
23,8021
6,1118
26,2871
5,4745
20,4259
20,7522
18,6000
15,2157
14,2950
14,9516
13,7320
8,4356
13,3727
10,6065
13,1474
18,6778
28,3166
13,8066
5,5686
7,3081
16,9905
8,6963
-2,4199
15,9920
21,9099
9,2155
15,1222
18,0069
17,5732
28,9433
12,3395
9,6194
5,9767
13,0329
31,6268
10,2886
19,9473
15,5684
16,3681
12,0663
16,2971
13,9964
10,9963
16,1674
2,4906
12,0867
19,2643
-0,6199
7,7324
18,2334
25,0874
24,6555
17,3040
16,3306
13,3912
18,0045
-0,1344
10,5393
18,7793
27,1011
8,5283
6,2634
21,8856
15,8341
18,3281
13,5340
9,1543
5,9415
21,4182
18,5396
23,5723
8,3047
16,0004
14,0613
15,3035
17,3416
17,4414
16,8473
16,2450
18,1646
10,5571
20,5692
16,3316
34,2909
15,4278
14,2409
1,9321
3,4284
8,0241
12,9798
16,1860
18,0480
4,2964
12,9245
9,1604
10,9310
-2,1856
15,4186
16,8646
14,8870
0,8168
15,9692
20,6262
19,2000
8,8676
20,1643
18,0805
22,1013
5,0506
31,4486
9,8001
13,7545
12,4574
21,1361
10,5456
0,1631
9,0529
-0,3192
6,0807
12,9012
11,5922
20,3740
16,0202
16,0857
17,4803
16,3901
14,7121
21,7877
23,3834
8,3883
4,1482
6,0182
13,7352
23,9219
10,3800
31,9912
10,9107
19,3055
42,3293
3,9389
14,4421
2,3986
13,0026
23,6949
15,5837
12,5680
7,0387
-3,7033
10,6521
11,9645
21,1813
13,3937
10,8231
-0,4462
12,2671
7,4537
17,5858
12,6852
10,5227
5,9838
13,1098
24,7239
13,9063
18,0837
17,3678
25,7441
9,7960
33,3654
7,9062
14,7678
13,5700
16,8718
11,9520
12,2340
9,3803
19,7118
24,1385
3,3782
13,6020
22,9216
16,0232
19,2464
20,0422
20,0624
15,6856
20,4743
19,4285
7,4776
50,8915
6,7751
15,2022
2,6948
3,2135
13,4294
0,5994
13,6378
12,0668
1,3844
5,7198
16,0970
14,9408
8,8138
12,3637
19,9126
20,4200
3,9348
9,1395
9,0891
30,9300
16,9840
27,6088
23,7155
10,5298
14,0118
19,2094
22,1152
10,9016
16,1157
10,7441
16,2831
12,1803
5,3174
21,7789
28,7479
31,7743
12,3082
20,3531
24,8487
17,6338
9,5048
19,9335
17,0111
18,5982
4,5937
34,1494
11,3309
9,6154
9,6576
11,3397
-0,7891
17,1177
16,6224
21,6375
6,8784
14,2041
17,7892
12,3668
12,8622
32,2819
21,3378
13,4574
21,6062
13,0861
11,0896
22,9068
18,3480
25,7131
19,9244
13,5880
14,3718
15,0236
6,1984
6,3717
15,5246
23,7750
5,7139
34,6713
22,8070
11,4725
24,1302
19,3900
23,7908
11,3261
21,1900
11,0224
29,5528
6,6638
15,0965
8,9517
21,4437
23,1397
10,8658
7,8576
21,2877
15,8567
5,5600
11,3889
0,8840
11,4272
7,5353
9,0427
4,8214
11,5979
22,0078
46,0036
16,4809
12,7603
-1,2335
15,3295
12,9614
11,5483
15,8677
17,2292
18,4902
19,9118
2,2676
13,5598
13,8389
25,0698
19,0260
12,5199
13,7021
23,6628
16,8528
13,5694
15,5856
13,4104
32,6073
10,4821
8,9150
16,9558
25,4086
2,9118
8,3815
11,4198
14,9686
15,8672
15,1298
19,0575
19,1514
17,9931
12,1260
17,3195
20,0140
21,8260
9,1162
19,8092
26,4780
21,6725
9,0808
32,0308
32,1056
23,8698
19,8572
30,7650
23,5364
26,5606
21,5555
7,6140
15,8456
-1,4913
12,2165
11,8364
13,9255
17,7955
24,3510
13,9373
2,6162
23,4602
7,3928
22,2332
18,1352
25,6645
19,5312
17,8761
35,2461
11,3471
14,1221
14,3598
24,8498
15,7658
11,5350
18,5907
18,9566
11,1899
6,7319
3,9913
10,0472
21,8639
17,3146
2,8771
12,5818
25,6735
8,9477
13,5151
15,7128
3,4818
24,0415
20,7536
16,4443
16,5232
35,9242
14,4197
1,4933
12,9913
6,3581
22,0804
10,7433
12,5664
41,1102
11,2471
19,1777
8,0642
14,0680
25,3326
12,7954
13,4935
15,3567
17,0113
30,7163
21,6790
9,0843
30,4981
16,5013
9,2145
13,9189
9,9763
11,6502
13,3640
8,5583
14,0526
15,4761
-1,6766
17,2656
23,4511
11,7461
20,2714
20,7585
28,4455
8,8107
6,7886
12,1306
43,4940
3,6195
22,7235
24,7890
8,3830
24,2330
20,9484
18,5256
19,7471
11,4691
5,3205
-4,0853
1,4574
15,7528
5,6271
14,4769
28,5451
13,2166
18,7256
12,1518
41,9005
14,4062
15,1400
13,8369
24,2124
19,3738
9,9520
2,6519
19,9541
25,5632
17,5058
12,2216
3,9828
7,4372
10,7187
9,2365
3,1939
9,5436
15,7363
16,7365
9,8823
10,9065
8,5822
-2,7644
6,2572
12,9767
9,7699
21,5816
12,8446
23,0481
25,4202
2,9136
18,6991
19,3357
13,7029
-4,7941
24,8923
15,9997
10,7973
22,3650
16,4808
19,6724
19,0793
11,1713
19,1351
21,4267
23,6187
11,7950
18,6306
16,0796
42,4220
19,0997
16,1783
20,2645
13,8433
17,8660
14,4728
12,8958
12,2153
29,5658
26,7857
6,1367
11,4569
14,3025
19,2762
23,7041
17,0308
9,9587
19,5271
17,4131
10,5375
16,0073
31,6529
13,7504
-6,2449
10,4475
11,7608
16,2551
9,2455
14,0727
20,1372
19,4073
29,4679
12,8503
18,2703
8,8027
12,3692
18,0787
20,8623
19,3518
16,5110
10,5853
15,8475
13,9764
14,2319
21,1605
18,8673
14,3198
14,3699
11,4813
13,4774
12,7520
4,5044
3,7479
14,2627
14,0288
14,6056
22,8978
31,6691
20,5561
10,0762
13,0343
20,9535
22,2133
14,0153
16,3031
13,9796
11,5752
13,4434
8,4557
9,9610
17,8076
17,1732
10,3139
12,9885
13,1306
14,0590
9,7722
20,8929
11,4894
41,0585
18,0470
16,8246
11,1752
8,4916
3,3554
10,4529
11,7700
8,4196
10,5531
17,8053
10,1531
6,4510
-2,7680
6,4139
17,3198
20,6805
7,7102
8,6951
8,9869
18,1882
15,4689
12,7786
17,0459
21,2088
21,7899
12,7331
23,5551
16,0285
9,6774
18,6020
14,1489
13,8570
5,8106
7,4958
9,3377
13,3695
13,2497
16,7009
9,8710
8,1926
29,1017
16,6142
13,8431
12,4639
17,6830
3,4367
0,3563
14,4124
9,0135
18,4158
17,7344
29,9805
12,9940
12,4394
8,8761
11,1974
11,7929
15,3046
33,9487
18,7883
2,2238
17,5478
15,0894
18,3862
16,1647
29,6098
22,1475
18,2001
5,0756
8,2082
45,5896
11,3260
16,0374
11,4873
20,6284
23,8392
13,3344
22,8477
17,1259
10,7838
-5,5139
14,9886
11,6504
6,0908
23,2046
14,8049
23,5335
-10,7055
7,2544
7,1285
22,9773
10,5989
28,5155
26,5763
12,2086
8,9609
35,7550
25,8636
7,0891
29,2936
26,0979
9,9244
19,1950
16,5652
11,9280
10,5067
7,2878
16,9230
3,7464
21,1827
15,9026
24,5756
10,4951
10,3546
-2,5812
22,2765
15,0198
13,3790
12,4082
18,4696
10,5571
8,3904
10,6581
12,3613
7,3794
13,0532
21,1859
16,5250
10,1415
19,6059
18,7806
13,9692
16,1137
21,5046
32,7776
10,9813
5,9518
11,4481
22,5986
10,8847
23,2711
17,4217
17,2025
19,6067
24,8298
21,2381
18,8163
12,8334
11,0508
15,7959
16,4749
24,6751
3,8684
14,2060
11,4094
20,4281
14,0589
13,1137
16,5831
4,5889
23,8790
18,9991
8,3622
20,3242
12,4687
24,9285
26,2281
15,5837
9,0276
22,4743
15,7262
18,2556
22,3013
25,9116
12,9636
16,9993
15,7703
-1,0655
13,9984
13,6358
9,7993
0,5082
13,9992
8,2346
18,3164
18,9657
13,4522
7,8431
17,2607
15,5857
13,1114
12,0421
19,0461
21,9380
7,3222
16,8271
15,9420
0,0036
13,7445
0,5504
18,9620
12,6139
5,7243
7,1019
12,0890
9,0037
8,3807
8,7919
11,8519
15,3281
15,9046
11,7860
13,5399
17,3068
14,3569
22,7730
23,4399
12,9339
12,4278
22,0417
-3,8251
15,1217
8,2603
17,8841
27,0844
15,9892
14,9302
21,7449
-4,3989
8,5746
-3,6474
13,8907
16,3970
16,5955
24,4348
22,8005
14,7896
16,8606
21,0529
24,7088
20,0229
10,3655
18,0363
11,3724
10,7441
10,2333
10,3236
1,4680
21,8557
27,8420
13,4896
20,5873
16,6660
18,2171
10,1221
14,8617
10,5941
17,6509
14,0257
10,3360
13,7958
13,7884
16,5833
0,9480
14,5145
16,2973
20,3888
10,2996
22,3504
10,3519
1,1297
6,3187
21,0472
13,2186
16,9217
12,6044
6,1331
15,9655
21,1451
16,7009
1,7725
12,7553
17,7046
7,6823
10,4128
21,1895
15,5143
17,9001
21,8967
9,9113
8,1267
32,4576
20,2857
26,1125
26,7756
7,9648
24,8805
18,8355
18,1534
13,2928
12,6200
13,5232
25,3609
16,4511
4,7990
17,3943
29,5081
3,0409
15,6416
15,2091
21,5335
7,6464
17,4364
13,7311
20,0051
3,6814
9,6484
2,4863
15,2714
24,9876
20,3058
10,8867
20,0927
20,5724
15,3180
7,1056
27,2640
28,1790
1,8274
20,1772
10,1488
15,9189
17,0815
10,6184
13,6292
9,0794
6,7197
21,3586
13,5735
17,7544
15,8778
19,0036
16,4332
14,5629
15,5131
9,5228
15,3784
7,7759
41,4397
19,1156
22,0018
15,0312
19,6475
28,0359
15,4469
15,6007
10,2947
11,2791
20,0297
9,2560
7,8661
8,8227
16,8633
11,3528
19,0771
21,9369
19,6286
16,8535
20,1616
17,7231
24,0238
27,4491
20,2477
13,7839
27,4959
10,9327
15,2126
13,1609
10,3425
5,3386
14,8085
14,5521
27,1303
10,7569
15,4384
11,5739
1,6212
13,1331
13,4114
13,5624
18,1594
13,9453
-3,6061
14,7121
2,1030
28,3272
20,9516
22,3626
18,5266
14,3618
13,5256
28,6134
21,8632
24,4504
19,2035
5,6871
28,6801
9,3022
11,8312
17,9604
7,7032
19,6372
28,1974
29,7656
24,4907
8,3447
9,3450
3,7759
15,6041
15,8158
5,8978
7,1878
19,4752
3,0335
13,1771
8,5591
7,8708
33,7526
18,3837
11,6637
27,7958
19,0537
4,5849
21,2232
13,9356
9,4201
6,5336
10,6962
7,5725
16,8842
16,3780
10,7682
10,0444
-0,9279
13,2231
7,0194
10,6303
6,9900
11,1459
20,0253
14,9530
27,6285
16,9474
12,1799
15,2471
21,0341
10,5257
13,7580
13,7603
22,6642
26,3687
16,4064
19,3215
18,4695
12,6815
8,6640
11,7842
16,3586
14,2605
20,7757
19,9053
17,7049
5,6484
14,9238
13,8876
19,8301
21,3796
12,6544
3,1050
21,6180
20,4343
11,6400
11,2829
17,8509
11,6319
3,1506
5,6393
16,7563
18,4981
13,1498
1,6207
7,5568
3,2199
19,7903
17,1068
4,7265
6,9987
21,4501
11,8405
11,7330
14,0503
14,1291
11,5558
18,5461
10,2253
14,5708
21,5059
17,7960
13,0460
15,0095
9,9254
14,2336
-3,6559
17,7180
24,6657
5,7510
2,4401
15,3436
16,8913
13,4771
11,1293
2,4921
18,6057
8,8479
17,5699
-0,0407
24,3603
15,4946
15,7180
12,1137
18,8532
9,1049
26,7779
16,0505
26,8552
12,0136
9,4407
19,6150
24,3916
11,6782
10,8285
15,8970
40,7861
12,7463
27,0276
7,3477
16,8616
6,7639
14,7712
7,4801
14,4912
28,9648
12,2116
20,2589
6,1790
25,0723
20,7050
5,6887
12,6961
14,7317
17,7952
18,2362
6,5015
14,1977
18,1552
22,1732
20,3506
17,2819
15,1874
0,8348
12,3064
16,4408
1,2026
24,1955
17,5491
17,0719
5,9259
17,0216
9,3503
12,0992
25,9687
13,6300
18,3372
24,6826
28,4721
14,0192
10,5201
9,4323
14,2001
18,9948
11,6329
10,5892
18,1445
10,8791
20,8341
21,5386
14,2745
9,3781
5,2514
5,5957
6,7894
13,3123
10,5266
13,3739
12,7500
11,6929
13,7781
1,9788
-0,7378
20,9724
12,6167
-5,4455
15,6966
11,0237
11,8356
15,4461
17,2269
15,2595
8,1840
11,6757
22,0462
19,8257
-1,2587
19,6793
17,5489
15,2771
10,5410
15,4868
7,1365
14,1733
9,3528
23,9630
16,0753
23,3213
19,4478
9,5803
9,2361
20,0682
9,2181
16,7625
13,1100
22,5531
19,8502
0,6062
8,2861
16,9582
1,5320
14,0268
10,9773
3,9868
14,0227
-1,2133
11,2975
25,5165
16,1820
15,5321
11,4099
13,5182
11,6489
18,8433
19,9304
16,7009
13,3217
13,1564
-1,8678
18,2484
25,8196
17,6165
17,8552
17,0076
25,9643
17,5008
17,8541
10,8701
10,6104
10,0610
17,8911
3,3130
14,2491
21,2364
11,8526
16,3069
16,3381
16,1309
20,2246
24,2240
11,3777
21,7427
15,7502
23,5132
4,6107
8,3735
-5,6763
11,1077
17,2548
7,3396
16,6390
16,4462
22,2184
19,1190
20,0859
18,0039
12,8285
10,0341
16,2352
18,2763
24,4464
26,0159
18,3638
19,1746
12,8804
13,2816
9,8741
12,2462
18,0097
11,1464
16,8884
8,0781
19,7617
19,1984
11,3846
3,7713
14,2098
15,6461
13,8259
10,8089
24,0871
22,8616
12,1089
6,8784
20,7480
15,0583
17,7995
16,9967
13,1077
9,5920
12,4745
16,6010
19,8420
19,0548
15,4841
21,5622
1,9094
-2,0309
20,9967
3,9254
9,0241
16,4214
-5,4649
19,8126
16,5598
10,8315
2,2632
17,5183
17,1382
21,2561
6,3389
15,8818
13,7576
15,2098
21,6172
18,4839
-11,2987
14,3315
16,0722
18,8706
3,0814
16,5290
15,6842
6,9332
5,8108
4,1890
17,1610
16,3172
11,0554
10,6473
13,1683
14,0168
29,1922
24,6736
19,1009
9,3033
9,4953
8,3459
20,9985
12,9174
8,1209
16,0795
0,7430
20,6373
16,7234
7,4224
12,7930
23,3755
8,0709
17,7973
12,6124
21,0793
8,6974
6,4326
15,3506
10,3465
25,9353
12,2732
37,3172
19,6905
1,4641
18,0191
20,3017
14,6409
19,7098
16,7337
9,1781
19,6590
24,5898
17,6632
16,8921
25,7685
17,2990
15,0204
16,0094
9,7347
17,2097
19,3052
12,9368
7,2591
21,9878
14,5425
16,1576
8,3700
16,3549
12,0540
17,3038
15,3531
25,4958
23,4414
27,1568
9,7797
16,8065
12,7246
11,1056
12,0627
11,2524
26,1876
21,7743
15,7189
11,0362
9,2911
11,5142
12,9553
8,9233
8,0126
16,3278
3,8875
18,7080
10,0304
15,2906
11,7289
11,9899
10,3962
13,6438
20,4079
31,1726
8,2566
14,5901
19,5826
14,3789
3,7589
13,9732
28,4368
22,2634
24,8308
22,8632
11,4810
18,3851
10,3797
20,4914
10,3007
-0,8120
17,7147
11,1834
11,2871
13,7552
10,3076
6,4181
13,6545
12,0403
11,8087
5,6752
19,5992
30,9147
20,7907
21,5997
10,9145
13,8416
15,2724
14,0574
10,1259
14,2046
22,2402
15,6710
31,1392
6,1025
14,7649
20,1845
10,5154
16,1033
-0,3026
11,8332
7,9662
7,1997
16,7846
14,1586
13,2794
14,2758
5,2362
8,8824
13,4992
11,2716
15,5640
20,3495
21,6419
6,8183
7,9584
-17,9892
2,1145
14,0019
24,9679
6,7029
20,8864
20,9491
5,6183
1,1521
17,9509
21,0071
13,1238
4,1042
11,6757
14,9823
8,6386
13,6879
4,7540
13,7745
7,3403
5,0110
5,8578
22,6439
-12,5772
1,3470
16,6303
18,4525
11,0015
19,5662
20,7920
12,0204
32,3563
28,7592
5,1591
20,2829
19,5313
20,6370
15,0681
13,2338
12,1561
28,1738
-3,5145
13,1554
18,3318
13,3994
10,6599
25,4126
12,0876
2,6844
13,1711
14,1779
19,7277
11,4842
18,7365
11,5549
11,0840
18,4620
18,0530
17,6750
19,1368
17,8447
15,0689
24,2039
23,4203
11,5795
13,7976
13,9266
11,7793
1,7187
14,6093
22,2090
-2,3613
5,1889
10,8513
11,4568
15,0748
18,0000
7,5073
11,6317
13,0001
13,4592
24,6629
26,8862
12,8101
9,4773
20,6561
13,3789
0,8150
8,0277
14,7045
15,2959
27,5543
24,8459
13,7578
14,1581
18,7029
10,2737
2,1737
9,5233
18,3529
18,4532
15,5083
18,6746
0,0654
1,4887
19,2112
20,0505
9,2295
17,2666
12,7511
19,2498
20,4010
-1,2991
7,3512
17,0312
24,9673
16,4834
1,3623
3,6576
10,5923
8,7848
-0,4767
19,5792
17,5674
10,8011
20,3167
19,5222
17,3692
37,1194
9,0071
12,4762
27,0831
16,9407
7,8433
8,7392
5,7848
12,2094
29,0347
12,0037
13,0997
4,1368
23,8426
10,5575
8,1522
15,0080
6,9322
9,6543
16,8757
8,8719
12,2664
15,9785
20,7785
15,9633
19,6014
23,6157
21,5052
23,5645
15,0907
25,2321
20,0201
7,5030
17,0289
11,9099
15,0139
1,7408
12,8808
17,7286
11,6479
7,9087
23,7664
14,1363
21,1908
22,6027
12,8822
12,8991
23,7762
17,2371
16,5852
6,9978
19,9806
19,7623
20,7722
21,8465
18,7634
20,4063
13,8298
18,7999
27,7125
32,4157
13,8926
15,3497
11,4326
19,8221
10,0864
19,3680
17,5251
6,8081
20,2589
16,7527
17,8437
10,3694
11,0290
18,8597
6,5577
17,0771
21,7188
9,0965
11,5283
13,1348
11,7734
16,2474
16,7145
15,0404
19,4344
1,0166
12,1677
12,5813
7,9629
12,8953
0,3539
-2,3927
11,5743
6,0148
23,1595
17,7093
16,6564
15,1607
17,5990
7,2596
11,6723
14,1126
17,3944
12,7481
25,3458
23,9156
12,2565
18,0848
22,1253
21,8312
8,1018
3,7140
9,5400
15,5238
17,1436
21,8154
20,4748
31,5401
14,1880
13,9271
18,8603
15,0055
16,1712
9,9828
13,9111
0,7986
8,5111
21,9738
10,7643
11,5627
11,7265
23,7257
20,6090
18,6306
23,1664
18,6669
16,7134
17,9299
5,7579
15,8398
10,1637
11,4519
11,6250
16,4702
18,9405
9,4380
29,0642
11,8405
13,5555
13,7853
18,4072
7,7577
17,9348
14,4227
11,2220
5,9389
23,4739
22,8882
7,7783
19,5680
4,2661
35,8301
17,4300
9,9932
9,2872
16,7418
5,0512
20,4088
12,0647
19,0474
12,4400
9,9537
-0,4572
16,3139
20,8316
15,4185
19,1357
11,5259
15,2558
11,7643
9,0968
17,9630
20,1516
25,8752
10,2990
-3,1419
13,9858
10,4002
13,7746
17,6771
15,6562
24,1213
2,3956
23,1049
11,0750
16,4727
16,1429
8,4699
14,0670
11,9454
11,3744
25,0393
7,2303
18,7055
24,9648
30,2712
38,2629
16,8160
10,5479
8,1382
16,3686
10,6537
17,3520
35,0804
19,4103
15,2445
16,5148
8,4140
8,3383
11,9167
20,8121
18,9862
25,8609
13,5410
18,8820
41,5396
22,6368
22,9185
12,4349
15,3631
17,1000
11,9002
7,9974
13,0451
1,7578
6,2520
-1,1039
14,0236
13,4140
4,7977
17,7175
12,6569
-1,6605
12,7503
2,7315
10,1407
17,4235
17,2518
8,1366
11,9872
21,8425
16,6606
9,6685
17,0715
30,6073
10,1772
13,4335
22,7204
18,8674
8,1281
20,6543
-3,0228
9,8736
28,2252
11,6628
15,5115
12,6557
24,7680
13,6481
13,9783
19,7549
12,2095
22,2357
12,7717
7,3758
7,1295
12,4530
13,9101
19,4178
11,9855
25,9834
25,8887
12,6604
13,7522
0,1526
15,7154
22,7123
10,5317
16,3908
23,7629
21,0860
2,4397
1,7549
12,2851
18,2020
8,9524
-0,4921
9,9611
15,7169
20,7977
9,6254
2,3575
6,2895
19,4733
6,2015
9,2135
17,6456
6,1247
19,0466
6,0167
10,6689
27,0322
26,2643
26,4782
83,8248
15,8869
-1,8711
16,4706
12,2170
19,3990
17,7386
-12,7401
22,4868
17,7969
20,6220
11,1650
6,3426
25,4925
20,0671
46,8626
12,7122
24,6114
37,3135
17,8397
13,1738
11,2520
11,5875
7,2954
13,1258
10,2188
10,4398
20,3803
15,4320
24,8927
14,9335
6,3293
27,6278
14,9125
9,1875
9,5494
6,0649
1,6815
18,8068
17,8835
-0,2095
-2,2463
12,2259
2,6253
17,7420
10,6049
15,3792
9,9312
9,2358
8,1217
23,0577
6,1331
11,7013
16,1062
21,0476
22,5729
3,1892
9,7461
14,2206
15,5412
-1,2477
27,7319
29,0806
10,2190
14,2860
20,7431
13,6684
21,7016
4,2550
6,1152
20,1103
23,6399
11,4669
51,2471
20,5721
21,1171
15,9274
23,1096
19,8346
11,4784
14,4526
5,1403
15,9203
13,5268
10,8329
11,6700
17,2065
20,2810
17,3320
13,4255
9,1282
9,5335
6,1416
11,1770
12,9184
9,2220
22,4640
8,0197
9,0165
18,7034
18,2984
30,7746
25,3561
19,5153
11,2357
19,3124
13,7825
5,5738
12,9026
11,8705
20,0151
12,6290
19,7112
20,7344
60,1121
19,5860
20,2110
16,7189
22,5232
8,0073
18,3934
14,3066
9,9670
14,2013
17,6239
13,3416
11,9503
11,3561
3,8714
-0,2340
20,7887
16,6112
18,0855
11,9073
20,3215
16,6999
3,7649
27,1410
16,0253
19,7486
12,9970
12,1246
6,1090
18,1220
14,9219
21,4692
16,9929
6,5190
10,5697
17,5815
3,1374
0,1699
24,7756
11,4982
20,5551
-2,7928
13,8305
9,8910
9,4671
-2,9623
16,0573
23,4249
19,0968
14,0545
7,0475
3,7559
15,4854
17,8187
3,4324
11,0113
22,5233
17,2918
14,8354
15,7744
7,6520
27,0106
17,0506
14,9436
13,0906
19,2757
9,2656
10,0196
16,8211
26,8580
12,3364
15,2025
7,4070
18,4587
12,4770
12,4197
24,8774
14,6416
11,5610
15,9545
4,3135
23,0484
15,0276
7,9347
15,8267
9,8209
15,7577
9,3332
3,4185
4,1462
2,0845
25,3983
20,3913
20,0604
9,2067
12,4774
16,1718
25,0161
15,5735
12,3794
5,6188
16,5843
16,3689
17,5955
27,3533
9,4754
18,6147
19,8949
17,7213
18,9153
-5,7059
5,9870
20,4391
12,5656
14,3648
17,3927
11,5396
1,8999
14,0434
12,1087
9,9582
17,0886
18,9323
12,9459
12,8579
2,4370
6,8284
8,4741
19,4508
22,7836
16,1631
8,8010
18,9636
7,7888
21,9334
12,4191
13,5634
16,0192
15,4453
41,1404
18,3777
4,9150
21,5743
18,0437
26,1120
16,1386
19,9910
21,3482
18,8243
8,7057
6,7283
6,1259
11,1768
2,5580
14,4011
4,8067
23,3935
19,8479
22,8474
18,6443
-2,4726
10,5521
15,2132
14,4666
6,0257
11,4475
17,2747
18,8989
10,1709
14,4812
36,5793
6,6892
17,3715
11,0079
15,6797
1,2437
21,5811
17,5625
15,2989
26,0585
8,5643
10,8358
14,7506
21,5413
5,6810
15,9270
-5,3488
15,3268
26,1753
42,8075
22,0234
18,4953
12,1312
16,1569
24,0168
15,1878
12,0818
21,6668
4,9040
16,9560
21,9820
7,2231
17,9989
12,7138
7,3583
24,0088
8,3004
7,8719
8,0808
12,0827
12,1931
11,1580
9,4078
18,4127
8,9148
15,1752
5,7209
41,6934
20,4227
22,6260
11,3976
25,2378
4,2133
9,6504
20,2177
18,4250
6,7033
32,9325
11,7758
11,4101
9,2712
20,0252
33,9454
15,1126
17,4904
15,9635
9,5639
8,6607
10,5435
16,4255
14,0571
15,6184
4,1285
14,8451
27,3247
15,3607
17,4545
4,2805
3,2191
6,3575
17,5152
8,6399
16,3600
16,8490
14,3520
18,9997
35,4490
8,5144
6,9741
30,6021
15,2824
14,5943
15,1929
16,2519
12,5737
14,3636
22,0858
19,2106
8,1143
19,1515
27,3582
26,0689
17,1214
11,3849
14,9455
9,2552
18,9872
10,9037
4,3330
9,1575
13,2731
10,5303
15,4203
16,0452
25,9530
24,9140
20,4201
11,2475
10,7751
11,2972
13,5058
36,0293
12,7269
16,4131
14,3058
26,5549
11,7230
15,2646
20,4982
17,4210
12,4401
11,6049
7,7706
31,6707
18,8870
14,3896
2,7752
7,9956
26,0661
13,2337
17,0235
8,6827
7,9747
12,9029
18,6592
13,6300
12,7833
17,4920
22,9889
4,1220
18,0775
23,7240
2,6447
7,8236
3,8295
18,4120
8,8077
15,4814
13,0781
14,0435
23,6794
20,9880
3,9247
10,5213
17,4377
4,6334
15,0437
10,3792
45,8432
20,1919
11,3070
10,9023
16,1639
-0,3984
16,3653
15,2434
15,4635
20,3684
13,2744
11,3509
13,6590
24,8423
12,8372
22,3748
14,1502
1,7949
8,9299
10,4220
11,8971
16,1452
61,9115
20,4352
1,3082
19,0794
28,5827
25,2427
7,0761
9,4638
14,9678
12,1281
18,0417
20,9882
18,9884
5,7406
9,7353
8,8459
19,3411
11,3622
2,9752
-4,3242
11,3576
12,3418
19,1804
17,0078
19,6190
7,8803
3,0597
8,6757
6,8329
14,9971
13,1877
16,2023
13,8005
25,2765
23,4349
18,6429
16,7172
17,1792
19,7756
13,0382
13,5347
10,3778
14,2998
14,9185
7,2091
13,1440
16,8867
26,5993
14,9498
14,5570
15,9004
12,3520
4,2452
13,1682
14,4634
8,8364
6,9280
17,2622
19,9674
10,2704
3,1129
-2,6667
8,8630
30,9646
15,1409
5,6634
15,9569
6,0199
33,8083
24,6700
47,0679
19,0427
2,4247
12,3811
23,4557
8,8166
36,3806
15,6489
26,0871
19,6469
19,3576
9,7307
15,7685
19,0566
13,1700
22,3748
17,3980
17,2155
9,2335
16,0991
16,9010
12,7307
9,0027
11,7185
-1,4837
28,7392
23,1912
28,8720
18,2155
13,5693
13,8810
14,3114
7,5363
15,7843
12,9211
11,9830
5,8457
6,3226
20,5224
25,2581
24,5570
19,1489
17,0292
18,0490
16,3749
19,6940
5,5427
16,5294
2,8524
3,9445
18,4302
13,7147
26,4033
2,4807
2,7233
25,0835
34,5682
17,7498
12,5119
8,0185
18,4399
8,0363
13,6564
13,8747
12,3225
18,0331
11,8044
5,2793
15,5328
10,4527
14,0417
9,5076
17,7583
19,2071
14,7104
14,5475
21,6590
15,5816
20,5491
15,2778
10,2554
31,2415
6,1903
23,0690
16,2379
26,1417
17,0635
26,5961
11,8896
26,0265
9,2900
13,5877
11,8153
13,6929
14,5279
16,1135
8,2697
18,8650
14,8375
20,8609
19,6411
-6,3365
13,6594
13,0048
30,7098
15,3810
12,6545
13,7739
1,7394
12,0450
10,6709
32,2759
42,0030
27,3951
27,7171
12,0144
7,8844
16,6688
18,5654
24,1089
6,3760
12,8470
17,8917
24,6874
22,2535
-2,9130
12,6313
23,5909
10,0993
26,7609
18,0781
1,5484
18,2078
12,5862
-1,3406
9,9758
7,6826
23,7554
5,3812
8,4771
14,1608
13,6394
19,6339
12,7079
26,7110
17,9160
13,0361
14,5682
25,0496
15,4039
28,1443
8,0734
7,0582
5,3169
13,3709
20,2641
10,6404
16,3606
5,9230
10,4794
6,3196
-4,9570
16,1571
8,9646
6,4999
9,2520
21,5451
13,7526
11,2598
17,1482
18,8983
10,2171
12,5014
16,8036
9,9847
27,3731
13,6249
29,9463
7,9895
6,6879
9,0562
17,5947
15,6689
20,9590
12,5225
6,2416
17,5873
1,9963
7,7840
14,1606
8,5892
11,8953
-4,1952
9,7737
13,2801
6,4859
20,1503
24,7831
6,5333
3,5705
