16,4362
19,2621
14,9091
14,6407
25,2686
7,9934
5,4228
13,9484
8,3309
8,3160
10,8629
8,8833
9,7172
15,3022
13,7327
20,9223
22,6064
20,1400
26,8999
15,7371
8,5966
9,0322
13,9241
26,3174
15,9015
25,5825
17,7499
22,7244
18,7556
10,7150
16,1738
10,6772
19,8671
9,3647
19,4601
18,5076
8,3745
7,4838
23,2923
12,0841
20,9284
14,7034
12,5229
6,9938
34,9901
19,6911
3,6827
14,7050
6,1545
13,2492
12,8812
14,6974
12,3582
15,8505
12,6323
14,3470
13,7786
18,3738
13,7885
14,4541
9,1040
14,4303
19,0847
16,5124
9,9336
10,7205
12,3763
13,9494
8,6576
27,1001
-0,8629
21,3435
51,4377
11,3579
19,7038
11,4941
15,2902
4,0811
7,3528
18,1321
14,3166
8,4893
15,6795
8,3353
5,5545
10,9597
8,7985
5,5779
22,6411
9,3389
20,4561
23,9224
3,7429
19,2495
18,3384
18,8803
15,6251
14,0478
14,1626
12,8346
13,7080
17,9807
16,3796
16,2290
14,2229
7,2718
17,9521
15,8315
19,8885
16,5970
19,7906
12,0167
14,2839
12,3807
3,7058
6,6969
12,7441
13,7547
15,6724
16,5831
7,3590
12,9519
11,0977
16,1175
11,2261
13,4520
14,8859
13,3126
19,8591
15,0054
24,9033
18,0135
26,2272
0,3503
21,5819
2,7734
17,8484
15,0531
18,3753
1,2939
12,9730
14,5590
15,5407
22,0208
24,4325
13,8990
7,4630
27,7495
11,9483
10,5916
10,7750
10,2058
24,6792
16,3825
20,9227
7,5839
10,5498
20,2749
10,8769
8,6932
21,4579
2,7376
18,6019
13,6120
4,5180
10,7664
13,7718
23,3580
6,7098
17,7288
18,5847
17,5866
7,1081
23,3717
3,3855
8,1005
24,8712
3,8385
25,5165
13,8030
7,7305
9,3632
22,0426
12,7958
21,4020
15,5602
15,6787
14,6059
5,1651
2,9835
9,9126
1,8751
9,8171
9,9337
16,1214
14,8843
13,0576
16,4957
18,6467
16,0083
21,3109
5,8527
10,9195
9,9699
2,6436
19,4631
17,9971
24,3713
10,8609
12,2349
11,8572
19,9271
9,6389
23,5152
9,6451
18,0944
13,8513
15,0423
6,8699
5,0969
21,8853
2,7113
13,6412
10,8391
5,4974
17,7984
17,7812
24,7394
25,3142
24,9955
11,7668
18,0839
15,6404
8,6724
11,0910
21,2601
12,8581
20,4704
18,7504
17,1889
22,5680
14,8525
2,2744
14,1415
12,8591
12,4033
11,4309
4,4814
-1,7232
14,6400
19,1714
17,3533
15,9452
10,1662
6,3547
15,7959
59,0924
3,4574
13,1686
7,7740
0,1295
19,1373
13,2340
13,7534
10,8729
19,9809
21,8686
11,4821
18,7385
13,4753
10,1192
11,9515
11,2553
13,3148
1,6528
15,5487
11,8917
12,1099
18,7903
9,2096
6,1375
10,6988
9,7061
15,0031
14,1877
11,6622
15,6431
17,7764
24,2664
22,1041
21,5283
16,2360
9,8228
1,7935
14,1016
9,5609
22,8487
21,2618
15,1252
12,4389
12,9269
11,0296
23,3980
19,0848
13,3521
31,2311
15,9541
12,4549
6,0835
8,1304
9,1325
17,1690
20,4759
15,2726
17,3616
16,0294
13,6622
14,2595
15,6465
22,1043
10,4751
17,0982
19,6373
16,9756
0,9309
25,7695
11,0714
4,3378
7,5613
20,2076
21,6513
13,9697
16,6030
-0,7412
7,7282
24,1943
4,4314
5,7313
15,0933
2,7827
14,7034
6,5843
14,7494
12,2367
13,3796
30,7053
10,0507
24,7528
21,3208
25,0517
12,3133
30,1889
13,8172
8,6213
12,1474
14,2408
17,6542
27,9617
13,8379
25,3733
15,9648
29,8727
24,2269
13,4965
16,2889
25,2575
16,5721
9,6554
11,1149
10,0894
11,1646
5,0079
16,9908
21,4736
15,5364
16,7520
16,3332
7,1681
9,0781
22,0385
22,4103
7,2156
16,8850
14,9965
7,2228
11,3894
9,4229
19,6543
30,0395
11,5404
4,5401
12,5067
7,4247
19,6924
8,9660
16,2718
22,2585
19,2278
12,7762
2,3781
30,4061
8,1278
21,7303
18,4300
18,1679
27,8400
16,2841
2,2531
18,0121
19,9479
20,1061
15,8575
11,3395
5,0572
9,9702
16,7824
15,6484
22,0375
19,2399
12,6226
9,1383
21,7348
20,5595
13,4103
8,4249
6,0964
20,8417
18,6746
21,4095
2,4467
8,8745
15,1611
22,9713
8,0871
-7,7196
17,5520
12,3526
-1,0222
14,5409
24,4485
18,5135
26,0148
16,8495
0,2463
8,1794
-2,5525
11,7272
5,7707
19,4120
17,3709
1,9846
22,9524
22,1666
6,3427
11,5345
16,5195
19,6531
14,5310
23,0596
3,7153
12,6912
16,8679
18,7260
7,4590
15,2139
17,8629
16,5262
20,2525
7,2238
15,7303
23,9880
15,0406
16,9236
9,8618
11,3645
10,1798
-7,1437
23,3057
10,1115
15,9205
14,3617
26,6821
16,4402
-4,0815
7,3231
15,4763
2,5405
13,9121
25,5679
3,9049
12,4167
14,0472
19,6312
19,4334
3,1531
17,4507
-4,9066
18,9228
11,9891
18,1158
13,9659
3,4823
30,4934
13,6262
12,9471
12,8646
9,6743
15,6611
14,1353
13,9456
24,0745
22,1363
13,9160
19,5714
17,8350
11,0058
24,9380
6,6865
22,0190
16,4933
17,4664
10,3882
12,5528
9,1969
17,1631
11,4751
15,8526
21,1877
18,0710
10,1449
17,8831
15,9004
12,5633
6,2464
12,3080
11,6862
12,7383
5,8261
12,0509
21,1885
5,2260
13,6938
13,9023
14,0862
18,0423
22,9872
11,1433
16,7549
4,9634
13,0423
13,6206
8,0922
21,8823
21,5383
3,3482
26,6149
27,9400
14,6807
15,2589
20,0603
24,4448
7,5393
17,1719
3,3837
11,5884
12,5915
1,6886
16,6307
16,2465
23,7955
22,5962
10,2976
17,7527
12,1818
22,5570
19,5990
17,2558
9,1196
10,6305
1,0139
0,0314
22,0769
12,6734
11,7064
25,4690
7,8709
20,4620
18,0097
14,8119
10,4995
16,8445
17,8477
17,1612
15,2327
11,5675
17,7711
22,6589
14,0219
21,4778
19,3821
10,9294
9,2999
12,6154
6,5957
19,7926
8,6819
23,5671
14,0084
19,8186
10,7895
8,8407
14,7447
11,7235
6,7711
13,3335
17,3609
16,2313
15,9792
12,5449
17,3630
16,3723
4,1461
24,1544
15,9639
15,6205
15,2091
19,7434
14,4882
15,1796
10,7530
9,7300
20,7342
18,9318
26,1783
28,3919
15,3411
14,8729
11,0490
21,9065
17,4948
12,9445
1,2525
4,1166
16,5758
5,2153
25,4512
16,9276
0,7555
22,3506
21,7399
29,9402
18,3765
21,1822
15,4271
23,2310
10,6432
16,1439
6,5854
15,8957
18,0952
21,8837
28,1975
14,7507
9,2103
20,7850
11,3790
9,9196
8,9430
20,7847
17,9801
19,2299
14,7705
18,0667
11,6387
11,9794
14,4818
22,5614
20,9396
9,1709
18,3148
-0,1843
15,2815
11,2833
0,7358
20,4682
10,5994
10,8922
9,9211
22,4041
21,6430
4,5078
18,0048
11,8598
6,6011
17,5406
13,7968
4,3304
18,5123
17,7701
11,8834
13,7897
30,6605
22,8887
15,1306
17,1796
11,2746
19,3523
19,7090
15,6065
20,7588
11,0112
11,8793
14,3929
1,5203
12,4698
5,5479
16,3694
-4,5063
12,7241
16,2975
11,2023
11,8519
14,6619
3,6693
16,6326
10,7068
26,4767
19,9606
16,4935
-5,8327
11,7169
20,1514
14,0087
13,7805
17,4215
9,4751
4,5441
8,5594
16,0674
15,0446
24,1447
16,6426
6,1644
5,9852
24,1049
17,3410
22,1906
13,6386
16,4808
19,7077
11,5659
16,4864
13,0208
12,5494
9,4092
16,2979
12,3753
8,5286
9,0929
18,2067
27,5931
11,7449
12,2269
13,1359
18,2412
9,4770
10,4293
2,6802
17,2810
11,2943
15,5905
12,1149
24,3482
22,1690
12,0100
21,2024
6,7020
20,9295
17,1188
7,1528
21,5046
11,7659
7,5649
10,4802
3,6654
30,5001
10,0623
16,9628
12,6173
21,4611
12,1402
25,3255
6,7873
20,6518
7,4397
19,8961
14,4020
26,8521
17,6057
16,0034
17,2998
25,5763
14,2853
7,7054
8,9429
12,1611
14,5063
14,0755
5,0647
14,8366
9,8683
7,4736
19,1940
11,7169
16,9366
10,0773
18,9427
5,4932
18,3798
5,5679
13,7100
14,6467
29,7044
18,8775
11,4648
24,6304
26,4911
12,3998
9,8439
16,9266
8,1957
20,3198
11,7535
24,5185
14,9408
23,4199
19,2408
16,3138
15,2052
22,9873
22,9062
12,0173
22,7487
16,7965
15,4330
11,1930
16,8370
22,1124
8,1888
12,9833
6,5934
6,2093
8,4490
23,4716
14,0544
16,2375
7,2982
24,2786
30,0284
15,4891
4,6076
10,2773
6,8711
18,3874
17,7682
20,4538
15,3750
21,3429
16,7205
19,3384
19,8866
15,7813
14,3483
17,2511
5,1063
16,5167
10,1804
11,1873
13,3936
11,4877
13,1838
9,0270
13,4921
17,4408
19,6953
14,6710
11,0005
6,1060
10,0573
13,8834
8,9208
16,6074
18,4601
22,7595
20,9146
16,1445
32,1161
19,4826
12,5598
22,0645
8,5322
13,2741
11,6406
13,4653
15,7780
16,4805
13,6677
14,8212
29,9217
19,9625
10,7559
8,9571
18,2585
24,4688
16,6683
16,7665
17,0636
9,7087
18,3089
-4,1653
1,5660
14,7000
4,5387
23,6367
13,1847
14,7815
9,3195
0,8148
10,8437
12,9697
22,1846
21,6890
17,8074
14,5981
-1,3463
11,5183
8,5009
19,0637
8,8728
13,5334
17,5180
12,9637
28,4401
19,7239
32,1939
16,1123
4,6827
18,4126
13,9831
16,8091
20,8840
8,0361
17,9012
11,9113
16,3511
16,0392
21,7215
1,7006
12,6479
8,4981
20,3773
21,3764
16,1003
0,7547
11,6198
-6,5363
21,2760
12,0821
18,9745
9,9852
13,9984
17,9122
12,2008
7,1288
15,2892
13,3183
8,0703
20,9604
0,7784
19,9839
10,4197
27,9247
13,1183
15,3645
12,3802
26,1121
18,0304
23,7399
13,0659
26,8969
16,3318
14,6230
14,8951
12,9855
-5,9725
17,7191
10,6483
20,2359
15,2522
17,3640
17,2438
14,6117
24,3439
23,2984
24,5393
23,9396
26,6963
13,9423
10,9734
9,6701
21,2735
5,6625
12,2699
17,3107
22,3104
25,9796
23,1685
20,4121
11,2208
20,4584
14,3207
6,6688
17,9868
6,7578
18,1762
23,7246
18,7190
1,2331
19,7729
11,5572
12,0065
13,7750
10,7234
20,4498
0,9036
11,2093
26,4267
2,0595
14,5126
18,3633
5,0632
16,4243
12,5151
12,6628
6,6179
24,2293
3,2077
6,1537
11,5677
5,6451
29,5352
16,0852
0,5039
19,0749
1,8528
9,6701
16,8934
23,4994
-6,6603
23,2703
-7,2411
13,6291
15,1144
18,6810
-0,5947
19,7325
19,8226
14,0986
17,1505
11,5080
13,8029
17,6743
12,3235
25,0776
14,4637
14,5756
22,7529
14,2051
19,8340
4,2098
13,6358
4,2008
14,5384
3,6801
14,0092
18,5583
16,1892
12,9529
12,7654
9,9629
17,2611
26,8513
16,4987
15,5492
2,6479
16,8801
-6,5578
14,1744
25,5468
15,9967
11,7446
16,2707
4,1934
17,7360
17,0947
14,5933
8,2621
4,7898
10,2238
15,4761
23,1631
15,2586
5,3565
21,0925
9,1386
11,3156
27,0249
12,9186
0,8621
23,6358
24,7604
12,2642
24,7114
19,5563
18,7059
6,5109
6,2329
13,7478
13,0607
20,2420
13,1061
8,8741
19,2837
16,1636
19,0800
16,8457
20,5330
20,3313
23,3806
16,4509
8,7104
8,6795
16,3822
24,2332
18,2740
9,6505
22,9519
23,9548
18,2741
24,2374
7,9996
3,5200
14,7112
17,3472
23,3736
23,0168
10,1373
11,1650
11,8553
12,2625
16,0529
9,1115
3,1287
14,8518
10,1437
24,8611
4,5927
8,8631
4,4597
9,6284
9,7922
14,0005
14,5579
22,2398
30,4551
16,9981
11,0341
17,7479
15,7614
10,7681
24,4149
16,7575
18,6372
9,4156
11,0679
12,8791
25,7418
7,5888
8,9847
22,8767
18,9628
21,0867
12,6565
18,2955
4,9252
17,3254
28,4033
6,9109
18,4181
12,9943
22,7235
-7,4269
7,4227
22,9765
9,0129
-2,0981
26,2457
7,8097
15,3200
22,2619
13,2233
14,5263
4,6320
17,3250
16,9608
12,2652
17,2596
21,1469
9,7867
7,8933
12,8810
7,2436
4,9344
17,0169
28,8173
20,8020
27,2756
11,7582
17,9937
8,4334
26,2652
11,3013
16,9293
18,8701
7,2307
10,8161
15,1452
17,8706
19,0546
9,3323
13,4744
4,9224
22,4306
15,4534
18,6014
20,0403
16,0458
7,7904
20,2823
21,4729
15,8302
20,9519
8,8615
-2,3110
13,9630
26,1270
21,9753
14,4731
8,2415
-9,7156
12,9287
15,2726
18,2407
17,2799
18,0446
6,6629
14,8046
13,6737
24,8319
3,7321
9,3577
7,8500
14,3679
6,9308
15,8768
24,3200
15,0512
15,9627
4,9706
7,2605
11,1471
5,7285
8,0582
11,8210
22,6206
14,5467
13,5605
9,7876
2,0896
24,0630
24,4309
21,9089
14,7273
12,2271
22,9016
18,1441
-6,6419
16,6027
18,4221
16,7393
18,1098
15,7615
15,3134
16,4709
11,7809
20,3917
19,7706
14,2217
5,9471
17,7269
21,1073
7,3343
23,9223
12,3900
1,8007
-5,2367
14,6994
18,4439
30,9763
9,7151
13,8671
11,1815
16,1819
12,3330
20,0329
18,9352
18,5231
9,2528
17,3086
14,9144
4,6024
12,1988
13,4012
22,6971
8,8046
10,1970
19,9370
10,9436
6,9917
22,2889
3,1614
15,4204
-2,7818
20,5731
6,6749
13,1931
18,0914
8,5491
10,3070
4,0620
16,4896
14,1889
25,7504
8,5494
19,2773
17,1043
19,5576
10,9204
11,3428
10,4400
15,6784
11,3421
20,4020
10,6266
25,5054
16,1645
20,3001
18,2281
14,2423
19,6957
2,8266
14,5940
10,1227
25,7561
9,9227
12,0093
15,8310
10,6841
22,7875
20,1013
29,6380
20,5628
20,7862
21,3469
13,7808
12,8389
21,4054
21,3895
13,6414
6,7531
25,9874
30,2333
13,2575
7,0752
20,6030
23,7657
15,3049
5,0589
7,7058
13,1944
15,3929
17,3364
14,3263
19,9776
12,8925
15,6432
11,5329
1,5384
16,3237
18,4211
15,4806
4,3885
13,5106
22,3374
12,9581
15,1202
9,2579
21,3826
25,5383
18,9991
6,4722
14,7663
0,9991
21,3315
13,1414
9,3950
24,1330
12,0912
24,1051
16,2967
11,2919
8,4608
14,7336
13,7763
23,5536
25,6241
13,8970
12,3893
10,0290
19,3311
14,3937
14,3042
16,7036
16,9931
9,4906
15,5887
28,4105
11,8232
9,4122
6,6306
27,8340
19,2877
19,8758
4,8474
11,3248
10,8087
23,0764
13,2682
18,6486
17,6334
27,9745
1,7297
6,1456
28,4450
11,8481
12,0256
20,7570
20,4285
3,9039
20,7876
14,0827
15,7601
17,0215
9,6531
22,6638
11,8397
17,5364
15,2469
8,8689
6,6325
11,2811
23,1214
12,8192
-4,3499
17,9351
23,6038
17,2125
14,4136
19,7406
19,5906
20,0196
6,1488
17,5123
16,5433
18,1562
14,4664
20,5205
6,9967
7,8419
14,7081
13,3104
19,8998
12,9385
20,6951
16,6046
16,5306
13,0807
-0,9270
10,1525
12,6843
16,5149
7,1755
4,2173
23,3426
6,7544
-2,2160
9,3326
12,4892
9,9685
23,5151
2,2980
16,7226
12,8175
8,7557
12,8696
15,7170
7,5576
3,6246
16,4385
19,7238
12,3101
9,4502
21,6305
17,3857
13,7118
21,9171
14,3861
17,2336
14,5749
16,9422
23,5303
8,1177
24,3546
-5,2973
7,4889
25,4334
19,4988
14,0706
23,5977
10,3896
21,8646
17,2390
16,7583
9,4286
13,9508
13,6826
22,4400
25,3155
5,2535
14,5246
15,4032
14,7974
15,6745
13,2017
26,8865
16,8335
20,7033
8,4010
22,7569
15,8064
18,4545
6,1922
26,1626
22,4224
17,5987
13,2741
11,9437
12,6314
14,9005
20,4688
18,6127
10,8587
13,7721
22,4653
19,3293
3,2752
16,3972
21,6500
15,2972
13,7806
12,9814
25,0123
15,7512
15,7235
6,3957
23,2075
8,1845
17,0959
26,1260
1,9227
22,8436
3,7035
19,4579
22,4949
15,1435
14,0412
0,9690
20,6483
32,3160
18,1897
12,4279
15,9638
14,9166
14,9616
12,6766
16,5256
9,5327
14,3089
23,3940
22,5003
20,5891
16,2482
15,5318
7,2869
14,5225
13,5312
17,1687
4,1026
14,2905
7,6775
19,5979
16,6574
17,3317
8,5784
13,0086
15,5136
14,0557
19,6147
16,4436
19,7606
16,8441
9,3518
16,9502
17,1254
7,6738
22,7773
18,7875
21,1455
11,2243
15,7371
24,7743
21,1239
18,6670
13,2709
10,4825
1,9079
17,0172
13,2209
22,1507
14,6836
17,1885
15,2772
13,3704
17,2537
19,6180
17,1782
10,1758
19,1206
13,9152
3,1967
9,9549
13,3644
16,5240
24,1941
20,7364
18,1302
12,8206
14,4458
9,2722
22,7673
10,6547
19,1394
2,6370
14,5238
21,3721
31,0852
15,0364
23,6217
31,0579
17,1986
9,0622
7,1429
2,4181
12,7805
7,4880
20,8514
19,6535
15,1100
23,2016
12,7240
13,5999
5,8622
11,6328
16,3952
18,8444
11,2247
13,1287
14,0881
5,9216
16,1571
14,5270
16,2289
12,1516
-0,2254
10,4179
25,4555
14,5304
8,4587
14,2231
15,4446
14,7473
23,6548
23,2661
14,4575
17,7113
16,5007
12,3233
13,1917
5,3625
23,6171
20,3158
26,6440
10,6059
9,8937
17,1797
18,2673
13,0082
22,2042
22,4680
17,2422
18,7199
18,0646
16,3280
12,4100
7,8117
15,3810
13,6744
12,0483
16,3584
15,9583
20,4714
21,5386
24,8826
22,3923
17,4183
10,6572
14,8294
10,3587
13,2783
22,6719
23,2340
19,9823
18,9134
12,9306
9,0959
12,4806
11,7116
17,5949
2,1502
11,6753
15,6933
10,4074
7,4378
18,9044
14,9426
9,5117
18,4259
14,8116
0,7032
14,5749
14,7811
9,7752
8,4677
12,1501
22,9308
18,1981
10,7168
15,6728
21,5306
14,7715
13,5123
15,5850
12,3957
26,9106
17,9493
3,1464
4,7503
16,0524
7,2334
9,2539
14,2956
11,7779
18,5473
19,2112
21,8398
15,7503
24,2981
10,7669
2,4513
12,4976
27,6893
21,2186
16,9744
25,7482
25,2727
15,6250
14,3771
30,9178
9,0462
27,8605
7,5927
22,9086
27,2899
9,8191
19,9425
19,8813
1,9874
13,8363
16,1248
28,2054
18,9378
18,8509
2,2971
9,2327
21,5397
8,9658
11,9999
11,5973
16,1164
14,4621
14,9375
5,3248
17,9121
21,2572
11,5262
20,9497
18,9690
16,9015
18,7078
14,3717
25,7909
18,1371
15,7970
14,7216
19,4247
22,1167
11,7837
18,7868
7,6181
23,5836
17,3061
10,5061
10,4615
22,0326
4,9387
5,9704
15,3571
13,6594
9,8745
5,0558
23,9633
15,4863
9,8126
17,6335
3,6019
14,1505
21,1100
16,9945
12,9541
8,1987
16,9828
14,7026
15,1649
26,4616
15,6276
27,9499
13,8046
11,6632
10,7012
9,1520
9,2112
24,0411
15,3002
15,4287
-1,0423
8,1883
18,1483
13,1362
11,4559
10,2577
10,1580
18,9348
12,3273
22,0586
14,1770
7,7215
8,6305
18,1395
-1,7516
11,5757
26,9033
31,3011
20,5078
14,4451
22,1469
4,1367
23,3206
5,2683
18,2750
17,9475
8,7901
12,9827
10,2504
7,8688
15,1624
-4,9139
7,2155
19,9709
18,1094
32,6704
5,4834
15,2731
13,6825
7,5720
15,1702
9,8951
13,0300
21,7434
14,2038
11,4210
23,6994
3,4354
17,1002
15,6110
20,8998
16,2025
14,0643
17,8638
14,6372
15,9508
0,9410
9,7106
21,4531
29,4610
12,0897
3,8633
13,0266
17,4809
15,2370
28,1942
24,2544
18,2645
16,3034
16,1637
-1,1582
13,5743
14,1071
19,8019
19,9309
15,6828
10,0728
22,2085
11,3911
18,6917
18,9092
14,4077
9,5265
12,5737
12,9819
7,5370
14,4209
16,1690
-2,6168
-9,1904
15,7953
16,8344
11,3072
22,3972
27,5368
20,4932
4,6673
20,2646
9,0576
14,8173
13,8226
25,1282
8,2338
10,1544
12,9008
19,5810
7,3520
22,4962
16,9366
13,4210
5,3691
16,1409
23,3170
9,6665
13,5282
3,6587
19,0759
21,8750
19,4417
7,4683
21,6920
23,4243
16,8120
-1,3300
6,7160
18,7208
13,3833
11,0353
14,8705
17,3734
19,6189
8,4960
25,8561
12,6386
-0,1021
20,6083
21,9913
-0,6818
5,1045
10,3890
14,8475
13,1788
15,6998
14,5195
17,5187
19,6391
16,6932
19,8863
35,7684
10,2316
3,8165
17,0947
9,8076
15,3730
8,7495
13,7525
6,4301
0,3586
20,2648
15,9073
24,3769
28,0731
15,3740
23,5043
33,7344
8,3593
8,8427
8,0425
15,8472
4,4302
16,3859
12,1798
14,3530
8,9243
12,0900
13,0050
10,8626
13,2928
24,0147
4,2909
18,1869
17,8296
11,4219
18,7979
-0,2318
14,0989
-3,8106
14,5939
9,1653
18,3885
19,7170
6,5266
14,1156
26,9443
17,3737
13,4937
8,9674
7,1042
12,1762
16,6268
21,5696
19,8085
11,5840
8,5612
22,4556
23,6991
31,2053
6,9701
12,3274
23,6255
20,1861
4,1103
12,4008
10,6887
2,3613
14,5466
14,2049
21,1724
17,5336
25,7386
14,8917
9,9665
20,2998
8,9662
3,2846
20,9103
2,6116
5,9145
19,2539
6,4545
27,4151
22,5990
15,7079
9,2487
19,3917
3,7955
7,0304
9,8853
18,2435
16,8314
16,8498
11,5549
9,1585
15,0086
13,6966
6,4228
-1,1884
13,5271
3,9186
17,5775
11,4740
13,3294
7,7101
13,4284
12,0917
20,0240
13,0912
9,2014
23,3069
21,9070
14,8278
-2,0474
11,5369
22,0379
13,5324
10,2241
11,4924
13,3829
17,6992
12,3676
23,3538
17,4677
28,1744
21,0702
8,7513
23,4229
1,1195
12,5973
-5,4332
11,8244
14,3508
8,7665
14,9827
12,3970
16,6354
7,4803
13,2388
25,1658
4,4131
-0,3331
12,9120
10,7819
9,9384
14,3091
18,4473
11,9952
8,1450
17,5856
5,4449
12,0835
19,1241
24,9186
5,4176
10,8255
19,2482
22,0732
19,5106
3,2594
11,9316
20,0064
10,4952
16,2156
9,5243
30,4316
14,7628
20,9222
14,9782
9,1175
11,0833
11,4146
16,5959
21,3835
12,2865
2,9121
18,3642
22,3669
8,5879
23,5566
10,0225
16,9996
15,3221
14,1396
5,6211
9,5966
0,8754
15,0961
7,1778
7,5556
8,0665
22,7126
34,3516
16,4557
23,9238
18,0048
6,4663
17,0495
11,6692
10,7176
9,9048
15,3531
17,8864
2,2755
13,8672
36,1611
15,7474
13,3938
11,9085
13,4180
12,9144
-1,2378
4,6459
-3,8891
8,8254
13,4425
8,9786
12,4920
14,1439
13,2347
5,0093
14,1195
14,8116
10,5622
5,0004
1,2589
20,3364
5,5740
16,2850
7,5686
10,4007
12,1550
12,5539
16,6261
18,0687
17,6686
19,6428
19,9650
8,1437
20,1915
24,2921
4,3062
18,1086
13,9389
11,7254
12,4730
14,6200
10,5274
0,0002
19,6568
1,5888
14,2926
26,9971
14,2549
21,2387
17,6851
15,3520
16,3965
23,7241
21,1178
18,9461
15,6576
8,4298
20,7471
19,2544
10,8900
16,4678
14,7049
12,8568
18,8081
10,3771
9,6612
17,2808
17,3984
23,8844
15,0856
9,6647
23,3692
11,1694
25,1030
20,5635
10,1744
0,7198
25,8615
15,8895
19,9535
11,4326
23,1526
17,5583
18,3507
17,8756
12,5305
11,7297
18,6142
13,7425
12,3899
10,4129
5,8591
6,5274
20,4014
11,5296
13,4891
20,4960
20,3122
13,3044
15,9214
10,6108
17,5447
12,6317
13,9754
11,4807
11,5397
21,1245
25,3543
9,3798
16,9073
17,3017
7,3412
16,1114
16,3335
15,5751
5,5388
1,8946
19,6049
9,5795
23,9949
10,5026
28,4097
23,7367
9,8931
13,7648
16,7755
22,4066
25,9102
11,2612
9,9573
24,4492
15,2045
15,2001
12,7366
15,3465
11,9063
21,9760
13,3266
9,7194
3,7332
23,3040
10,0294
6,5848
14,5639
22,4279
21,0894
4,7216
22,9500
23,0081
11,2206
19,7170
22,1277
22,0553
-1,0097
19,4171
18,2453
4,2429
25,7960
10,9083
12,6988
19,1686
19,8574
9,7783
12,4489
10,3814
10,5087
15,0459
20,4042
6,3640
21,6712
17,5138
16,4790
-19,9571
20,4749
18,2494
8,3915
24,1154
9,9705
9,2295
10,6926
14,7210
29,9094
5,2183
15,7173
25,3400
17,8299
22,0534
13,1375
14,6794
12,3227
14,9369
20,5211
8,8255
21,7139
14,0873
4,9508
18,7075
20,2630
7,9474
26,7283
18,4782
12,4506
-1,3187
29,4493
23,9812
17,2057
11,5031
2,9398
18,7679
13,0997
21,4154
10,4577
17,1496
8,7939
16,9547
11,9545
21,8422
4,7166
10,9760
17,7093
0,7778
11,6023
16,4513
16,3424
20,3160
12,8703
16,4789
18,8704
26,6014
21,7167
12,1156
-1,2724
13,4801
18,4744
12,6978
14,2406
17,0000
13,1765
15,4409
9,8037
12,1860
13,7903
23,5511
15,7773
15,2479
22,5636
18,4201
17,5949
10,4443
26,0238
21,2120
6,2255
1,9560
9,7356
3,9613
22,4676
17,7294
22,2450
26,3558
18,9471
13,1294
17,5504
12,8601
17,3123
12,0569
20,6263
13,0189
-5,8120
3,3678
8,8549
10,3310
24,7943
11,4186
18,6164
17,5849
22,3828
28,5855
28,7081
-4,7330
17,4076
14,8731
27,3002
23,0409
10,7503
9,9724
14,3478
20,3393
28,4596
21,0143
21,5434
9,6327
19,8886
17,2263
16,3235
19,8938
21,8444
11,2553
19,6532
7,8593
25,0251
14,1134
13,4109
20,0957
11,0706
22,4165
22,0315
28,5582
9,6781
18,4211
23,9597
12,9542
10,2624
23,4592
10,8777
17,1763
3,7969
18,5689
5,3225
17,0775
10,6454
20,2812
14,1848
26,5284
6,5129
10,2928
28,3165
22,2145
0,8025
23,8418
16,3896
15,2916
19,7790
22,3669
11,5534
2,4049
16,5888
11,1705
5,1306
15,1149
5,6781
20,6997
19,2047
10,9511
15,7077
15,5084
13,6483
37,8332
14,3918
20,8838
12,5236
24,1660
24,3605
16,9749
22,9309
16,8960
25,1234
7,3825
20,8028
10,5951
9,0963
7,0420
10,2986
5,5575
19,5068
16,4885
18,1730
5,6595
14,4151
10,6957
15,8620
10,0931
6,5336
8,7899
6,1431
21,6510
9,9507
19,1161
16,0177
10,7605
11,9390
15,6341
11,4826
20,0643
11,2595
20,8829
21,9860
15,9798
15,4614
3,8641
10,5007
14,3173
4,1982
13,6884
12,1382
28,6171
39,9933
26,4123
7,5495
15,1472
21,0907
16,1972
14,3828
16,9184
31,5809
13,2000
12,7323
12,3231
11,1981
21,6780
19,7230
10,7411
4,6839
8,9117
15,7300
24,6330
5,3457
18,7858
8,5338
18,3962
9,4310
18,8351
11,4703
12,6361
8,7558
15,2703
27,7306
15,5509
8,3836
15,8128
18,4609
15,5110
20,8243
19,6040
17,6106
4,7862
9,1340
22,3652
8,7776
7,3814
26,7581
7,3784
1,8704
8,6648
4,1885
9,3942
14,0228
30,5773
12,7843
17,2729
9,0455
17,9953
17,4006
14,8284
25,3827
15,2144
23,1608
30,4675
18,6393
13,4769
9,2595
10,2340
8,1645
9,9281
24,5205
25,9443
16,0027
13,5869
10,3217
21,2508
12,3552
7,8950
15,1151
11,3551
7,9766
12,2346
28,1566
11,9543
19,4520
21,5117
17,6609
21,7518
36,2380
23,9101
-2,1587
-2,7174
5,6546
13,8759
2,7436
10,7143
-2,1239
19,9136
0,7701
10,9689
6,6754
16,6724
1,9097
12,1973
11,2386
10,1281
13,8809
24,9223
31,8878
9,2763
21,3666
25,0234
18,5646
24,0444
-0,6351
8,8924
21,0919
18,6849
16,4138
8,3922
7,2933
6,9449
23,4260
21,5009
12,6085
14,2330
13,5681
12,2254
22,7310
24,3107
9,2922
13,6844
19,8579
4,2097
15,1216
12,5297
5,1362
29,7405
24,2071
27,7660
-1,6634
10,9038
26,3383
25,6132
9,0683
15,8984
21,0832
25,8132
7,1862
17,5991
-0,8031
14,0337
7,6289
25,7791
14,9857
0,9369
25,4248
20,8241
34,1572
23,0582
20,4210
21,9153
10,0230
-0,4885
13,8382
4,5311
12,3330
4,6524
8,6635
25,3969
6,2439
8,9456
18,6267
9,8420
23,0468
-0,1523
21,2900
7,2083
9,4055
19,5545
22,9198
14,3834
19,9661
22,1063
9,1873
18,1510
20,1389
12,6694
-6,5215
23,0642
5,3387
14,3347
12,2453
28,3137
15,9300
20,3858
10,1803
16,6645
19,1289
15,6766
22,7131
14,8311
8,1526
17,7276
23,2832
20,6172
15,3495
21,5984
12,1978
6,2836
19,4668
25,8241
26,6555
23,0390
12,6090
6,8716
7,6439
30,5127
19,1701
15,3045
25,2998
12,9695
8,3122
20,2791
15,7039
18,2501
13,9516
21,0405
11,8459
15,7358
16,1010
-5,5784
16,3687
19,2931
12,2572
19,9997
5,9125
12,4188
14,1503
17,4618
17,1978
19,1501
13,4415
21,0738
14,0990
18,9602
15,4737
11,7684
11,8246
14,0718
7,6702
4,3539
20,2164
8,3225
19,2936
18,6718
26,7377
13,2340
14,2865
15,1251
14,5441
5,8085
11,2510
16,0582
17,6481
25,2935
15,4863
18,4959
23,0704
-2,0107
17,5669
12,9127
2,7200
12,6347
14,9089
1,5047
15,4611
15,7866
13,7480
19,9738
12,9340
16,5889
30,2411
9,9241
21,2791
13,1529
4,5745
18,9290
21,6170
15,5053
17,4840
17,5826
7,8364
8,9637
14,6306
5,1548
12,4596
29,3794
21,9191
10,6710
13,0169
15,5018
19,6612
10,8942
14,0624
18,8758
15,4789
27,4166
20,2240
2,2479
20,4366
19,1788
14,9223
10,2121
18,1154
9,0825
23,5399
10,4612
11,0216
18,2139
-0,8106
14,4910
7,4426
20,2998
23,3323
9,6160
14,9301
7,1276
15,7792
19,3442
4,2392
11,5104
8,9768
15,5941
19,5771
4,0992
1,4952
13,7882
18,5720
7,9990
10,2371
12,2826
3,3223
1,9545
23,4788
13,8454
16,3840
19,3530
11,5825
4,8054
22,0641
10,7626
20,4770
22,6638
17,9318
13,5032
19,3661
13,4995
21,1235
7,8445
6,1573
3,1275
11,2284
17,8469
13,1641
20,5283
24,1894
16,3485
15,5378
16,1398
18,0732
13,3079
14,4975
6,0376
26,1083
11,1707
2,7117
12,3823
10,1021
11,9953
15,6051
19,0587
24,7219
18,9466
9,2003
9,9723
9,2016
0,5542
6,1875
8,6664
10,5906
10,1371
13,9822
7,4280
18,6330
13,2368
18,8698
13,8885
18,0329
17,6478
8,5763
5,7410
23,8053
17,4607
15,7275
13,5051
20,4041
15,1325
15,1583
8,4292
16,4209
4,3956
26,1348
15,3824
12,6558
24,7956
9,8273
27,6885
21,2431
15,3389
12,6266
20,2092
21,4723
12,9090
14,0987
12,9303
17,4893
20,2843
18,2077
16,6504
17,3678
15,9630
16,6666
19,8495
9,8605
11,0073
12,0428
17,8143
8,4983
19,8172
22,2420
3,8279
19,1113
12,8704
13,7126
23,2897
16,0250
20,0069
17,5342
17,7984
23,5823
7,9291
7,6605
18,3376
13,5583
12,6827
16,2743
20,9699
3,7247
22,1957
13,9349
26,0464
3,7987
15,6761
6,6589
17,7268
18,3865
16,6415
16,8014
12,6615
21,7005
20,7174
19,9944
2,5679
9,7872
13,7587
5,1178
22,9168
13,5624
9,7756
13,3038
25,5824
16,0265
0,8940
17,7863
18,5958
19,7461
14,7421
11,4038
20,2868
14,2594
7,6823
12,8596
12,8687
18,7041
13,7284
18,8813
12,2478
17,0181
14,7832
15,3240
-9,4529
26,4766
4,3695
11,8452
17,8765
13,7675
9,3507
15,5545
10,6139
29,0050
10,4064
12,6803
6,0830
20,5971
21,9892
7,8470
19,8064
19,4701
0,0322
10,8877
17,7239
12,1373
24,4741
-2,6577
20,5871
12,6073
13,6231
13,5117
13,2012
14,0083
18,2918
6,6973
4,5271
24,2824
14,8688
23,8502
14,4076
15,1267
12,9725
10,9863
5,0556
15,1566
2,2001
16,8533
11,6812
3,0376
5,0616
18,7545
28,5726
18,5870
12,9950
20,8859
16,5283
26,3663
14,3322
19,8153
16,1687
19,8284
19,9806
11,3836
5,7519
10,0661
14,5443
17,3301
24,7582
8,8529
10,9346
11,3389
14,8719
24,7662
14,4452
24,6424
14,3116
12,5817
9,3190
17,7427
10,1987
11,4359
16,7252
9,1614
7,5720
0,5258
23,6632
5,3752
19,5880
13,5260
30,2704
13,9825
8,3730
16,3847
16,2384
17,0754
17,7535
10,3943
15,1223
20,1950
18,0608
18,1509
23,1147
5,6204
21,2223
5,8492
22,1677
29,6550
26,3026
35,9798
18,2522
28,3280
16,1225
10,0507
23,7464
15,3777
7,4292
11,1705
21,4663
13,1532
19,9562
10,8970
11,9762
8,3095
13,6907
15,6341
24,3189
11,3746
12,4299
6,5306
18,7642
15,0140
10,9099
14,1403
15,4427
20,6581
18,6297
-7,8062
17,0795
9,4497
11,2133
15,5669
11,3547
12,8035
16,2661
23,9268
11,5897
13,5865
10,2413
22,4867
19,3103
13,6722
4,0790
17,2932
12,3290
16,2477
26,5162
16,5302
4,4154
27,5769
16,8797
19,2570
-4,4780
9,0800
27,3324
6,6433
17,2698
18,4731
13,9456
6,4348
16,0679
9,7405
19,3965
13,2732
16,6926
25,1381
7,7653
18,6023
23,8278
14,4613
24,9489
17,1738
24,5581
3,9795
16,9064
18,5616
15,5813
1,7206
19,3858
19,8198
4,6361
24,8188
12,5786
24,3907
12,8030
21,1080
10,9618
14,0166
21,1478
19,6098
18,1555
20,3403
15,2082
-4,5848
14,5919
1,4277
12,0316
21,8188
19,4253
20,0337
15,0943
14,4326
6,6755
11,4158
27,0905
11,8450
9,0380
22,2457
21,2873
-4,6358
4,3816
3,0976
9,4344
18,7642
5,2156
7,8127
10,8433
18,7174
25,4907
16,4123
1,5678
3,1491
14,8800
3,2010
17,1299
-1,0881
17,7955
22,6494
24,5834
18,8950
16,9201
27,7339
16,2847
16,1308
10,6953
21,1539
20,9977
17,8686
14,2007
17,4188
13,9676
17,9808
17,9431
9,0651
26,4690
5,4402
18,6843
16,5694
10,6777
3,5885
9,8181
3,0435
6,9781
16,8118
14,4996
13,6729
14,7349
19,2191
22,1303
8,6369
-1,1474
9,8130
12,0142
-3,0667
25,2982
24,1138
12,1245
12,4571
2,8684
19,0753
2,3927
10,0879
9,0219
9,2701
11,1683
24,0845
10,9047
-0,0512
14,8604
-0,3441
19,1865
17,2057
22,2956
11,2990
7,9531
21,2012
14,0496
0,8445
9,7739
16,9521
16,1192
12,7839
14,5300
3,0287
12,3157
25,7502
15,1092
16,2402
9,3408
14,3586
15,6012
17,3579
12,2253
11,2802
9,4884
17,4012
6,4286
20,1080
9,4286
13,5308
20,9280
4,9346
25,5320
5,5406
4,4964
21,2394
8,6338
12,6921
4,5097
14,9921
17,3958
19,6965
18,4496
22,0973
14,7929
16,0314
28,3868
15,8559
19,8064
9,8835
10,8734
20,4835
24,7283
9,6552
-0,6433
17,5625
17,8595
16,8517
6,6474
-0,7252
11,6527
13,1561
6,9736
16,8597
14,5460
27,4456
12,3413
9,6057
18,1983
6,9428
4,0454
6,3979
12,4418
16,5797
5,7413
14,4463
19,3107
18,4019
11,9935
22,1225
18,2010
-5,8168
18,6667
9,6179
21,8871
19,8817
19,1483
20,3596
21,1515
13,6303
18,0779
11,7424
7,3478
17,4575
9,5222
-7,9372
12,2991
22,1665
14,2391
25,3472
24,7751
26,1940
18,2030
21,3309
22,7066
21,0338
16,1387
15,4418
23,6747
18,5124
31,5120
2,2985
24,7075
13,0483
11,8090
15,1051
18,2718
24,4988
14,8592
14,2819
9,1173
19,6285
9,9531
11,6822
10,9157
3,9601
22,6665
16,1857
10,0654
9,8245
19,0533
22,6064
19,3350
7,1473
3,6998
13,2161
2,7203
9,6639
10,6123
30,1362
10,7325
6,5800
27,2655
22,1357
18,8140
7,5429
13,0679
11,5965
15,8899
13,7189
9,2230
25,5823
32,2651
16,1172
23,7142
-2,6679
10,7713
1,9667
14,9685
8,0881
22,0856
19,2857
10,9478
10,2210
23,3379
14,3485
16,9528
15,2029
10,7453
12,7416
14,6087
-5,9238
19,0945
14,4348
-6,9857
16,5630
11,0202
8,8691
13,9827
15,5904
-0,8738
17,0225
11,8621
22,5783
-7,4244
12,5548
11,9400
17,0005
11,0084
12,2747
24,3260
3,8165
11,2251
14,6592
21,6460
14,7450
7,1793
24,3671
16,2862
19,2982
8,0295
16,1650
13,7317
-8,5878
34,7436
20,4807
12,6304
13,9345
27,5961
13,4406
12,2578
20,2520
9,0596
14,2757
13,3928
14,0074
3,9758
16,5312
10,5312
24,6896
16,4449
-0,4920
12,4814
17,3386
9,0703
16,3899
16,9179
3,3253
11,9668
15,1608
13,1963
10,5177
11,2525
17,7665
14,0776
12,3227
9,7620
26,0509
17,9481
10,8335
6,7018
1,5218
13,8167
19,9854
12,2111
17,5979
16,7745
27,7042
14,6406
17,0961
23,2325
7,7665
17,7836
-0,2661
30,9644
6,2803
13,5870
19,1425
6,0740
19,0906
11,4861
23,5510
20,6234
9,2269
18,5731
13,5090
14,8537
22,8130
30,0344
-1,3888
13,0856
13,3201
5,1119
26,8067
15,6270
11,2803
12,9520
21,8308
20,9181
0,9492
13,9948
15,5331
23,5542
17,0247
18,8788
11,1794
12,4273
20,2390
18,6931
20,9034
7,7961
11,9641
22,0713
25,6449
10,1836
19,1669
11,6786
17,3465
18,3275
22,7345
9,9188
37,2257
23,5934
16,4483
17,9814
30,0880
8,9098
12,1117
14,5817
11,8202
14,8907
7,5982
20,8103
13,1143
20,4246
1,1486
4,4596
22,5958
5,4844
12,4764
24,3597
28,8408
7,8784
20,9771
16,8984
13,1100
22,0006
22,0942
11,8203
7,3231
13,5408
17,5029
26,5183
6,1214
13,8075
16,8731
-1,7747
21,3603
6,3610
18,9116
2,4791
14,1119
14,0511
17,4847
11,8718
19,5201
17,1290
25,6832
25,6625
11,6446
-0,0816
13,1471
8,9230
10,4045
12,0657
18,9619
22,1014
20,0011
15,5442
11,4904
12,3302
16,0717
22,1854
5,8728
9,2611
13,0921
4,5828
6,9068
6,7858
21,2104
19,5427
11,4031
14,3578
24,2113
14,6860
18,1252
22,5826
17,8808
26,0130
8,0186
24,1486
10,2632
13,0920
16,5286
15,5243
21,0978
12,9341
18,3496
22,9519
4,5941
10,5161
16,5705
6,4021
10,5237
15,5042
9,3778
7,4715
10,3024
-1,0195
21,5599
19,8726
14,6513
12,6017
17,2436
11,5024
16,3247
16,8129
15,1586
17,2727
21,9055
19,6614
-0,8437
18,1705
7,2058
14,2179
16,5809
12,8630
16,3784
19,7718
-4,5525
21,9915
5,7672
18,3593
7,8227
24,6445
22,7073
14,4661
12,8818
14,7118
6,1872
14,4406
-2,2100
13,9544
9,7821
12,6793
14,9493
9,1835
12,5216
14,4307
0,4335
23,4317
9,5432
17,4398
8,2731
12,2957
24,5646
28,5737
6,4356
17,0290
3,2048
5,0440
8,6684
20,0326
14,0698
20,6804
8,6690
16,8500
19,5718
13,9976
-5,8636
24,9790
15,7163
13,8103
19,1905
24,2785
20,2292
21,4888
14,2623
9,2869
26,6399
22,0292
16,9709
9,4261
16,6541
15,4816
10,5833
13,9798
17,2239
8,5812
-0,7771
12,3819
2,0029
3,9605
23,0329
35,7895
10,3423
13,2308
11,2552
19,6653
16,6192
11,7675
9,7496
19,6527
15,9895
3,9008
18,3223
11,2024
11,3554
20,5042
11,2045
15,2093
9,7031
22,6950
4,2059
19,0402
11,6137
-1,4125
11,2198
17,5728
10,7556
15,6349
9,7944
-6,8668
21,2815
11,8822
22,8313
11,4833
0,3367
7,5133
14,0918
18,3701
16,2781
7,8640
12,2374
8,7833
3,4525
2,9469
11,3187
10,8129
17,3898
7,6616
12,1634
24,0784
10,5860
15,2960
9,9831
24,4548
15,0034
19,4401
9,5704
29,5904
7,8104
13,4667
13,2062
17,5786
1,9357
16,5162
4,2559
21,1177
20,9031
23,9659
5,6402
17,9824
24,1251
12,0839
15,0104
22,7031
10,2347
24,0165
11,5588
10,7395
17,4409
1,8068
7,9105
12,0402
25,4415
31,8545
8,3204
16,5216
8,0783
23,7835
12,4235
20,3577
24,2438
10,5987
14,8823
8,3200
18,2941
21,3284
18,4905
23,3817
13,1137
10,2725
21,6045
16,4453
21,3067
11,4104
12,5125
21,1662
24,1586
6,0841
20,3444
3,1025
-0,6066
10,1224
-0,0557
10,4427
21,4725
9,8550
-3,1031
9,6490
23,2407
22,9812
19,8150
17,5039
16,1329
10,1371
22,2102
9,9846
20,2919
18,1157
19,3822
14,9398
6,6858
7,9497
16,7859
24,9602
14,4734
16,8071
15,4350
10,7075
26,2706
4,5690
21,7705
18,8008
13,9999
3,7352
16,6765
11,3994
6,6835
21,0101
6,9089
19,5588
9,1602
17,7501
10,6235
5,9181
12,6470
4,9226
10,7044
8,1139
14,8225
10,6196
18,2903
14,7499
10,8262
10,9080
15,2553
17,0323
9,3459
12,3314
5,9065
25,6596
15,0232
24,2350
14,4281
9,9676
14,8590
18,0786
14,8784
8,9207
15,7898
10,9716
14,7394
23,6037
20,0255
5,6061
8,0899
8,9604
14,7973
18,2687
17,5853
15,8358
19,7306
7,8690
19,2593
-4,0026
24,7852
19,4601
18,7193
6,7721
21,0110
15,4862
14,0553
24,0677
16,2862
15,7080
11,1369
4,1722
3,8103
25,3509
7,3910
11,0032
-0,7010
11,9536
23,2505
11,9788
19,9345
21,4372
19,4647
14,7618
14,3866
9,5963
16,5726
13,9034
4,6113
22,3088
7,3174
-2,1784
20,6866
11,0059
8,1820
15,1931
15,8617
15,4319
15,5159
22,8201
14,4133
16,5516
22,9582
6,5479
17,3566
22,9109
22,5581
6,3883
18,9556
28,6994
22,5114
14,7164
17,3622
10,9783
12,5909
15,1946
18,6768
22,0995
16,7349
17,9055
17,8438
21,2409
12,3619
10,7819
11,5830
16,5765
11,2301
16,5686
21,5706
13,8405
4,1254
10,9439
14,7514
8,8948
13,0098
15,5398
16,8766
18,3453
22,5955
0,7970
4,1570
10,9432
14,1074
8,9497
18,9204
22,5688
8,8324
20,0301
24,9404
12,0227
12,5123
15,4813
20,5028
-1,3774
26,3214
26,0047
25,4930
14,8904
16,6299
19,5469
5,8472
11,0148
18,3450
23,7224
12,5981
18,6132
3,4810
23,5137
8,2492
17,9599
4,6985
14,3761
11,9022
15,3677
5,7644
15,1646
19,3663
3,2108
11,6768
16,9069
7,5873
18,4943
8,3205
21,0716
8,4305
15,1793
26,3764
18,8767
-8,2707
5,0662
10,1052
20,5182
20,1460
23,9846
11,7884
2,4846
12,3104
6,9849
18,0617
24,9654
18,9877
-2,8309
6,3336
18,7820
12,8811
12,7489
10,6341
13,7027
19,2235
4,9871
24,2064
30,3410
17,2403
8,0687
13,4090
14,8562
9,0382
19,8466
15,3406
10,7142
20,9621
-2,1405
23,2068
9,5525
12,8431
10,5852
17,2578
16,2530
14,3255
15,4187
16,0250
13,1864
18,1506
60,9886
3,4089
12,6974
18,2375
18,8760
23,9276
19,0001
1,3029
20,1152
13,0561
12,8871
22,4348
11,6436
18,8161
9,4267
14,7175
11,7762
22,4408
12,3236
12,5757
15,9939
19,1169
17,0920
20,0808
12,1094
31,8176
8,3106
16,4551
15,7429
18,7438
5,6532
3,8408
25,3326
22,1212
14,6158
17,3690
12,3471
4,1709
24,5284
19,3912
15,8116
22,0042
14,6721
13,8823
6,1726
15,0399
22,4648
15,7809
23,5061
7,1694
20,5048
11,5349
12,2443
15,2690
7,3548
18,2360
21,7858
14,6771
20,5095
14,4008
16,0897
23,2043
-2,6529
13,9869
13,9710
15,3887
19,3040
14,5697
15,6553
7,4309
18,5990
18,6543
18,1056
15,1900
18,6546
20,5983
18,4019
15,0348
3,3104
20,2947
19,0732
6,5554
10,1832
9,3606
5,4047
19,0710
18,1786
12,9060
28,1185
19,4207
12,3575
23,3975
21,1798
12,5644
6,3593
13,2166
15,2396
6,0178
6,1428
18,1160
21,8541
6,8383
20,7467
26,2439
21,6773
34,5503
12,5464
4,7638
19,5082
20,1165
15,6743
15,2211
-5,9905
13,4948
13,0357
28,4760
9,2223
16,4992
18,7296
18,8679
13,9509
11,2257
18,4923
16,3339
20,0980
21,0856
25,3571
23,4921
14,6776
0,2618
27,0226
10,2533
17,1252
2,4256
2,7771
11,9834
13,6532
19,4021
4,2488
0,8872
14,8707
7,9340
22,0167
6,9443
5,7077
0,9750
2,9826
5,3352
6,7664
16,4923
14,7314
19,5844
10,4681
9,8429
14,0645
17,4956
11,4363
13,7844
16,1877
13,3764
19,4915
11,6268
14,5089
13,2004
19,3047
13,6485
7,3334
18,8664
20,0137
20,4094
22,6913
1,1440
17,2118
22,6917
11,0292
8,7736
-2,8390
11,7264
13,2998
18,0720
10,8559
13,1557
15,7093
7,3875
11,6205
13,7752
24,4895
13,2327
34,8393
3,7688
14,7267
19,6130
5,9933
5,1009
12,0459
21,5613
-0,9632
4,6415
5,0284
14,6606
20,5685
-1,0445
12,8050
9,0534
15,0632
25,5808
6,8958
22,3896
13,4210
24,1736
5,2303
23,8395
22,2840
15,8242
16,1609
14,8747
12,1498
10,8692
14,2729
13,7048
3,6981
20,0018
19,3600
17,1540
10,6797
17,4815
17,8372
13,1360
24,2532
7,5297
12,8768
30,3628
19,5268
15,6189
30,1369
11,9443
16,9040
12,2356
13,7106
18,0156
17,5171
24,6221
5,8832
13,0153
18,6417
17,7529
23,4910
28,2783
22,3999
19,4335
3,3618
11,9539
10,1551
20,2235
9,9862
22,2119
18,3883
26,9756
17,3647
12,2703
23,1021
14,8125
7,1104
16,3175
4,2002
11,3826
20,1545
18,3937
13,1714
11,1572
18,8491
20,0198
16,6023
-0,0155
16,4763
15,1661
13,1685
18,9041
5,9194
21,7387
9,6387
13,0539
32,2819
16,4451
21,8055
0,1008
12,8049
17,0035
17,6773
0,9933
11,0957
13,2445
19,8771
5,3747
18,0206
5,2150
20,3907
16,1056
21,5189
13,3399
16,3493
12,2082
19,3816
17,2603
22,7534
23,4853
8,0785
13,3527
10,0479
12,8385
18,0758
13,2602
21,8949
25,1278
14,7365
17,5668
19,1724
14,6268
18,1264
23,9907
8,4458
6,9975
17,3043
8,1948
15,3750
8,9293
11,6247
11,9895
-7,0442
24,3846
-3,3041
12,1847
14,6172
15,3365
16,3183
7,4298
14,1127
-2,0765
17,9357
6,1218
18,6206
8,6844
14,9499
16,7531
13,2490
26,6688
3,9617
14,9514
19,4043
4,8885
20,6910
16,7454
18,0566
22,5599
4,8461
15,5109
15,8694
5,3863
12,5553
6,6934
11,5706
11,0479
2,1894
20,7433
4,2098
14,0547
6,0616
17,3717
22,3240
14,6512
20,7942
12,5101
6,4112
21,2517
-0,6413
23,1289
6,0737
22,3745
11,1686
3,7372
13,5952
3,8845
16,7527
13,7425
29,8590
-2,1547
11,2678
13,4617
12,5206
6,0031
19,5795
8,7374
21,6891
13,6191
21,0936
30,1482
6,7309
13,5856
20,6886
18,2765
6,9705
19,3426
15,0510
12,9671
12,4774
20,3108
11,9758
15,2631
16,6235
1,2717
24,5155
11,1177
5,8262
15,8368
10,1164
3,4712
0,5320
28,0610
20,2874
21,8028
17,1721
25,7314
10,4890
9,9771
4,4856
13,1873
11,3926
2,4154
15,1226
12,2878
14,3591
6,7439
21,7525
15,1181
25,4227
23,2618
23,3933
7,7506
30,7169
9,7385
29,3563
26,7305
27,9024
25,8026
5,4703
9,6940
27,1938
4,7007
16,0080
15,9227
15,8190
14,0289
6,9309
19,8848
10,7765
-6,8865
19,8090
8,0845
12,2248
-1,9535
7,5237
10,3689
4,5675
11,2467
8,3184
23,4775
21,8046
8,8445
19,9974
-1,2538
17,1481
21,0416
11,7768
13,9765
5,6963
12,9150
12,1320
20,2417
16,8068
5,3487
17,9998
8,3087
20,3654
15,9030
7,5638
2,1276
17,3524
18,0810
8,3788
-4,8845
10,2730
12,0692
12,6773
7,4034
8,4974
18,9593
18,8484
8,8699
7,2943
1,7735
14,0923
27,5766
31,6811
22,2743
13,1857
14,0936
6,3169
18,0389
22,3672
15,1994
17,3945
15,1545
16,3557
19,4942
0,8607
14,9765
8,0994
12,8098
25,0803
21,4388
9,9515
20,9948
9,1631
13,8453
24,2483
16,2943
23,8626
13,1338
15,1148
4,8442
24,6544
14,3598
11,3377
13,7865
24,9098
13,5514
13,1322
16,8010
14,4641
9,8921
13,6752
14,1547
9,5700
7,6979
24,5977
10,7632
21,7946
2,9528
31,5614
21,6245
14,9260
10,8484
10,0428
16,7193
8,9110
20,6184
24,5793
10,1092
14,0086
16,9389
9,9760
8,5101
0,5141
18,9869
6,6300
15,5334
12,0763
6,1040
21,1970
15,0595
3,5447
14,7511
12,2296
16,5662
13,8847
11,7022
33,8606
16,0157
23,7287
14,4982
13,4845
29,3230
8,8643
9,3687
3,7744
12,3608
16,8929
23,6057
-4,9319
9,7459
18,7894
17,1312
5,1135
18,4127
14,6553
31,7845
11,0318
11,5185
6,6328
14,5097
1,9322
20,3200
10,4887
12,4940
17,5188
26,2581
17,1032
15,8374
17,7785
14,7140
4,3185
29,1468
11,8265
11,5494
14,9024
-5,6079
25,4960
22,1135
3,5340
18,4955
8,3641
-0,3111
14,1437
12,6584
12,5831
16,0022
10,5542
8,6516
20,1285
12,5727
8,0341
10,2538
10,5408
21,2364
11,0540
14,9491
22,6904
16,4616
5,1506
18,1113
13,3045
9,7518
19,8770
16,0359
6,8881
15,0348
9,2301
12,0605
17,5024
16,0364
11,9901
13,8847
9,2059
12,8095
11,4568
17,3008
10,9248
24,3877
