30.5149
36.7499
18.0429
30.0872
18.0953
41.8025
20.8705
13.5590
34.1280
19.6035
15.4324
26.7315
33.6505
43.2292
24.2607
33.1002
14.5846
19.7280
13.7102
22.7490
31.6817
32.1482
20.3668
48.9867
35.6220
19.3323
39.7457
25.4842
25.4198
20.3250
25.4487
26.2157
10.1810
21.1137
9.0428
23.3358
47.9280
29.3222
39.6983
35.8100
24.1822
26.2611
23.3544
17.1267
15.9329
25.5978
40.3834
23.6568
22.3504
23.6292
40.8520
52.0789
20.9657
33.7558
23.9577
16.0203
34.2420
23.5099
9.2084
16.6656
15.4359
12.6574
35.4049
9.9455
41.1099
11.0541
20.9762
30.0114
20.4651
38.4043
29.8844
30.3972
25.2744
29.3864
37.5069
15.6506
23.2750
24.6456
25.1646
16.4666
39.7244
26.9828
21.6027
16.8760
7.3305
26.4169
16.2695
26.5430
32.2159
26.2113
18.5463
30.3782
1.2055
27.5367
33.6340
24.5261
26.2479
18.7207
41.0104
17.3886
4.2362
20.6281
8.9633
23.3058
28.7578
13.8688
38.2763
20.9042
35.2806
27.9751
27.4626
21.0054
25.4740
50.2853
33.7022
15.0664
31.1549
15.6216
2.7708
15.8795
28.2619
16.2082
19.8220
4.4746
23.8281
14.4364
26.5214
33.9118
24.2778
37.3679
28.5409
19.2170
17.3546
21.2881
25.6927
36.0241
6.4605
13.1598
24.3551
35.4691
10.3891
17.3534
25.6025
34.0783
27.4978
15.1704
22.8074
14.1860
24.5556
26.9622
10.9945
40.1452
21.2678
49.7396
20.5912
18.0608
28.6328
30.4186
21.7048
18.4527
17.8511
27.0778
21.6439
15.8465
24.7672
31.5495
30.8330
22.2478
35.3251
30.8169
17.9500
25.0366
12.0086
22.1159
22.4055
17.1527
13.9684
32.4898
15.9285
40.7293
26.0486
28.8596
21.5348
25.7615
15.3244
25.5569
12.0201
19.5116
21.2474
23.6291
10.8038
19.7376
23.2014
27.5753
25.8131
26.8694
24.2950
32.6409
26.9905
28.1318
18.1342
26.0204
21.1856
5.3572
33.2008
31.9923
14.2619
25.7693
41.6443
16.5620
39.5729
8.4967
33.9904
13.4338
28.6185
23.7027
22.6876
24.8905
21.0818
43.1627
25.4055
9.2744
13.3849
33.5608
35.7960
32.3047
22.4204
43.2396
20.3569
11.8169
25.2067
17.7942
29.9423
14.2047
33.6882
39.9418
23.5814
19.7619
26.7389
35.2652
23.8706
26.1156
20.7494
26.8919
19.1114
15.3444
16.5551
16.4969
25.5819
34.2482
17.2111
19.0167
34.3476
25.6754
33.3975
37.3905
15.9350
25.3411
31.6932
20.5256
11.2677
22.9158
35.4200
17.1774
17.8219
25.1503
13.6257
32.1407
18.0406
17.7408
26.9672
24.6691
24.5060
5.3303
36.6500
8.2146
20.8681
17.9038
15.5456
34.1658
27.4213
31.4567
28.5902
35.4680
12.0659
17.2338
30.5560
40.1103
23.6156
31.1773
17.7995
22.4186
30.3684
37.8759
14.6498
16.5550
28.2434
9.5910
27.1029
44.9443
36.4765
25.1820
18.3757
24.6361
20.2397
24.2216
46.5222
25.2751
22.7188
10.3864
26.3513
29.7176
15.4082
35.7331
27.2698
35.4980
14.5483
20.7208
20.3202
25.8788
15.7957
14.5119
25.8519
11.0413
28.5338
22.6795
22.2755
7.8123
16.0428
25.3322
27.2372
11.8312
27.9004
29.2807
27.7688
33.6156
16.0845
36.9741
31.7800
17.3803
29.7536
25.4373
17.5689
39.3105
14.2104
10.7288
29.3126
45.6285
23.7933
25.4962
12.3073
19.7683
21.9538
14.6019
30.9368
40.4522
27.1611
36.5642
15.5562
23.1167
36.2253
44.8616
21.0788
27.0468
48.0156
31.0613
27.7301
14.5095
36.2261
23.1495
41.0909
18.7332
37.4449
31.3931
42.1777
24.2899
31.9100
19.1975
32.0190
18.6334
32.8333
22.3598
42.1508
19.8394
19.5533
27.4056
15.8999
17.2468
27.8342
32.3758
49.3425
19.9394
43.9606
32.4203
32.9876
35.1341
22.9685
2.4953
42.7024
28.3290
14.2791
29.6111
2.3767
21.2251
24.6641
20.0908
24.6629
37.2294
10.1969
33.2485
7.0978
19.0026
13.7873
47.6747
43.1432
12.1652
28.3453
44.9563
25.0837
30.4449
27.6593
26.2267
24.4862
31.2200
15.2438
17.6582
12.4069
22.7928
29.0117
32.8163
18.9937
32.8579
30.9235
30.5419
21.7991
26.1435
22.4171
15.3143
38.3516
24.1649
24.4080
11.2972
37.4701
21.0072
33.7587
19.9960
14.2575
18.6682
21.1896
11.9220
20.0007
27.4905
23.8241
27.7927
30.5925
23.0035
12.8210
42.1535
25.5051
34.3142
23.4934
40.7754
42.6385
32.3467
33.6883
27.5952
29.7244
15.0099
15.1300
17.0261
21.7732
39.0301
27.4657
36.2904
24.2382
25.8514
16.5520
28.6345
16.9375
15.1745
36.7743
32.4187
18.5513
36.0450
31.9678
17.5523
30.8229
18.7560
17.5122
30.9426
8.3086
53.8940
28.8541
15.1826
33.5217
19.5830
36.4390
18.4440
27.4466
17.0952
24.3831
19.5432
-1.5319
19.4744
28.6349
18.0732
6.6491
23.8863
20.5863
34.8640
35.1027
10.1645
25.1389
26.1358
18.7094
3.9676
17.5087
26.3371
26.6283
5.0006
18.4144
31.6510
22.9664
35.3888
17.5961
9.8219
35.8484
30.8151
28.6605
35.7720
13.1913
25.1590
9.7692
27.3445
27.2330
13.9779
34.9799
26.1091
28.0546
17.7169
13.6170
31.1426
25.1210
17.1475
14.1649
29.3720
27.5104
24.5529
13.6276
28.1600
19.1510
32.2521
18.5979
16.2595
21.8720
25.9783
14.3396
26.9224
44.1152
29.6891
24.4194
29.5087
33.7415
25.4448
12.3565
5.3182
27.7094
29.4716
44.0366
17.7703
46.8812
37.5516
33.5436
41.4205
15.8750
21.0631
28.2320
34.5795
28.0095
26.9265
18.5184
24.9471
36.8072
19.1192
21.6573
48.3723
16.3445
18.9171
19.2099
16.1332
35.2960
28.6836
22.0634
32.3004
27.1023
31.6512
13.9783
31.0896
37.2904
24.1644
10.8168
24.6170
29.7330
15.7869
9.9280
33.8557
28.7730
26.7179
17.9347
8.3209
16.1893
34.8824
19.5041
15.4679
20.8492
36.2381
12.5188
23.0945
19.4668
45.4483
27.3898
11.4541
36.6697
6.9510
17.4226
26.1784
17.4499
28.6866
24.1366
13.6034
59.7722
30.6870
40.5933
22.6669
31.4060
40.1536
16.0825
25.0754
23.0515
26.5629
36.3576
20.2307
10.0066
11.7960
23.3544
25.5575
1.1863
27.6299
23.4413
39.7520
16.6857
23.6719
4.6776
21.3480
25.2661
26.6833
24.6460
27.0118
26.4839
19.9209
-6.4659
21.2465
18.9042
32.0241
25.3103
29.3437
19.7410
20.2017
18.3660
38.8950
25.7382
39.4176
-1.6389
18.8203
23.1880
13.5906
17.3075
17.7174
34.9240
23.4745
17.0861
22.9615
21.1634
12.7244
22.4678
48.8504
38.4739
28.3818
32.7846
15.8038
29.6122
22.3719
29.6496
11.5221
13.0342
19.5273
32.1087
17.2010
16.9221
21.7174
8.2629
30.1580
20.0041
21.7453
25.3006
35.6974
15.4185
25.1579
28.7163
21.3683
39.2860
13.4931
30.0941
19.8778
19.9780
18.4788
30.8468
35.2691
33.4599
24.8927
6.7144
24.4600
17.0321
19.0886
19.5929
22.7171
27.4882
21.7325
26.9793
11.5793
18.1582
0.3458
29.1590
13.7047
3.7866
19.3931
26.1056
31.1060
22.9049
31.2543
14.0108
14.5798
-4.7953
8.0958
18.3104
29.6934
30.4680
22.7026
18.7906
22.0833
36.8671
24.4515
28.7173
33.5229
28.0278
26.1626
14.3975
13.7005
26.1005
11.8985
15.3457
37.5820
13.4565
41.0241
26.5949
13.1777
15.3101
27.3140
25.5841
15.9250
25.9007
16.9768
38.9384
27.5039
21.7006
12.9109
22.4609
24.3156
37.8287
21.3847
28.0499
18.1405
33.0745
5.3782
13.7753
18.8500
24.8701
29.8217
34.3816
20.9065
15.2673
26.4326
12.9354
18.4903
31.6505
36.6894
29.2208
27.6820
9.0268
18.8704
27.2164
12.5651
46.7390
18.8712
34.1722
19.6111
34.2069
27.1573
18.8299
24.1539
27.8599
20.0220
21.3781
18.2235
27.3240
12.4421
23.8776
19.9215
34.7886
40.2943
20.5514
39.0490
41.5454
21.3353
12.8854
23.9797
12.1460
9.8741
10.0544
27.9177
22.9195
55.0918
19.0724
23.2865
9.9203
27.9872
28.4832
25.3594
26.8661
32.6767
24.5322
30.7407
23.9518
20.0023
29.3823
32.8649
19.3410
20.3874
23.7111
11.1988
13.3140
27.2398
40.1094
12.3943
34.5969
33.1783
31.0372
25.7762
20.7843
12.5374
23.3401
16.4398
25.4395
27.0093
21.8799
19.8811
25.8824
24.2678
24.0694
26.0632
28.0623
34.8707
17.0456
27.1848
15.5837
42.3621
19.3923
26.6208
15.4629
21.1258
22.5770
34.8249
26.3768
16.2815
9.1266
11.0075
20.8080
24.7422
25.4316
26.9766
29.1855
11.5613
42.2560
26.8547
32.8740
17.8353
26.1897
18.1888
15.6180
32.5133
33.0729
17.5939
25.2486
32.9395
53.0947
28.6494
38.0563
30.3587
30.5110
26.4292
28.2445
19.7719
14.2390
40.6847
15.8894
23.1692
37.9593
35.8277
17.9678
28.5212
12.8865
22.6025
25.9821
36.2357
13.9976
35.9448
37.2191
9.8509
34.9855
18.9175
31.4089
22.6677
14.7019
39.4610
15.6025
15.3192
18.5353
11.4099
22.5442
26.9581
30.8215
11.5572
19.6152
14.9162
16.3190
24.0915
19.4671
36.8738
26.8150
20.7539
21.8259
27.4711
45.6125
23.0829
18.2458
27.6514
4.6092
19.6211
18.2355
18.4277
6.9567
39.2618
15.3426
19.8938
41.7329
22.5650
22.8854
35.5184
31.9423
42.1027
18.1985
19.7139
21.8877
22.5347
25.6142
29.8544
12.1377
24.6015
28.3007
19.0915
32.9227
22.1361
15.7983
24.5747
18.9956
24.6581
5.4591
15.9187
34.8649
35.5507
20.6057
37.5072
21.9233
15.6853
26.3393
27.6780
24.4189
27.9727
9.3568
33.9210
21.0483
26.9156
34.3488
9.2124
33.1656
29.7649
46.6653
11.1474
31.6091
29.5911
39.6878
23.9503
18.7186
22.1082
26.0239
24.9321
15.2720
20.5608
20.4214
15.2172
21.5365
31.2076
24.6450
51.6985
30.4697
28.2456
42.8624
33.5914
28.8674
12.9649
33.3501
16.1367
23.8375
19.5167
29.3786
28.6854
29.7279
39.0961
22.2171
28.8758
39.0560
14.5958
23.1798
18.3718
35.5381
16.1590
25.7869
20.5777
47.2567
14.1922
18.3146
28.0550
15.8571
29.1207
34.0376
26.0331
29.5098
31.9583
27.3819
25.4104
30.6015
22.5541
18.9509
40.4748
20.7903
32.5601
11.7013
3.5449
18.6017
11.5540
47.0212
26.7083
36.6829
35.0163
26.9989
31.3979
20.7688
43.9210
30.0501
24.8677
34.5450
25.4091
27.7109
37.7389
23.2908
33.6776
18.6107
16.5858
41.9392
42.5004
10.8494
32.4847
30.6204
39.2671
29.9993
19.8065
35.2611
33.2532
15.2567
6.1730
18.8766
40.0262
29.1197
21.9632
32.4377
35.2760
40.0233
14.3797
4.1271
14.5277
45.4641
23.7989
26.4346
41.8748
36.4145
24.6263
36.9546
16.3743
8.9137
33.3779
34.7141
21.9242
27.7724
22.7435
29.1022
17.8859
7.2154
29.7958
19.6229
18.2333
16.0876
19.0538
22.2859
18.7075
46.5950
21.0816
29.6864
5.6296
41.8338
38.2213
21.8750
47.1237
17.4808
25.0670
29.5372
28.1288
19.8460
23.1630
38.6741
27.7173
25.1967
28.0270
22.7876
15.0042
40.3894
28.2899
40.7000
17.8309
24.9645
20.5303
30.9686
32.5772
15.9964
16.6685
23.9875
12.8992
9.8379
18.6626
17.8821
16.3222
36.4323
21.1657
20.4728
25.3133
32.1278
16.9460
8.5828
15.3997
31.5650
17.1390
12.8990
33.8402
16.8843
19.4646
19.8663
27.8077
8.0800
29.0549
34.1782
28.5416
24.4157
7.8286
29.5274
26.0008
23.8578
25.9842
39.5315
11.7532
19.8765
18.4655
24.1594
16.7547
21.9764
35.7756
27.5737
28.4199
11.9943
19.1678
26.1694
31.9656
21.6360
31.8796
27.7652
18.0798
17.9151
10.7215
18.6962
20.8346
40.9586
20.3007
36.7469
15.8998
14.5966
23.9605
20.3244
27.2663
24.3115
16.4817
9.5311
37.8572
35.5505
19.1522
23.4999
42.2109
22.8725
17.3797
30.1518
36.4484
31.5364
42.1077
24.0052
27.1943
22.5257
21.2650
15.9693
30.4579
20.0548
25.0014
38.3381
21.5815
22.8902
38.8503
9.8889
29.6556
15.8965
18.4917
29.1180
20.0435
12.4127
17.0747
25.0489
33.2414
18.9701
43.7960
26.6712
34.8090
22.1140
27.2322
20.2548
18.5710
20.3234
40.7506
30.3121
26.8433
14.0500
19.3541
38.7532
23.2828
33.8929
10.4324
25.5435
27.5128
11.2137
34.2636
9.7870
57.1984
25.7846
14.3465
15.2741
31.0132
33.3997
28.5242
11.8564
31.7369
11.2758
8.0534
36.0768
26.8818
14.2280
16.7788
10.8654
18.8436
12.2842
13.1437
12.4600
21.0002
20.6831
18.0603
43.0072
29.2994
25.3464
11.1201
9.4986
39.6754
17.9515
15.6514
17.7765
29.6868
17.9157
14.8508
12.8708
17.6237
18.9136
9.8981
19.6454
5.5705
12.8914
21.5460
6.8981
44.0830
29.9794
21.8903
20.5757
28.5221
18.3424
24.3269
31.0455
9.8585
24.4538
18.4845
8.3578
25.4116
20.9701
33.1581
19.5551
32.8951
31.9248
31.7901
37.5107
37.0725
38.5665
40.4798
13.8437
28.8697
31.6160
28.2912
21.2381
16.4055
11.2876
26.7849
34.9762
11.4964
27.5769
36.2878
28.1165
20.0350
23.7137
30.5007
25.5919
19.9138
25.0211
27.3968
41.6298
42.4759
23.2081
0.2766
19.9147
2.9542
24.7307
24.2769
27.1346
19.0314
25.3005
40.2038
32.3854
20.6071
16.3856
25.0013
26.1251
24.2378
32.1925
26.8126
28.4552
33.3224
23.9083
15.2274
33.3977
13.2135
13.7037
29.6275
23.1638
35.6939
30.8413
1.8267
28.9381
22.6272
19.2898
16.1291
35.6907
31.2375
15.1494
17.2046
20.2146
26.1608
31.5861
30.5883
23.6141
28.0496
22.4627
20.7057
14.0337
37.9391
18.9938
9.3558
34.1419
0.7495
27.4880
18.2466
30.2663
21.4775
36.7491
20.3968
26.8818
15.8889
34.5397
23.4254
20.9682
25.3098
27.5243
23.3142
4.8439
20.5550
47.4710
28.8993
28.6247
31.4525
2.1433
24.1544
29.5482
25.3541
13.5689
27.2694
11.0992
26.6242
12.0747
24.0445
20.2265
19.9969
25.6437
23.7021
22.9179
9.6479
23.1898
10.5379
25.4689
32.3176
29.8572
18.3022
14.2721
27.3483
15.3134
36.1734
16.3784
15.9131
16.6932
23.6364
28.8466
22.5570
26.7355
23.7586
3.6369
31.4941
17.4488
45.8983
22.0882
29.9426
15.0978
14.6216
8.6002
38.3925
28.4274
14.8386
13.6616
26.6495
22.1959
46.3863
21.8208
28.7749
30.6173
20.4443
18.8298
18.5686
18.9572
31.6273
14.5561
30.3169
27.3812
28.4637
28.8891
32.2526
20.0754
16.8657
41.3457
20.1550
33.5420
27.9255
27.7292
21.5087
34.3051
35.6338
44.9154
40.6573
17.7931
24.2807
31.8638
43.1605
18.1059
24.1322
34.0033
27.6656
5.8896
18.4756
22.7932
19.3693
33.1531
18.7863
12.5384
26.2886
11.2720
16.1381
33.5447
13.8673
42.5749
30.1102
34.3226
48.1246
33.4214
26.6494
15.8288
27.1617
19.9470
23.2916
12.4985
21.1219
37.4522
20.2239
7.7204
25.5190
10.0706
18.7988
31.9663
29.4713
34.2624
22.9442
32.1728
20.6135
20.5291
12.6204
15.5164
34.5655
30.6092
12.0358
45.5497
17.0974
22.3929
23.7716
18.6589
30.0426
22.7153
27.9969
24.1152
15.6876
23.8053
33.8890
16.8096
23.2747
18.9332
20.5355
11.2704
23.3385
24.4459
32.8234
29.0602
45.3871
24.7031
33.4186
29.0323
20.2540
28.9931
8.3784
28.5094
32.0056
15.7025
11.1487
19.1990
18.6675
33.0044
22.2516
39.0429
11.0709
30.1956
19.7317
27.1968
20.3035
18.0246
36.2409
18.7293
29.7133
31.1550
32.6349
29.5147
27.6068
11.7851
24.7249
16.9151
41.2665
33.3654
28.2309
21.5343
19.3085
30.0304
34.5840
20.3612
22.0416
30.5180
14.0165
15.7512
18.7733
36.7703
10.4678
14.5492
18.7754
37.2762
19.3169
26.7049
25.3289
28.7109
29.2870
17.5720
33.8922
10.8298
5.8546
21.8805
12.6929
16.9562
20.7800
25.3437
19.0065
36.9005
24.1697
19.0811
23.2748
24.0107
27.4800
3.2805
29.4622
17.9469
20.9926
24.9833
28.7064
42.3249
22.5810
40.4570
18.7912
27.8376
24.7185
23.0881
33.4547
28.9321
41.1400
16.5807
20.1983
25.8260
21.5742
13.8634
24.2339
15.9960
18.2402
18.5451
35.7210
39.4253
16.9234
10.7733
28.6138
16.2317
18.2822
34.5136
32.9981
21.1280
14.5558
30.3748
25.3901
17.5746
18.5166
24.9396
7.1675
37.3143
12.1189
15.6719
33.6932
30.2248
29.2307
38.1800
23.2564
38.8420
23.2499
26.1031
29.0317
25.1085
19.0369
25.8120
23.1753
29.1303
27.1206
28.0510
39.1068
39.9756
30.1497
28.4621
37.8792
13.6097
38.6131
36.2788
44.1955
21.2654
33.7703
9.9052
27.3139
21.0065
18.5797
22.1041
42.4859
27.1288
30.9738
23.1290
32.3695
22.8268
29.5499
14.1757
45.8007
19.5925
15.8758
21.2200
15.2578
26.4756
27.8154
31.4099
29.5097
35.2524
29.5882
29.5193
21.4041
23.4880
34.7261
19.8736
29.5626
30.4583
18.2961
39.1211
16.1233
19.3829
37.7230
41.1842
19.1701
29.2821
15.0618
25.7971
19.5329
41.0611
25.5209
12.8044
31.2238
31.0251
28.0192
25.3537
24.6114
28.5696
20.2845
16.7570
40.8566
18.9706
27.7284
22.9263
28.5570
22.9876
22.4759
22.7956
24.3741
29.3490
34.3807
23.9465
18.1336
35.3895
27.4354
17.0565
23.1202
26.7457
15.1906
17.8569
31.7810
28.2294
29.4536
19.1167
15.9545
11.7130
45.6670
33.1466
41.1149
9.5147
32.0187
37.3232
20.5365
18.0742
18.2689
25.6435
29.3448
33.9628
20.5602
25.1958
22.8031
17.1888
32.8325
21.3877
16.8219
13.6841
27.6764
13.5114
34.1993
27.3553
35.5830
22.8409
18.1030
25.0154
27.3536
28.4236
20.8452
36.3977
30.3956
22.5145
24.8018
15.1443
10.2841
14.0367
17.5823
35.8612
26.1366
16.4056
24.0900
14.5424
30.3802
42.5576
24.7574
46.3226
6.1667
21.0394
37.8195
9.9097
37.7075
26.8316
30.9677
19.0224
7.4382
26.3458
18.1097
10.8811
27.9291
15.1692
17.6966
44.2381
30.2078
25.6943
27.4959
13.1801
18.9324
5.6599
28.7670
26.3323
28.3767
50.9956
26.9989
33.1610
23.0090
11.6510
23.6921
31.1284
15.9015
22.0774
26.9518
24.8834
4.3399
6.5272
21.1354
30.7179
18.1906
13.8911
11.4659
40.7998
24.8908
31.0537
16.8354
36.5432
20.8442
27.3894
18.0045
17.0374
20.1340
32.7788
24.6024
17.1476
31.6243
30.0234
40.3522
30.7137
29.4702
20.8247
14.0560
14.3122
41.3133
41.8976
13.5189
9.1686
44.3504
35.2463
31.8289
15.2996
24.4528
25.4223
19.1420
30.5343
18.9492
22.1198
33.9752
34.8309
37.1696
23.2586
15.9961
9.5757
48.7873
40.8280
12.3344
23.4103
38.5336
27.9578
25.5255
19.0990
39.0754
28.1960
50.7947
33.0950
29.0409
29.2279
44.1528
20.4682
11.8091
36.4369
17.7214
29.9178
48.2159
45.1083
21.1639
21.4080
11.3814
14.4555
18.4577
42.0447
28.0888
19.1950
28.0800
27.1603
30.0006
19.4522
20.1504
36.4943
18.2614
18.1369
10.3658
18.6176
24.7749
22.9418
24.4017
3.0249
24.5949
44.4969
20.9752
27.2391
29.8868
38.8278
9.7816
28.6696
11.9497
11.4015
16.2100
27.1772
19.7966
20.6019
21.8345
24.6467
5.5154
15.7507
26.3797
30.1078
22.3908
34.7052
25.4290
38.5880
21.3683
13.2652
28.4465
38.0769
24.9027
20.3995
24.5576
41.9808
12.7077
50.9917
20.2853
19.3959
14.6876
15.8539
26.0524
20.9189
13.0470
39.5209
25.9642
11.2316
19.0794
15.1378
15.4262
46.4588
33.5364
37.3603
24.5195
40.7127
30.8993
25.6882
19.1184
27.0007
24.9635
21.1408
25.3584
21.1052
28.6346
25.6665
16.2637
25.4782
41.1453
26.7381
11.9038
28.2189
30.8485
12.8430
19.7429
16.0397
43.5571
20.3353
34.1817
38.4135
11.9058
52.7902
29.0671
3.1020
21.7057
32.7609
22.3069
34.7816
12.8622
41.2522
31.6730
31.1577
19.6668
16.4506
30.0258
24.2074
26.3068
28.3779
20.3885
19.0056
47.3064
11.7837
33.5544
32.1468
21.5082
25.8743
13.9665
30.5019
17.7185
15.6200
13.3137
24.9360
19.7597
16.4252
19.7687
6.6912
39.8661
18.2412
23.3816
26.3354
11.3614
30.7859
27.8578
29.7586
24.2553
35.5660
26.0722
15.1168
20.8918
19.1089
18.4374
31.4681
13.0787
25.9958
41.0494
18.5794
14.9443
26.6587
33.4808
22.4501
29.5319
34.2785
31.4007
25.8579
27.0201
33.1881
26.3229
18.9598
8.9530
11.7758
35.4066
25.6608
33.6982
25.1746
32.4961
35.9950
21.7726
