24.8691
38.8456
47.6475
32.9187
25.9867
33.5769
43.7203
35.8744
47.5943
28.5922
29.9082
38.9062
29.9814
47.6475
36.4465
47.6475
35.8133
21.4066
38.3878
31.9972
41.7655
38.8072
37.8137
23.4487
42.9635
43.4501
47.6475
42.5908
38.0895
44.8771
36.2523
23.4818
47.6475
32.1324
41.3863
36.3699
47.6475
33.1608
29.0472
40.8808
33.4161
31.4594
43.5043
33.7747
32.5340
24.9452
21.2073
34.3652
36.8306
37.6669
24.4392
47.6475
21.3184
29.6277
24.9648
39.1513
46.5570
28.6746
38.8097
45.4832
28.9440
37.1607
44.7913
26.7497
37.4186
33.8465
24.5479
42.6156
47.0277
47.6475
47.6475
46.5536
36.9123
35.5056
9.2400
47.6475
36.3840
31.7213
41.7175
38.8479
30.2425
32.5783
36.2388
30.1979
37.5409
36.0354
26.4996
47.2772
40.1896
36.7559
47.6475
29.2001
31.2788
34.6946
23.8801
35.9435
35.6402
34.4989
39.2816
25.5436
43.9922
34.3571
28.9516
26.6457
28.3819
31.9728
30.9211
27.2534
31.9061
30.2961
47.6475
35.3357
33.7725
43.2351
30.6710
32.3551
40.2688
47.6475
34.1605
32.3410
37.6586
27.7049
26.8875
37.9008
47.6475
26.2948
33.4244
32.5583
44.5045
26.4941
35.6221
36.0350
34.0144
47.6475
37.9560
43.1852
27.0549
45.3437
38.1184
25.0588
40.6248
44.8123
35.4958
25.9116
47.6475
47.6475
36.0255
33.2054
42.7646
43.7923
40.2529
31.6290
37.4206
31.3645
41.4732
35.3204
39.0180
47.6475
43.0630
44.9750
37.1496
45.1220
25.9294
31.8192
31.4968
47.6475
47.5802
32.7937
33.1387
22.6742
39.1210
23.4427
36.2521
34.0414
38.3374
26.5075
27.4960
41.8894
47.6475
41.8235
34.3168
39.8957
38.3592
46.0665
36.1248
36.9584
39.5287
31.4816
36.0486
34.1393
35.7890
33.9623
36.2905
38.4800
34.3519
34.6155
40.1746
23.9033
31.6770
45.2381
34.6855
40.2015
47.6475
30.0420
34.0312
35.0018
32.4672
40.3395
31.7354
35.5483
47.6475
47.6475
39.5613
30.2506
37.4044
35.0694
36.1040
38.0699
34.5861
26.9414
33.6336
34.8988
22.7364
36.7418
38.2587
24.5709
47.6475
39.1614
28.3722
37.4448
30.5066
28.0580
39.5045
29.8403
24.6757
38.5358
47.6475
47.6475
30.8797
25.3838
34.9173
29.4171
27.5037
27.9807
30.0477
37.6285
28.9102
44.2406
40.4227
38.8941
42.5799
31.3094
47.6475
47.6475
37.1917
47.6475
34.0769
35.8570
35.4133
46.3386
40.2469
39.9871
46.8218
41.8752
27.7456
47.6475
34.2881
47.6475
37.2108
38.0463
32.7587
40.2898
29.0743
27.1133
47.6475
36.8246
47.6475
47.6475
35.5575
39.2418
42.2551
41.9477
28.3976
31.0671
37.9655
30.9742
47.6475
19.8735
27.2955
47.6475
47.6475
29.8887
38.4555
47.6475
28.9830
28.4652
41.8627
33.5875
20.7447
33.6639
28.5937
45.1569
38.0666
35.0758
41.6500
27.9924
38.0902
25.4610
32.5452
29.6598
22.0192
24.2616
31.8044
15.6570
35.4961
32.1770
39.5110
34.3330
42.6823
26.6902
45.0584
35.4435
39.5168
30.4055
20.4457
32.0715
47.6475
32.6879
31.0008
29.9725
35.5696
23.1943
47.6475
47.6475
38.8466
47.6475
47.6475
37.4872
43.1196
43.3778
29.4421
46.5716
35.0536
29.1493
26.6258
47.6475
30.6286
41.8336
28.6665
46.9619
35.7326
36.9318
29.5498
38.0927
36.3150
35.2829
28.4702
42.0694
30.3969
26.0802
42.6043
32.8137
37.1976
30.1088
37.8756
39.7197
34.5522
43.4153
32.6363
38.3408
33.0404
31.8285
47.6475
15.3322
21.0004
25.0361
25.6805
40.0465
26.1214
18.2829
34.2152
27.8027
47.6475
44.1516
29.4072
32.0681
39.3812
25.8398
47.6475
38.9090
26.6909
26.1819
39.7001
34.2111
39.3065
47.6475
43.5001
43.8121
40.1389
47.6475
35.3721
37.6503
40.1479
31.5290
27.3869
30.6648
37.1617
40.6097
36.4265
24.7980
36.5786
28.5125
47.6475
37.3071
26.6823
31.3664
31.1878
30.0730
34.7108
44.0547
29.8679
32.7381
33.7506
37.6911
33.1961
28.4879
41.9485
47.6475
39.8087
38.4915
47.6475
36.8083
28.6949
40.2405
27.8953
42.3525
27.2801
23.4418
30.5973
38.3027
38.4652
34.2295
35.7123
34.5497
29.7666
33.1645
34.3690
28.1042
47.6475
38.8156
31.2718
28.2736
27.5381
47.6475
39.3819
42.4709
34.7413
38.8657
30.5874
46.8343
46.0905
37.6906
33.6695
35.3159
33.6078
28.4942
31.7773
47.6475
36.2236
40.5256
47.6475
25.2421
47.6475
30.4053
39.3002
47.6475
44.1053
36.3032
29.3641
39.6743
35.9029
47.6475
43.4127
47.6475
32.0125
36.3638
28.4301
33.5838
33.1595
34.7584
47.6475
43.3560
27.4501
36.4087
47.6475
29.5861
37.1204
39.3644
36.8570
47.6475
32.4541
33.5148
37.6078
32.7639
30.4396
36.4337
37.1198
42.8359
47.6475
35.8717
26.4735
28.6957
40.6122
47.6475
25.9275
35.8577
36.6029
29.6876
35.8934
42.0005
47.6475
45.5855
33.3686
47.6475
47.6475
37.3324
26.1648
35.9998
23.6163
26.7628
35.1629
23.1224
39.9668
47.6475
33.2201
25.6641
32.3362
44.7197
46.7394
41.7198
29.4467
28.9924
36.7254
52.2621
47.6475
43.9827
36.7350
38.6270
45.3235
44.5152
33.6382
27.2706
47.1570
32.0607
30.3238
16.1422
34.2182
36.5558
47.6475
39.3986
30.9467
42.2643
44.4164
47.6475
39.3544
25.2450
25.4081
35.4359
43.7415
47.3697
42.2482
41.2995
39.1927
28.8998
35.7485
30.8765
42.3978
45.5469
32.1309
40.0461
47.6475
36.4131
36.0331
40.4996
41.3255
35.1238
29.7791
31.4031
37.8791
36.1128
34.6637
35.2934
25.4028
37.5175
36.7490
26.9441
30.6444
27.8028
34.1851
36.1211
31.3354
38.6714
37.7516
38.5474
47.6475
31.0175
40.7785
47.6475
34.9167
28.5126
32.6140
27.6889
33.2632
38.7006
26.6178
33.7758
28.6850
34.3843
31.4098
34.4397
37.9395
47.6475
47.6475
47.6475
23.0501
28.1573
32.3778
35.5338
38.7476
39.9384
26.5410
25.2148
16.4993
47.4374
38.6173
40.8113
39.4513
32.3554
42.2634
34.7270
32.4311
32.6440
47.1468
36.6695
32.8288
28.6873
36.5537
27.9353
31.5233
32.2135
33.8976
39.0995
37.6265
21.6473
11.6807
38.9472
44.4395
28.0893
47.6475
47.6475
33.5621
32.5691
27.2204
36.2308
35.2116
47.6475
40.6860
28.3989
47.6475
34.2908
27.4977
31.0691
31.4248
47.6475
16.6113
39.8392
37.5197
15.8370
47.6475
32.5663
38.1026
41.1363
36.4262
22.5613
47.5567
40.7193
21.3322
35.1931
41.3062
29.1396
41.0158
28.6767
29.0350
22.1750
27.3594
28.9683
29.0942
40.1576
31.6994
24.3864
30.0008
39.8607
28.2162
33.6065
47.6475
27.9042
28.6118
33.6573
42.7985
35.6844
33.9322
44.4433
26.9792
47.6475
30.0732
28.9260
42.7401
27.2392
47.5352
28.3539
33.1937
47.6475
27.3656
33.8346
25.4376
19.3314
14.4053
26.8643
36.0138
23.6136
47.6475
36.4773
33.8756
47.6475
24.7201
33.5005
27.4271
33.2244
37.4525
45.0358
34.5696
36.7968
25.3492
25.5930
33.6006
44.8458
27.4482
19.7242
33.8956
33.5412
30.5443
22.5755
43.1346
26.5325
27.9627
23.7363
42.8393
24.6936
27.4500
42.1492
35.2806
42.6442
39.9179
44.5525
28.2276
33.5745
30.4012
40.5172
42.5594
47.6475
42.3378
20.6697
47.6475
26.9905
39.0488
28.8411
37.2327
22.0477
36.3550
30.0593
40.9899
38.7708
30.2849
30.9674
35.0981
42.8721
47.5183
22.3925
35.4618
34.4933
47.6475
31.1417
27.3161
26.1050
34.9793
40.1137
37.0662
32.9121
27.0978
33.9559
30.9296
29.0893
41.1169
37.0376
38.6924
28.4921
33.8132
42.6257
36.9320
44.2522
32.6245
22.4292
33.6592
47.6475
39.9676
26.8850
47.6475
47.1178
33.0235
45.0809
25.7250
45.3828
33.7970
29.2089
47.6475
21.0989
34.5788
23.8454
28.2919
37.7917
39.2685
43.1235
40.9139
41.2130
36.5642
34.1527
40.6769
34.7898
35.6326
31.0418
38.1029
35.0790
27.3839
26.1452
39.8323
37.8253
37.4253
47.6475
39.3881
35.6450
47.6475
30.7325
24.8859
35.8957
32.3997
34.0044
28.3347
30.8772
31.3178
33.6420
39.6681
30.0453
36.4026
41.9783
47.6475
40.1522
32.4174
29.9455
47.6475
42.9701
46.7769
25.1867
47.6475
29.2130
28.1687
35.5347
24.7697
47.6475
45.8049
43.1303
28.9895
35.8547
20.9709
24.8533
13.5194
29.0844
22.0782
31.1308
26.8173
28.3331
38.0845
39.1438
35.7287
27.3188
38.5282
35.5678
47.6475
46.2848
36.2853
41.4825
32.4717
24.6968
33.6991
44.4659
47.0184
28.3632
29.9619
36.6164
47.6475
38.1746
44.3240
45.1092
35.5003
24.9690
47.6475
33.5182
37.8735
25.9681
25.0384
34.3483
38.1439
29.4940
35.8996
45.8368
42.3271
47.6475
26.5690
28.4938
30.6218
28.9401
32.3417
36.4608
25.8311
29.0738
32.8730
41.0625
36.5443
32.8640
30.1040
41.9363
38.2387
23.0191
36.1263
32.5346
47.6475
39.2964
34.7099
39.8610
35.4291
29.5679
35.3548
28.0406
39.2450
33.6585
33.6628
46.1625
47.6475
28.7429
32.7420
33.5279
47.6475
40.4598
46.7456
24.2621
25.4879
29.3171
31.5816
47.6475
27.9441
47.4306
46.6675
24.3805
43.8629
35.7392
37.8327
28.2905
37.8538
46.5509
38.1719
37.9036
47.6475
33.3610
38.1589
29.1988
37.6237
41.3541
36.2733
31.3008
22.8987
28.1716
45.2710
31.3831
33.1860
24.0225
40.3699
47.6475
39.5346
28.1349
41.8724
34.4500
44.5141
24.4814
40.6627
34.6449
30.8377
29.3349
41.9549
47.4887
34.0820
29.3433
47.6475
47.6475
28.0392
31.6603
47.6475
40.8294
29.0658
40.9513
35.7745
47.0056
42.6476
40.2056
35.6716
44.7482
47.6475
35.2867
34.6806
32.3348
37.7739
47.6475
35.4328
29.0183
32.1959
28.4933
34.5211
26.9507
39.3352
34.8258
30.7116
33.5485
22.8794
47.6475
46.8994
24.1337
43.6890
31.8680
30.9383
40.1463
25.8350
47.6475
45.2641
29.5603
33.9204
41.7776
31.5727
36.3680
40.6984
38.7977
47.0891
28.1503
39.3453
47.6475
47.6475
30.1385
40.0725
39.4208
26.1310
40.8951
33.6057
41.0333
32.3533
42.1482
44.0325
47.6475
33.2379
27.6202
32.2746
37.7775
34.8832
30.4387
46.4386
47.6475
43.9927
29.1426
33.5622
45.7017
26.8009
38.9839
33.8882
46.2293
47.6475
41.1599
32.4666
39.8788
23.2110
26.7769
15.0911
40.0556
40.7005
26.9690
40.2166
28.7936
24.5711
21.3734
30.4903
36.0799
30.7717
37.6456
47.6475
32.6944
45.3971
34.5574
47.6475
26.8314
30.4940
46.6432
34.9899
26.2794
36.1411
47.6475
35.9568
27.6684
40.1433
35.0547
30.2728
29.4271
39.8992
36.4196
47.6475
43.2454
44.6890
47.6475
43.1290
32.4024
37.8453
22.9794
15.5841
47.6475
29.5607
33.0991
32.3503
39.8094
33.0589
45.7971
34.4600
28.7656
27.5120
30.0129
27.3678
26.7954
21.1225
44.6837
24.5656
39.2106
30.2285
44.6569
31.7414
37.7149
29.8162
29.6690
31.0141
47.6475
47.6475
31.6020
28.2880
28.1270
30.7213
35.6770
47.6475
32.8269
43.8413
39.2468
36.6785
25.3489
43.0494
34.9797
45.9824
41.9070
29.5925
34.2322
37.3131
43.3610
34.6848
24.8900
36.3546
29.4039
39.4913
32.4978
28.6615
44.7337
43.3490
46.0807
39.1936
42.7412
44.2577
36.7393
38.5499
34.5814
47.6475
38.6496
41.4775
42.9476
32.4465
30.7360
28.3074
47.6475
41.1657
34.4627
22.8588
33.8156
47.6475
24.2062
47.6475
42.2605
28.1960
30.9151
37.7572
47.6475
27.8747
47.6475
38.0082
47.6475
31.6631
47.6475
39.9783
38.5352
42.0778
29.3413
32.7311
34.4983
34.4499
30.9860
24.5964
28.4917
47.6475
28.5786
45.8010
34.0572
27.6299
33.0260
26.1791
33.7265
41.5769
46.0517
26.0104
29.1481
47.6475
28.9994
40.3786
33.0382
47.6475
30.6934
47.6475
25.3656
47.6475
31.7616
32.5748
31.4736
32.9600
30.0660
37.5191
39.1665
32.9661
40.6562
29.1234
47.6475
20.2284
34.0303
36.2042
13.1121
34.5945
32.4454
44.8921
38.0122
34.0822
31.4461
38.7126
31.9702
40.9578
34.0749
36.0383
30.6243
34.4325
28.7227
47.6475
32.0774
20.8711
33.0553
47.6475
43.3692
34.0369
32.4986
42.3806
40.6822
43.6603
28.5327
21.5883
55.6232
31.8799
47.6475
33.7533
42.8378
33.0911
34.8667
37.3120
29.9870
47.6475
41.5615
35.4346
26.5148
28.6014
37.4985
29.6239
36.8441
28.6397
33.6039
31.6257
31.8896
24.8346
30.7595
46.6490
38.2396
47.6475
37.0852
44.4598
33.7605
36.8970
38.4750
32.2135
26.8143
36.6067
47.6475
24.7535
39.5698
47.6475
31.1171
30.0279
47.6475
40.2830
35.2436
34.8952
39.5698
30.9923
39.3123
30.1408
47.6475
47.6475
42.7141
33.6469
26.7232
42.8621
32.0734
32.4313
39.9897
29.7558
39.5374
47.6475
34.7474
47.6475
41.4849
20.8308
43.1344
40.0835
43.8381
28.1940
33.6862
33.2991
33.3804
29.0552
39.1398
35.4043
33.7819
38.1373
40.8216
42.8945
42.5675
39.7422
32.8227
41.6616
28.8010
32.3874
31.6804
26.9337
35.2818
36.2265
47.6475
39.4679
47.6475
37.4832
41.0910
36.5350
36.3129
39.3036
47.6475
35.6136
26.2282
36.9894
33.0386
40.2374
42.8565
39.1147
40.4867
34.4178
20.7361
33.8292
44.4068
30.8528
15.3085
34.5845
47.6475
31.5636
33.1915
38.7056
47.6475
47.6475
35.4052
30.4005
32.3215
31.6549
38.3834
32.8762
40.6931
47.6475
26.3765
39.6619
47.6475
51.7355
28.8890
26.6762
37.2050
28.9342
34.6571
25.3907
37.6255
30.0524
44.2333
43.6332
40.9401
46.3318
46.4648
38.8109
42.3936
39.0719
34.3871
24.6109
43.1909
21.3144
24.5874
37.9460
32.8848
29.0378
30.2276
47.6475
42.4576
39.8663
36.0896
30.1180
41.7126
35.9428
38.6920
47.2365
34.8027
25.6128
32.8800
44.7908
46.1289
38.9912
39.0902
35.9536
31.2441
36.4870
25.7207
47.6475
16.6005
24.5985
20.4878
11.4352
16.6675
30.7192
36.9359
34.6841
32.1672
47.6475
35.0415
29.3868
26.3130
31.0671
40.3332
30.9843
42.9929
36.7861
36.7121
38.6308
33.4788
33.5350
39.5369
26.7645
29.4780
33.1268
46.9756
35.7567
28.6446
10.2930
33.4100
30.0399
45.5890
47.6475
39.3520
39.7786
44.8826
39.6767
32.5094
17.7129
40.2738
37.3212
32.0803
34.8948
47.6475
35.9222
22.5204
35.6989
26.4414
36.5159
26.0920
47.6475
34.2529
36.2089
31.5707
29.9046
36.2881
36.6541
39.0262
36.9761
44.2041
44.1117
31.0387
27.6746
29.2843
47.6475
47.6475
29.5752
32.7277
23.4129
16.4981
25.9931
28.3651
35.6107
47.6475
35.7407
36.7805
38.9367
27.0388
33.6241
45.3643
36.4847
35.4944
37.5897
36.6148
37.5795
44.3026
36.1987
28.1295
39.0770
31.3578
38.1796
44.1921
33.5163
25.1533
30.8942
30.8997
32.4066
34.2172
33.3365
35.7252
32.8577
22.7557
47.6475
42.7003
47.4382
46.1587
37.3552
39.1291
47.3921
37.2140
31.8094
29.7611
28.4040
47.6475
39.2248
23.5871
22.2091
41.9481
36.7629
44.4368
40.8345
27.3166
19.7106
29.5933
36.8651
29.6095
30.1148
28.0037
36.7154
40.4328
44.3422
25.5631
37.3417
32.4223
46.9194
32.1266
34.7079
47.6475
37.8396
34.6763
30.3316
40.4555
34.9863
28.1757
37.5174
42.1550
21.0659
45.0933
47.6475
47.6475
25.5066
16.8983
29.2558
33.9687
32.0870
47.6475
44.4470
44.5945
46.1898
32.1551
37.3617
27.6399
44.1747
40.9488
33.8655
47.6475
30.4596
38.5966
34.8357
41.4955
29.2408
46.6324
31.7711
38.4796
36.9489
47.6475
47.6475
32.5597
34.4840
34.1562
16.5721
30.8296
15.9943
39.1793
44.3747
47.6475
26.8151
29.1426
37.1806
36.2209
46.0545
44.8930
47.6475
32.9716
23.7411
26.0394
32.4863
30.5805
39.1019
31.8318
22.9051
43.1149
36.3386
41.2398
47.6475
38.2654
38.1158
31.2359
46.6342
33.3801
47.1730
29.9556
33.0844
42.9158
47.6475
47.6475
47.6475
25.4809
27.1498
28.8290
47.6475
38.9847
33.7005
32.5687
19.9911
18.0088
33.5079
47.6475
33.6385
38.6300
47.6475
47.6475
25.9149
33.8629
37.1514
34.6785
34.8568
34.0312
36.7540
40.4989
36.7272
32.1833
33.7353
27.9421
31.2680
41.9428
28.0162
27.4568
40.5673
34.9293
35.1779
40.2485
26.5410
25.0490
38.5639
47.6475
30.7402
47.6475
45.2731
34.7785
30.4136
47.6475
35.8183
33.9257
31.7872
37.9369
32.8234
35.5680
24.0671
42.6754
47.6475
37.4136
28.2268
27.9890
41.5875
25.2570
29.2978
30.2880
41.2554
40.4923
34.5116
30.0863
29.8571
25.7403
47.6475
28.4082
26.7704
9.8557
30.8180
33.6988
47.6475
42.8948
36.7327
39.9923
46.8049
26.2046
32.3461
42.3706
37.8133
47.6475
37.7366
45.3400
31.3289
26.8587
36.9541
37.6924
32.3536
40.6419
24.6742
10.0110
20.9266
32.2317
18.0432
38.1429
47.6475
40.0707
30.5796
33.1681
47.6475
35.0086
47.6475
39.5628
36.6631
33.3427
28.8801
29.8747
33.6840
36.8071
26.5487
20.9347
40.6641
27.5398
37.2837
36.6928
31.6880
26.4841
41.6201
43.3474
24.9820
32.4065
31.6144
28.3137
30.9417
46.3119
43.8873
47.6475
27.7408
47.6475
33.9886
47.6475
47.6475
31.4412
35.5902
38.8152
47.2730
36.4965
33.6458
47.6475
46.7135
27.7720
46.9132
34.1291
26.0883
47.6475
29.0292
40.4716
27.8439
43.6557
47.6475
28.8804
44.4691
41.9288
29.9264
43.9690
47.6475
35.6535
30.2052
42.2138
40.6644
36.3097
29.3849
46.1417
41.1203
26.1244
30.0429
31.2219
37.2261
44.0012
37.7330
25.1899
35.5607
32.3043
33.6753
44.4086
40.7273
19.6498
33.5225
34.5528
39.4551
28.9748
39.8604
32.2047
42.7940
33.5406
42.2325
47.6475
36.5176
47.6475
42.1241
47.6475
38.8907
24.4050
47.6475
44.1083
47.4246
44.5474
33.0426
42.2986
33.4552
38.5134
29.5789
35.7339
47.6475
41.1399
40.0492
34.1003
39.6430
18.7020
33.2267
43.8552
30.2078
35.4146
39.6722
37.5600
47.6475
44.2206
47.6475
42.1127
31.4644
36.3669
39.3962
35.3832
28.6500
30.7263
45.6678
20.8924
37.5271
46.9169
26.8080
32.1912
42.7360
47.6475
38.9665
29.7844
28.8349
37.3762
30.7262
33.9665
30.3320
35.6202
31.4413
37.8560
32.9622
25.7583
25.4556
34.7707
33.1761
29.5575
46.3867
37.3225
42.4865
47.6475
32.2122
37.1671
39.1795
32.0710
47.6475
45.8131
29.3376
27.9737
40.0142
38.2244
44.1013
23.8025
47.6475
47.6475
47.6475
35.0691
28.8106
38.0494
39.6691
32.9483
38.8609
47.6475
29.7463
33.7274
41.8267
33.8378
44.5492
30.0312
34.1141
47.6475
30.9041
31.7413
47.6475
42.6510
32.8257
33.3828
36.2755
25.5788
38.2675
24.0349
36.8230
35.1069
25.7093
33.8038
47.6475
38.2716
23.6482
34.1599
40.3750
33.4833
47.6475
34.9439
35.8988
44.1966
36.1781
35.2335
46.2856
32.6706
29.3713
29.0533
27.8028
44.2865
36.5938
46.9954
43.4388
32.9289
28.1554
29.3096
31.9207
42.4116
28.7253
36.4674
32.5578
41.1649
30.4644
29.0873
36.5046
32.3226
38.4529
46.3230
47.6475
32.0544
46.7253
32.7496
33.7648
31.2865
32.3301
38.2610
35.8707
31.6172
32.0847
43.1558
30.3243
40.0570
30.7222
26.3822
42.2990
41.3659
47.6403
32.9232
38.6567
32.3928
45.9543
44.0838
29.7546
34.9622
28.5416
45.1734
34.3838
39.6299
27.3734
35.7492
28.4082
33.7424
29.0468
24.5890
27.2811
47.1224
32.9557
39.2326
41.1995
29.0137
25.5640
42.4518
31.9645
24.2656
47.6475
38.9873
37.3138
40.0899
37.8362
23.1489
36.3278
42.6228
38.8001
38.1042
33.7197
31.6727
30.8810
41.9426
50.4313
35.7999
34.2498
47.6475
42.4537
46.9866
47.6475
32.9677
36.4683
35.3671
27.6493
47.6475
36.7851
31.6560
42.1346
33.3482
31.4133
42.4717
30.6477
35.7850
47.6475
46.1672
40.1875
43.6000
47.6475
47.6475
39.1132
34.0320
33.2784
47.6475
27.8732
31.4266
27.8635
34.5624
46.8504
43.3990
45.0421
35.0973
29.8624
45.5663
16.5601
39.7373
42.4934
47.6475
33.6718
32.9074
36.1087
40.7161
28.9999
32.8921
33.6497
39.5743
29.6105
26.0285
33.0693
17.2733
35.1811
47.6475
25.8274
27.8178
35.7039
32.4153
45.1075
47.6475
19.3250
39.3497
47.6475
35.1646
35.8088
27.9432
29.3224
47.6475
37.4441
38.9648
37.3634
28.7808
41.6895
39.0573
29.9768
35.3751
47.6475
39.2923
38.5522
38.8248
32.9432
45.2098
30.2350
43.2305
47.6475
34.5194
29.7736
32.5362
42.9900
32.0109
39.5038
46.2574
34.9422
37.3932
25.3898
28.8706
20.8731
36.4846
26.6576
20.8625
28.8315
43.8112
45.4570
47.6475
26.5879
33.7740
34.9081
35.1601
28.1579
47.6475
39.9787
37.3704
34.7646
30.9671
43.3731
27.9315
39.6750
35.7162
28.4427
20.1162
20.1045
