36.6757
37.9907
23.7846
40.3015
28.7173
50.6475
32.9221
30.2438
50.6475
28.9170
33.3465
31.9096
50.6475
38.6699
27.7640
32.5884
30.2209
28.4471
26.9521
27.2135
35.2164
49.4362
23.5121
50.6475
40.4892
33.0610
43.5758
32.5770
38.4211
35.4598
37.1804
31.9918
32.6848
32.8090
28.1043
39.3426
50.6475
32.6207
48.3887
40.9182
43.0299
37.4598
34.2967
26.9153
24.0620
30.9923
40.6185
35.1689
43.2972
29.0922
50.6475
50.6475
28.2537
44.8608
30.0691
28.6201
38.3920
29.3261
23.7736
27.6501
20.6457
16.3870
39.7352
24.7131
50.1983
26.0715
29.3809
35.9862
30.0159
39.0015
37.9586
44.8160
35.8930
43.3092
37.7149
26.5345
32.3357
39.1562
38.7251
27.8517
45.6032
30.1428
24.3029
29.8668
20.0807
28.8595
37.0277
40.3434
36.8446
44.0003
37.5748
40.4806
17.6564
35.4693
47.8018
39.6050
36.4666
31.7058
45.1817
28.3039
24.1314
27.7317
30.2634
24.7449
35.9113
32.9375
50.6475
21.2467
46.6725
36.6079
33.7093
30.6799
31.0684
50.5462
39.5114
28.5137
40.9399
25.7636
24.0510
26.5758
34.4134
23.8123
31.3916
24.3004
33.9368
23.1562
32.7442
41.6652
28.7760
45.4729
37.3227
28.6984
25.8812
38.4648
32.2940
44.2973
23.0651
36.5552
36.1554
42.4206
23.0221
27.0022
33.9160
50.4400
38.4651
27.8791
31.5219
25.9843
35.4367
36.0707
29.4002
47.0471
30.4900
50.6475
30.9836
28.2646
31.5168
34.8752
31.2803
31.6470
31.2698
33.8015
32.4975
25.1669
38.8658
38.8976
33.1688
34.1030
37.0399
36.8957
25.7019
28.5740
12.4243
29.3861
35.1716
30.0429
27.3354
28.6273
26.4036
50.6475
29.5864
45.2926
34.9302
30.9385
35.4901
32.6945
26.2085
30.1697
34.5708
33.8851
25.0347
27.4615
31.5440
33.0353
32.7150
38.7583
30.9243
40.3346
38.6422
39.8086
30.4617
39.4588
33.6105
16.1464
40.8811
37.7981
25.5974
33.8120
43.7292
32.6607
50.6475
28.1745
45.8651
21.2300
38.3878
31.4082
38.8632
31.1761
36.2335
44.9984
30.4387
18.7719
24.4379
39.6247
39.2830
38.7646
37.1821
50.6475
31.5228
27.0198
35.1852
23.0594
38.9354
27.0603
41.3738
34.6457
35.4506
29.9589
29.0576
42.4099
31.5666
34.1871
29.2316
31.8366
39.0862
34.1069
25.7273
32.7610
35.6696
50.6475
27.5359
30.3406
50.6475
40.4154
44.1861
29.4892
30.5674
32.8931
50.6475
30.0151
27.3389
33.5740
40.0502
30.9087
23.3523
30.7524
25.3277
50.6475
26.7091
28.8513
40.9284
29.1380
28.8528
23.7638
44.9386
28.7722
30.2404
35.2034
32.2062
35.5077
37.5326
32.9439
37.1735
40.7438
26.5442
24.6461
36.9506
49.5417
31.2112
38.7076
29.7834
27.0387
38.7156
37.4028
22.0004
28.3372
31.7154
18.0247
31.1081
50.6475
41.1423
34.2057
39.7745
24.1062
35.2278
33.5432
49.4452
32.6249
28.7835
28.2131
37.4159
36.2374
24.3052
50.6475
39.1565
48.1543
30.2350
26.3235
30.5834
38.9074
34.0723
30.8786
32.2411
21.5493
36.6800
31.8081
27.1511
18.9547
19.6360
32.1540
50.6475
26.8458
31.1876
42.7954
37.9942
41.5612
31.7931
50.6475
36.6451
32.9698
32.3157
24.4716
28.4314
41.3356
25.1037
19.8881
35.5885
50.5756
35.5912
28.4056
24.1543
32.7079
34.0366
21.8842
47.5148
48.7670
40.1671
43.2774
28.6707
29.1438
45.0097
50.6475
35.8199
41.0618
45.0290
41.6728
43.9598
26.7217
50.6475
32.1922
42.0899
30.9886
47.3762
35.2180
50.6475
42.7137
35.2782
33.9189
39.8215
30.5277
29.5913
25.9013
50.6475
36.9886
27.4192
36.2581
31.3270
31.8746
37.1385
50.6475
50.6475
22.3216
36.7421
37.2845
37.1940
46.8257
29.4477
19.0809
40.1508
41.0704
30.2269
36.7904
16.5918
36.7945
36.7129
34.6237
34.4228
50.6475
29.1117
45.5718
24.7507
32.3172
32.6514
50.6475
50.6475
27.5549
37.5858
45.8811
35.7004
38.9974
40.5801
29.7983
38.8430
35.0405
29.5015
30.8982
23.6066
30.4436
42.1935
42.7718
28.7975
39.3575
42.3794
34.7656
29.0490
29.8842
35.5774
29.1796
41.0415
34.4759
37.4293
25.7916
50.6475
30.2091
39.1260
38.4394
21.4294
35.0406
26.3871
23.7148
28.9448
39.4918
37.6970
35.6535
43.5757
27.7928
28.5496
48.4257
37.0365
45.4236
30.9083
42.3956
49.6206
35.4968
40.7204
27.7893
34.3882
20.5852
25.9804
28.1473
34.0553
42.4923
40.5481
37.1403
29.4219
33.4980
22.9939
37.2756
24.2169
30.1990
50.6475
35.9067
25.4278
43.9228
47.0066
37.9313
40.2763
31.2806
26.1608
44.4787
25.1528
50.6475
31.8558
24.9141
37.4475
26.7266
41.1945
37.0685
38.6487
27.9597
34.1927
28.4519
16.1183
30.1795
30.2094
37.4357
21.3332
38.0632
25.8061
46.7041
46.1679
27.6727
31.7179
39.7752
33.8616
12.5441
34.5706
34.9728
30.8798
17.0937
30.8193
35.9100
30.9188
35.5156
30.5613
24.3446
43.2809
41.1552
44.4391
45.7083
25.8158
40.8526
24.5119
41.8404
37.8489
23.1011
29.8154
37.3371
41.1650
26.0798
24.9070
33.1115
39.3129
28.1998
24.7353
30.6012
37.7780
28.1407
22.7127
41.4579
29.0790
42.3347
29.6251
27.5688
27.5618
39.9053
28.2371
28.7886
50.6475
27.5238
35.9506
40.1957
39.4004
36.5195
28.8673
24.1837
39.8565
37.2995
45.2540
26.6253
41.3110
41.7037
40.3702
46.4615
27.0663
26.2448
30.5386
41.6776
34.7582
37.3294
30.3723
37.1686
42.8399
26.3219
37.4047
50.0271
22.4242
36.0775
25.7368
23.8369
44.4396
43.1804
29.0651
37.3330
30.1600
44.3885
32.1007
37.9075
44.3396
32.4909
18.9072
31.4750
31.6776
22.5513
28.5411
47.7599
37.3153
35.4492
30.9320
28.0250
25.1503
47.4058
31.1258
26.1248
34.7190
47.2765
25.3719
34.1418
36.7423
50.6475
36.9858
26.5286
50.6475
17.9743
29.7234
31.1474
31.4652
40.7524
28.5890
27.0436
50.6475
34.6557
50.0949
35.1437
44.2145
48.8224
28.2548
32.9252
38.0901
34.7153
40.3778
37.0017
37.3599
25.9417
30.2132
36.4076
21.9265
41.2616
29.9927
48.2384
25.0264
35.2015
23.9200
34.2296
30.4103
29.3928
32.8243
35.8687
36.6484
32.1788
17.2952
31.6129
30.8030
36.1594
37.1214
40.5766
34.8105
26.4414
25.8848
45.1380
35.3715
50.6475
19.2864
36.4885
26.3625
25.6019
24.2497
31.2373
40.2683
26.5703
29.3132
27.0691
27.0993
19.1757
30.6357
50.6475
50.6475
40.3320
41.8102
29.0331
35.9774
35.6860
33.9343
19.8982
28.6435
22.2089
34.6562
24.4397
32.8463
35.7898
29.9616
32.6259
28.8217
31.9781
31.7964
43.6431
26.7569
33.1186
33.9082
31.1192
50.4800
22.0018
33.6008
31.1856
33.7320
30.0034
39.2986
47.9473
39.5290
29.1440
17.2153
32.2140
28.9214
29.0747
27.2003
35.6388
37.2867
26.5291
36.0034
26.9731
31.9080
20.1923
42.0232
29.1994
19.5476
35.2316
43.8387
30.8790
35.7249
46.9843
19.4605
29.6384
26.2872
26.3656
31.6499
36.0536
38.6035
34.8053
29.0593
37.2178
45.2558
30.2015
36.3465
32.8223
32.1574
32.5616
23.7190
26.1769
34.8065
24.6091
27.4018
48.6299
21.0187
48.3365
30.2593
40.4885
27.5935
29.7477
29.2989
30.2839
34.6520
27.1562
44.8523
41.3394
30.8181
26.9246
40.5628
36.3292
46.2133
36.8430
36.0333
31.0806
44.8587
20.0846
23.8058
22.7811
32.9650
39.9810
40.2693
29.8588
44.0677
28.2782
29.9849
27.8906
42.9712
41.7666
37.3874
41.9982
30.6402
32.3561
33.7215
24.4256
50.6475
27.6023
47.4198
37.2103
43.4925
37.5208
30.0544
29.9167
35.8778
34.7409
33.6569
28.3860
50.6475
28.5548
32.9400
36.2869
45.4782
50.6475
35.1343
48.0535
45.0283
26.8740
21.6062
31.8212
24.5977
30.8554
24.0588
37.6914
38.3060
50.4753
28.9982
40.0547
24.6133
38.9993
36.3300
25.0080
35.5015
47.8348
31.4373
42.7157
38.8728
21.1626
38.7827
38.6668
26.4662
38.2473
40.1504
34.5258
25.3815
38.4535
44.8078
20.5609
39.6225
46.5144
42.1583
36.9998
24.8579
28.9012
38.0141
22.1254
23.8580
33.7079
36.4320
32.5928
31.5822
28.0816
33.5018
37.1061
36.4033
37.8298
19.2565
33.9611
25.7202
47.5328
26.2745
37.0118
35.3810
37.8142
30.7595
32.5373
34.8909
26.8588
21.8184
23.7465
28.6755
31.1120
32.9331
33.3423
37.2386
27.5911
50.6475
31.6027
41.0949
28.1800
33.4604
25.6180
29.0336
37.3876
43.8969
32.4978
40.5773
35.2361
50.6475
39.9881
47.2656
40.7198
42.5003
38.1859
29.2012
33.2808
31.0306
50.6475
25.9040
30.7304
39.7044
41.3956
28.5020
34.1161
21.3300
32.7061
28.2692
38.4475
26.9980
44.0354
50.6475
19.1793
33.6924
28.8979
36.3597
31.1155
28.3533
47.9552
32.4543
28.1871
25.1629
23.4260
33.1088
37.6113
39.5871
35.6936
35.8246
21.3478
26.9172
35.7356
34.5722
42.9050
39.5813
37.6599
28.5292
35.1224
49.5145
35.9075
34.6384
44.3463
24.4466
36.3273
30.3725
28.4283
16.9176
42.7136
33.5331
31.7544
50.6475
26.6844
24.1648
34.7642
39.9444
50.6475
31.0967
31.6281
27.7868
34.7309
33.7684
32.1673
23.8513
28.4128
37.1424
28.4199
41.5499
34.8738
28.4006
32.3296
32.2078
38.6873
29.8482
30.0739
43.1493
49.0467
31.6460
46.4697
31.4044
37.3985
37.2044
33.8702
28.7757
39.8402
27.5970
48.4754
37.5337
36.4541
37.3948
22.8395
36.0696
39.6422
38.9888
17.8324
43.0828
40.6186
45.0733
35.1447
26.5589
31.3867
42.2918
27.5684
31.8251
28.5857
31.8590
29.5420
31.2083
39.6923
32.1549
47.8350
31.7555
42.1450
46.7240
41.6255
35.4487
32.1876
40.0635
27.4084
38.0979
35.4442
38.1955
37.0914
42.1148
50.4587
26.9846
36.1501
46.0696
27.0401
28.8897
25.6749
50.6475
25.8689
28.7649
32.2924
50.6475
27.3128
27.7568
31.4510
29.6329
35.1509
44.1393
34.0619
32.0566
49.2445
40.4419
34.6014
40.4163
35.8336
31.9070
45.8255
30.2134
39.9677
25.5151
18.2258
29.8273
29.5018
50.6475
38.4762
42.4578
50.6475
36.1518
35.9197
32.6446
49.5120
30.0710
32.4051
42.9906
31.4611
37.7351
50.6475
34.9192
45.9204
31.5530
21.7525
50.3969
50.6475
27.4964
40.2851
50.6475
46.2725
36.9837
30.6036
38.8528
28.4256
22.3967
19.1700
27.8453
50.6475
36.5681
31.5025
50.6475
44.8227
48.9255
23.8630
20.5337
29.5400
50.6475
36.2495
40.9592
46.2297
50.6475
38.1403
37.8296
28.6036
18.2850
40.3536
44.0116
31.8908
29.6257
30.7335
35.6883
25.8492
21.2830
36.9747
29.8913
29.0560
23.7322
25.7061
31.4274
34.5038
49.0864
30.9974
37.6948
26.1016
48.7212
49.2002
28.3530
50.6475
25.5681
38.4532
25.3968
36.8208
29.7271
37.3090
40.2326
32.3734
32.6805
35.3192
32.6195
32.4023
48.6165
39.4733
50.6475
32.4709
32.8437
28.0024
38.0680
44.5626
33.2966
29.0100
37.6300
25.9001
23.5308
26.8749
38.6855
29.4978
44.1743
29.1739
29.1621
34.9158
41.6691
37.7513
15.8163
27.4279
35.7387
27.5589
33.1333
50.6475
31.4692
33.8735
31.3918
38.1405
33.0262
35.9117
50.6475
39.2531
30.5380
25.2941
44.2467
24.3725
29.7661
36.2087
50.6475
33.3870
31.4049
28.4211
29.9445
32.3861
34.2771
31.0124
31.9191
49.9789
24.9246
25.1988
34.0684
43.0500
36.0648
33.7139
37.8957
26.7318
25.2939
25.5193
29.7600
27.7934
21.8276
30.8840
50.6475
28.3295
22.4427
34.5094
28.5595
41.6227
39.3016
25.9999
26.2992
50.6475
46.3236
30.8252
28.5795
40.5232
32.6841
28.0534
36.9230
43.9806
38.9136
50.6475
40.3887
48.3191
31.3075
32.2943
32.0013
50.6475
39.4348
39.6692
38.1411
29.1087
31.9801
44.2095
21.8688
38.7880
28.9237
22.2486
38.9737
32.0219
21.8876
31.5891
31.7677
50.6475
26.4254
50.0416
27.3306
43.3516
33.8367
34.8185
26.0153
29.5332
32.8782
50.6475
30.5760
34.1594
22.7685
33.2738
47.9230
33.7697
46.6910
21.0679
30.7360
40.5085
24.4366
41.8907
19.5759
48.4105
38.3646
24.4085
25.4999
47.8781
42.6731
38.8041
28.1738
41.1903
23.5014
25.5512
37.3174
40.2594
26.1811
33.3707
23.6323
26.9677
22.8925
22.5613
19.7869
29.7309
27.6693
27.2079
50.6475
44.5179
42.1527
24.5698
22.2085
50.6475
30.2667
28.0444
31.2719
35.2168
32.5406
27.1191
29.7747
29.4487
29.6253
19.7564
28.2867
19.3446
35.7792
30.6097
27.2209
37.5608
39.1469
36.4480
32.1277
39.4046
22.9477
37.3331
42.4732
22.1571
34.3630
25.7318
23.2239
46.9428
32.7330
39.5941
33.4201
41.8069
42.6047
33.6169
38.0304
50.6475
41.7820
45.6891
22.3153
44.6141
33.9236
35.2061
34.5647
27.0533
23.0425
26.9477
48.9948
26.3269
29.3572
40.1751
34.8907
30.4204
28.8021
38.7203
36.3740
32.5607
32.5697
26.8322
50.4380
50.6475
24.2183
19.4329
27.0543
23.9551
31.9904
41.9544
35.0098
30.4749
43.1825
50.6475
38.8349
26.0693
32.9115
30.7503
32.9278
38.2182
32.6271
34.6383
39.8600
36.6992
33.0281
29.0486
33.8320
24.5012
28.6142
35.2292
32.1810
42.4073
32.8175
21.3585
40.1889
40.5125
29.7005
28.8610
38.9109
47.8418
23.6251
24.6113
35.0296
39.4556
38.7480
35.8559
32.2271
42.6676
33.2291
29.0721
22.8569
50.6475
31.5659
26.7465
40.0420
21.5774
36.9695
27.7881
39.5123
38.6098
40.1195
31.4180
37.3125
30.5009
29.0947
41.6406
24.8989
34.1383
35.1486
29.5930
33.1545
29.9101
50.6475
36.3801
42.3813
34.8691
18.0350
31.8923
36.3684
35.0559
28.4658
32.1233
26.9619
34.8399
30.8240
34.2302
28.4012
31.0603
31.0975
29.6547
36.8056
21.9022
32.7729
28.1745
28.6734
35.2152
31.9412
20.5388
25.2311
38.8814
28.9831
30.9986
25.7386
22.4954
27.1054
30.0375
30.7622
30.1822
38.1698
31.2147
17.4208
41.2288
26.0840
50.6475
36.8437
39.0659
27.8578
29.4559
20.7603
42.4523
37.0746
28.3042
19.0790
35.9188
32.3266
50.6475
33.3892
33.0727
40.6459
30.6658
33.3254
24.6711
28.1308
40.2203
26.7890
37.0664
36.2156
50.6475
38.1286
43.8327
30.0196
30.4366
40.2421
31.5633
45.8076
36.0875
39.6272
28.1330
43.6777
50.6475
42.9099
46.9916
29.4339
31.0931
37.8420
50.6475
29.3523
27.8337
42.2987
41.1525
25.3462
25.0123
28.2824
31.5212
38.8914
22.9492
30.0098
39.9891
24.2912
31.5741
36.8403
31.4246
42.8888
40.4137
45.4822
49.7520
44.6308
36.5043
27.8395
29.2857
33.3124
34.2317
24.5292
27.3523
45.4267
26.3642
24.1799
42.1971
22.7130
22.6162
39.0903
35.6004
41.3094
41.2694
41.3839
29.8315
28.9544
23.9274
22.1294
36.0762
28.5200
26.4309
49.0322
30.7342
33.7802
39.1886
34.2055
44.8990
34.1854
39.5011
25.6516
29.1746
39.6784
37.5994
24.4279
29.8280
31.2249
31.0462
25.2317
36.6759
40.1761
40.2882
33.0219
50.6475
36.6155
44.3530
35.0568
29.5312
38.6133
25.0314
29.4696
40.8262
25.3052
29.8514
29.6467
32.3079
43.6010
31.8876
42.5075
29.3673
35.7506
31.2971
37.9638
31.6638
24.3759
29.7326
39.0966
34.4171
40.7267
39.2717
34.1238
38.6761
24.4945
31.9624
27.7468
50.6475
37.5949
30.0319
26.2516
33.9265
35.8018
41.3817
31.7465
39.8732
41.5649
27.6668
33.8809
31.5150
38.5871
25.2715
24.6981
37.9179
45.6026
22.8312
30.1691
25.3043
29.9538
34.6514
22.4743
48.8672
26.8961
30.6887
28.6400
30.7374
31.4549
28.9335
31.5173
30.7500
48.2018
41.8209
27.4599
29.7324
34.6285
34.8041
12.9496
30.8140
19.5648
27.5456
27.5832
32.4442
48.6061
28.3336
48.3226
25.8162
34.6424
33.5940
31.6534
33.7391
41.3305
50.6475
30.6735
31.9366
32.8266
33.5660
22.3362
29.7217
28.7568
29.7650
23.7110
47.5236
46.8070
21.5285
21.9326
36.9311
30.2068
37.0258
40.9197
43.7507
25.0095
29.1910
30.6041
32.4148
30.2041
32.9628
38.4349
19.8207
39.1025
25.3087
29.3518
33.9974
38.9324
38.6640
40.1078
31.2466
47.5418
29.5101
36.1423
36.2827
29.9666
25.6664
30.7900
39.9242
33.6496
34.2020
37.4830
35.0585
42.1244
44.4529
32.4712
47.9424
31.6924
42.3154
43.3172
50.6475
32.0496
41.4452
21.9515
34.4126
34.4802
24.9575
25.9605
50.6475
43.2454
40.1557
29.5697
39.5071
30.9067
42.8454
25.5705
44.6728
36.8994
34.0432
31.5419
31.6530
34.4989
34.3503
36.0129
39.0033
44.1821
35.6898
43.1666
26.4424
32.4338
42.5460
27.4658
33.4004
41.6931
28.4928
47.9687
32.7054
34.1653
48.1713
44.0011
38.3286
35.9983
23.8299
36.5245
27.3973
44.0730
36.3484
28.4172
34.3087
36.2569
43.6524
32.1474
32.0108
40.4020
36.4168
24.2565
45.9552
27.6041
38.2080
32.1533
33.9976
30.6755
41.1034
26.9968
25.4281
39.5939
41.7849
36.4608
31.8703
50.6475
37.1574
29.8725
32.7098
32.6647
30.3645
23.0683
42.7755
39.8571
34.9752
29.1971
29.3862
24.6082
50.6475
44.2406
48.2403
18.8673
35.4604
47.0818
31.0296
28.8974
24.4874
31.8616
36.7932
41.9372
29.5756
30.0892
26.7549
25.2251
34.0877
28.8373
28.0812
23.7721
38.9382
21.3394
38.7518
36.9167
50.6475
28.5375
36.6471
36.2632
33.4887
36.6666
32.5218
45.8091
34.2021
39.5248
26.3787
31.2451
29.3860
34.4434
28.9750
40.0714
37.4778
25.0476
32.9916
31.7782
50.6475
50.6475
30.3375
50.6475
21.6983
37.2140
45.5092
27.1144
39.1692
22.5642
37.8722
28.6345
19.5084
37.9506
29.0842
28.5516
39.5496
30.7804
28.8729
50.3776
36.7273
33.6242
35.3633
28.8702
30.2779
18.9028
38.2183
36.6008
39.6424
50.6475
34.3695
46.9038
28.3989
34.4125
28.2010
28.9912
34.9448
29.2236
36.3403
31.5008
13.6651
19.8402
26.7060
34.8110
22.5347
20.3153
25.3150
46.7230
34.3713
38.7958
32.2883
50.6475
33.7716
36.4296
23.9504
30.0478
33.1652
50.6475
35.1305
27.7411
34.6459
35.3041
38.8448
34.6344
39.2879
30.6074
30.3216
27.0359
50.6475
50.6475
34.3515
31.2392
42.8002
45.4722
36.6571
26.3036
50.6475
32.8650
30.0418
32.3970
29.5734
38.5649
45.0420
34.0097
50.6475
32.3830
34.3595
16.7029
50.6475
32.7966
12.8416
29.2218
50.6475
38.9175
37.5309
25.7939
38.1499
34.2303
45.9987
37.5862
30.0118
39.1588
50.6475
27.6650
29.0009
40.8797
27.1978
29.1556
42.6161
50.6475
28.4624
29.9225
20.0739
32.0339
28.7820
50.6475
37.5958
30.8318
34.2366
29.0829
50.6475
33.2307
30.9311
36.9763
39.4692
32.0924
29.8648
25.7668
31.2864
31.7584
27.2002
24.2419
40.3485
38.4435
35.9666
34.4635
38.6106
50.6475
20.3814
44.1625
30.2289
30.0470
27.0312
32.8252
26.5809
35.9245
33.3405
34.4785
12.0909
22.3063
35.4716
35.3205
35.0505
39.8351
34.8087
46.7670
31.6011
27.6464
34.6415
49.9445
34.3756
41.9199
37.2704
45.2968
26.4598
50.6475
29.7515
33.5562
27.5213
35.1773
38.5993
27.4171
21.9930
50.6475
35.5717
29.2707
28.7787
29.7138
26.3675
50.6475
45.7745
38.9055
39.2289
46.7556
40.0717
28.6014
32.7877
28.6094
26.7309
31.6359
34.5767
30.3598
34.5444
32.0331
35.0854
28.6381
50.6475
36.0905
22.6622
36.6452
43.7670
29.9135
30.7973
30.1272
50.6475
31.6242
50.6475
50.6475
27.7839
50.6475
34.4279
21.5689
37.2733
37.4217
34.4410
46.6181
22.4041
46.8945
32.0980
38.2467
23.8252
23.7172
40.2806
34.2515
38.3177
37.8910
32.4402
33.1549
49.9264
30.0469
31.0311
40.7888
37.6776
31.7568
23.8230
40.5965
31.1797
20.1273
30.9415
29.9692
26.2226
29.0589
30.0739
12.6388
50.6475
26.5877
33.9357
29.7264
25.6812
32.5509
40.1790
31.3184
29.8750
50.6475
33.4076
30.0191
25.3932
29.6072
36.2049
37.8580
22.2508
36.4764
50.6475
28.4729
19.6521
40.0638
36.2379
35.2480
35.9938
50.2009
46.7449
41.7030
42.6118
39.5658
36.2930
29.8817
22.9258
24.4518
34.4295
33.9747
31.8267
28.8083
36.8347
35.0406
33.2417
