20.6979
40.1027
31.0694
87.6078
27.4504
20.3326
45.3560
25.3457
17.5657
26.1030
20.2677
17.9505
41.5492
14.9533
12.5547
23.5573
6.6614
7.7772
8.0553
18.3170
31.6555
18.5253
22.5185
24.8893
30.9379
16.3999
34.1819
15.7042
22.7138
28.0191
9.7952
34.2561
4.5726
19.1402
20.6337
16.9198
33.6646
20.6846
21.6041
23.4795
27.0203
18.7991
23.3397
9.3525
20.0958
15.8553
31.3281
30.4208
43.5967
12.9223
44.0324
16.9629
13.4378
39.2054
25.6937
36.8387
20.1826
15.7014
25.2900
32.0617
21.0141
6.7560
-2.5928
36.8731
34.4993
27.6576
19.6856
26.1149
40.5573
17.6064
31.6318
18.5582
28.2504
22.3125
16.4126
38.8343
24.1102
6.8774
34.1312
9.4064
21.4479
25.5164
24.9763
16.0087
6.0181
7.2242
13.9271
0.4921
26.0135
38.9100
11.6988
16.5827
33.3731
10.2458
20.6485
28.2987
18.7118
21.8618
7.7731
27.4433
34.1500
29.7999
15.7576
18.7300
16.9483
24.0690
52.6044
21.6548
25.6021
11.3459
14.4230
25.4394
33.8143
23.8987
9.5913
30.4965
26.2332
9.9275
38.4443
25.3884
34.1796
26.7518
21.0462
35.6702
23.4704
16.0377
26.0547
32.8997
39.9077
38.9046
27.8568
25.6355
15.3247
17.7464
11.6758
34.4130
25.2505
11.1441
15.1115
16.5816
23.2585
26.8332
31.1708
22.3982
27.2633
22.1774
3.2369
15.6752
45.6037
44.1130
24.6853
14.3679
34.5865
25.0735
22.0433
23.2093
28.4307
100.0378
32.2660
34.4813
42.5110
8.7025
29.4611
27.3646
15.3564
32.4215
18.1304
24.0684
14.5220
12.8840
10.7986
16.4410
20.1074
34.0943
17.6165
48.6335
42.9819
43.3256
21.6172
25.5810
14.8191
23.2401
20.2972
23.3210
32.4664
46.5334
24.6873
34.4570
22.1912
27.4147
33.9725
32.6990
15.6370
23.0731
24.4960
16.8887
27.0309
34.9065
23.6616
20.5045
9.5659
25.8323
17.4163
19.6414
13.8939
25.9149
14.9635
20.5942
22.8613
27.0504
42.9370
14.7351
26.5451
21.0460
25.9990
25.8724
-0.0076
14.6618
4.1292
26.9773
43.3926
17.1177
17.9580
5.6795
22.6343
28.5351
15.1600
28.1992
25.2537
12.5021
29.4166
22.1484
32.2209
16.8042
21.8605
41.9816
42.4543
27.0014
48.0432
38.9717
21.8864
47.5111
9.5292
15.3104
39.7668
18.6857
37.5934
26.2791
22.5150
28.1378
13.0915
15.7262
38.8019
25.3228
40.3339
13.5729
26.1120
29.3894
21.4976
25.3062
37.1052
11.3791
48.9625
36.7906
22.7382
33.6842
20.9017
22.0646
25.4225
22.5780
23.7082
14.0751
33.4949
15.5810
34.9988
52.3982
16.1658
38.9378
28.0149
27.2383
29.1098
15.7537
32.9915
31.2140
30.3883
34.8380
38.7824
24.3970
11.9187
11.8015
14.0190
27.9892
18.7525
16.9514
39.2027
33.9785
20.9011
48.4818
23.4724
19.1516
30.2611
47.2781
26.5058
17.0282
16.7291
39.3117
36.0328
21.5681
30.3895
35.7659
19.6888
29.7618
26.0706
24.8032
28.5134
44.5743
49.6540
24.3097
24.0170
28.3051
14.3146
43.2200
49.0436
38.7894
32.5629
39.2155
38.3720
15.1175
41.0355
35.4057
24.4692
18.3262
27.9714
16.6856
25.6294
15.8426
32.5850
21.5600
26.0403
11.6309
25.1925
29.7414
33.3572
21.1131
37.4897
59.2499
13.9766
22.8837
31.3812
22.0269
18.7693
28.1766
5.2679
29.6500
40.1167
20.7682
35.8859
54.5859
16.8497
13.9612
12.2176
20.5122
13.8788
19.4182
31.3347
29.0380
18.1497
29.0103
28.7754
21.3519
9.8833
27.6167
13.1952
22.1737
36.4218
15.8866
28.8587
20.3491
43.5249
36.9980
43.0231
41.0880
18.8973
21.1471
22.3418
16.3720
41.6866
18.9931
24.2946
40.4756
17.8628
7.4821
27.0870
17.9503
35.8847
22.5333
30.0111
20.3238
10.8877
22.7509
28.2196
22.5075
33.2243
14.3542
34.9632
24.3093
19.3745
34.3098
42.3379
20.0878
26.9113
3.0801
23.3152
15.7628
27.2022
16.1116
17.7535
27.1462
26.5327
20.5005
47.5129
26.0503
24.8603
24.8445
15.8500
38.9972
25.1669
14.0359
13.4444
34.0188
23.0395
21.3057
44.7415
32.1278
35.1963
23.6972
21.1818
23.4984
30.9859
19.6394
26.6885
31.9966
15.4197
31.8277
28.5410
14.0982
35.4452
7.7677
9.1462
24.7885
5.0485
27.9632
15.8904
33.8266
47.7718
28.6336
20.0072
46.7077
17.2273
32.8041
23.2896
20.3356
45.4836
20.9034
32.8453
39.7022
46.4233
28.5834
37.2210
43.6316
28.7047
32.9145
35.4259
17.8431
15.7844
20.2654
21.1825
21.9542
24.9048
29.2635
14.4236
27.8345
26.4461
18.2213
22.1823
29.0174
24.5618
31.0113
12.9974
41.8963
15.3298
16.0931
26.2777
29.3495
17.0612
22.9071
24.3497
47.1247
19.6420
22.4386
25.8944
32.4790
17.2254
25.9870
53.1895
2.1047
22.0573
31.2851
23.9436
4.3284
22.1534
29.4177
37.8023
5.8584
23.2275
53.9657
30.2860
23.8711
30.1690
33.9389
14.4639
41.5366
23.0183
26.0154
9.5029
15.2984
15.9161
34.9311
19.5654
11.5707
31.9846
23.7592
15.4254
27.5783
19.4141
31.2172
26.4745
13.4588
29.8339
29.8558
33.2762
24.8244
19.0055
40.0775
21.5691
19.3847
28.4340
39.2018
23.6219
21.7867
24.7126
30.0010
48.1984
15.1017
18.3603
26.0615
14.6398
30.3391
34.6645
20.3953
32.2131
23.1690
47.1542
19.1393
17.4797
19.0481
22.3973
24.5869
4.7943
7.3628
47.9540
31.2729
27.9947
25.2396
40.2754
18.9331
29.1201
4.8677
7.6143
30.6563
29.8079
22.7004
21.9699
25.2435
12.1345
15.1801
31.5266
16.8298
49.1978
32.5412
28.0214
21.9742
10.6578
26.2820
33.4588
28.4761
8.4290
23.2025
22.3865
30.4587
25.0668
42.1419
21.0743
20.9747
21.3134
20.5546
18.0938
24.5512
33.4849
30.3286
16.1894
29.7192
24.8906
24.2347
35.7431
42.4009
16.3808
31.0126
28.2908
20.3865
16.2799
18.3901
7.2339
6.1087
16.9725
32.3845
26.5199
27.1823
19.4656
21.1475
26.2266
24.8535
23.2604
19.7080
25.5327
10.5816
24.4390
16.0611
20.5765
26.7552
31.8335
16.8087
22.1904
29.4594
29.1442
12.9174
21.0766
17.1280
4.3933
28.5905
13.6103
36.3051
28.2956
21.2125
1.4197
22.1038
15.1242
18.1201
45.7536
25.7268
19.6558
-0.0956
36.0281
18.3235
21.3795
-4.0581
14.9937
8.3306
41.8565
23.0790
16.5872
27.3240
16.2681
27.6245
9.7367
25.5786
17.5731
46.6259
48.7176
26.6056
34.0809
44.1827
18.0371
29.2921
24.2938
40.7609
33.8059
27.4642
26.4854
28.2825
25.7910
12.1143
23.2564
35.6309
27.1839
41.7716
20.4302
14.8101
25.4285
19.1684
31.5001
19.1128
23.7894
23.9768
43.2303
50.2035
23.8608
23.7973
24.7283
35.5986
41.0181
30.6821
33.1595
20.4245
31.4599
22.7775
25.0341
24.0592
26.1598
30.2805
21.4410
33.5153
30.8490
19.6906
42.1659
30.1065
19.8786
14.1772
29.8253
2.5453
18.9284
16.9495
22.7541
27.5042
28.2630
14.3278
30.7955
5.1544
23.4861
2.7175
16.0461
32.1971
19.2459
31.9054
21.0032
20.4364
1.9959
27.9877
29.9691
17.5006
10.7935
23.2000
27.1978
24.3842
28.5879
34.3569
26.2168
17.5038
25.8253
24.2699
17.8678
38.0722
25.8381
29.4792
9.5128
24.0647
29.6763
35.7891
18.7132
32.4028
22.9319
17.8944
27.2327
12.5506
31.0249
37.9730
22.0374
21.4635
26.8434
11.5522
16.9723
13.3513
29.9780
31.9430
21.9017
29.6388
28.8513
37.2957
16.6094
24.0980
25.2990
38.6841
20.8840
21.4067
6.7818
16.3860
29.2916
8.4463
5.3448
36.9313
24.0736
52.2871
15.3868
32.6188
30.8195
43.8926
49.6819
33.4177
24.0927
11.3566
25.3947
26.6157
18.4268
15.0805
30.0309
16.4207
28.8483
23.2374
13.0701
13.3219
19.9542
20.0664
29.2849
29.1764
43.8245
19.8669
20.7751
21.7695
31.0046
29.2409
17.7473
17.2394
27.1760
16.8143
12.5500
21.9077
14.7631
9.7566
23.7960
27.0513
19.5737
14.2710
1.2388
20.6828
42.7168
20.0388
32.9040
17.1479
21.3460
25.7603
22.8964
14.7029
13.4455
18.6679
25.3020
51.9598
22.6445
30.4755
4.7944
20.7596
33.3082
37.0544
54.4794
18.8124
29.0038
12.2480
20.0483
16.1978
11.2702
28.0310
21.5490
21.3827
36.3712
32.6815
27.2588
31.7863
25.0046
32.4075
38.9634
35.8421
48.4993
15.0874
50.2047
13.6698
32.5013
18.4019
37.5932
23.1344
26.5600
21.7416
53.8159
63.0596
21.0850
21.3511
18.7065
24.5556
19.5976
14.1545
37.2111
15.0665
17.3861
45.4837
28.2518
41.8606
12.8005
27.5724
21.8600
21.6552
22.0791
37.5245
17.7134
51.3433
30.2649
6.8021
33.6486
35.9619
16.8130
27.2972
20.2965
22.2334
17.8961
13.1411
20.9444
17.1839
16.6856
38.5504
29.6691
23.9582
27.7198
23.6638
37.5215
54.9913
23.4185
29.5057
30.2636
16.2763
43.0206
20.9071
20.2497
18.0571
25.6902
11.1073
17.5311
27.0361
30.0297
57.0281
16.2523
23.4450
22.2959
28.4036
18.6376
49.3955
26.7988
44.4858
15.0204
21.9349
15.6230
30.5631
14.9755
37.7099
36.9954
15.3325
12.1055
35.5968
7.4903
60.4837
53.1579
33.5450
16.9962
48.3718
31.8636
44.2959
14.2935
20.9782
43.6610
15.7893
27.3176
14.2589
27.0924
20.1617
45.4192
31.5563
41.5318
33.2979
27.2268
30.3866
26.7984
36.3102
32.6259
21.6077
9.5481
26.3924
24.8722
20.9849
45.5195
27.8494
27.8521
14.8356
24.6324
29.2811
37.1560
25.7674
29.7267
24.0367
30.3931
30.7962
35.6103
31.9172
22.0136
15.4684
31.7390
25.8154
19.9855
36.5621
16.8413
11.1841
15.1967
29.7750
21.1364
18.9663
20.1714
35.7314
29.4196
9.6403
24.6576
49.5549
25.8740
14.7675
11.7979
71.0944
20.6350
15.1015
27.6298
33.6286
20.9840
32.0653
40.4799
28.9281
25.8436
2.7458
22.0819
15.9307
22.2722
22.7502
40.3958
11.6494
21.7809
28.3823
27.2876
32.0770
17.1141
8.0422
28.9635
25.3848
34.5402
3.9556
23.1214
32.5259
27.0437
41.2668
15.0472
11.1594
18.5224
25.4433
15.5955
35.1933
32.6032
23.3139
13.3270
7.8506
30.5728
21.7978
29.7189
30.8717
12.3558
31.5325
29.7735
23.9899
6.3558
38.8107
33.1688
34.7572
46.6072
24.5927
26.4465
16.3242
39.4312
26.4738
29.5843
14.4424
22.8509
36.1492
32.2721
46.5290
20.7460
1.0190
45.5263
-7.5355
25.7285
20.8697
7.3592
30.4448
29.5051
25.0395
10.3286
22.4366
27.1850
22.3980
21.0576
6.6522
23.6778
22.9889
12.1570
38.6914
78.4380
12.4254
33.9553
50.9284
23.0013
32.8981
23.6629
33.7154
10.7647
35.3445
22.8772
28.3340
15.5040
16.9830
29.9679
43.3550
26.7730
29.2772
40.7193
16.5624
25.6102
7.3945
17.8361
44.1797
30.1048
17.7514
32.4694
47.7162
16.5153
15.8101
39.5095
20.7268
16.1067
15.8803
26.7764
30.6275
14.3333
28.5057
60.2440
20.6008
48.0313
15.8790
20.8771
42.9216
13.9396
30.8561
23.8728
21.0511
20.2860
21.9506
44.8013
43.3287
27.9988
63.2357
29.8062
23.9966
27.8048
4.3153
49.6960
26.0951
14.3313
21.8551
10.8392
19.0916
5.9515
7.4992
16.3126
28.7735
14.7946
18.9671
34.4434
27.2377
16.0801
7.5797
19.7653
34.5427
5.7110
21.6111
14.0440
43.1705
39.7007
33.1952
34.3562
26.9289
9.2879
35.2973
16.2692
34.9965
40.8367
13.8470
29.9739
26.1873
22.2933
39.0980
27.8590
24.9779
17.6868
22.2998
28.1504
23.2051
11.0395
22.1377
20.1251
35.4109
30.8736
22.2002
22.8933
22.7853
27.9081
34.9287
24.8163
18.6045
20.6288
19.9527
21.3319
6.7092
24.2011
41.1917
43.1234
13.1167
35.5586
48.1224
15.3774
28.1536
13.3685
9.3690
26.1677
38.3394
17.7861
20.4836
6.4145
30.8736
33.6270
16.0404
21.1836
33.8739
26.8299
23.8639
31.3708
29.2550
23.6424
25.6888
34.1404
23.9937
24.5606
23.2299
37.8953
28.4849
22.7479
15.5356
23.6271
15.6656
28.3314
24.9350
24.8251
23.7678
24.3905
27.5408
40.5855
21.9778
27.6417
22.7112
14.5392
24.7559
33.1412
36.2929
16.9354
46.1461
21.2246
9.1661
27.7139
32.1808
7.2763
68.0868
17.1777
17.9577
34.4812
22.9294
15.0296
37.2673
12.7160
27.3527
24.8303
35.2673
9.5912
28.9909
16.0600
18.9131
18.8606
14.8919
45.1200
24.7364
25.1848
27.2527
23.5822
-2.2456
20.7430
18.5292
23.0574
24.0498
54.3344
22.8940
19.6458
35.9372
23.7231
22.9380
17.0576
18.2138
18.3220
23.0454
24.4793
44.8033
30.9432
25.0645
38.5964
28.8201
19.4626
16.1130
56.1450
45.7090
28.9081
21.4455
15.3673
46.2271
31.0497
33.9054
24.4854
12.3963
14.1755
43.0201
19.3411
25.2108
20.3640
58.1065
31.5275
15.3276
14.6566
14.1044
39.6666
29.1904
53.1289
23.7766
27.3294
32.2906
13.1790
14.4308
17.1761
26.5326
34.2652
40.8385
46.3125
13.0886
12.1658
21.4303
17.0687
27.1891
45.2459
35.4245
20.1708
22.7180
20.1605
22.4060
30.3075
27.7216
56.1743
59.1976
14.1749
16.6476
22.4649
46.0109
29.8083
16.1442
12.3334
13.0463
20.2088
13.4908
21.7930
23.0734
25.3824
28.2681
28.5893
14.5771
65.0977
25.8648
31.5359
22.6337
23.1374
7.8646
25.6615
22.2149
25.1110
23.8630
41.0296
26.5573
13.7671
15.6696
18.3493
27.7821
16.4571
23.3333
13.8053
44.2552
34.1629
15.1985
7.1554
32.2714
28.9539
41.5479
45.3793
29.1091
21.3658
26.2899
26.0155
30.1664
23.2724
24.0500
54.4172
49.1705
29.8394
18.0557
8.2393
6.7847
29.2247
14.8840
72.7295
19.5203
29.9875
11.0175
24.4470
41.9057
21.9472
27.3135
20.1924
8.5378
9.1891
17.1157
19.2115
11.6061
21.3102
27.7981
-8.5645
0.5904
11.6855
39.0437
35.3843
10.1143
9.8925
23.8513
33.4952
53.8184
21.9804
27.6220
7.0388
35.8891
49.8922
33.9081
24.2105
25.8872
25.3276
31.6827
19.9860
15.9474
10.8970
17.5304
37.8209
33.0725
27.5968
23.5764
28.1008
42.1596
20.7252
17.6216
9.1045
32.5517
18.1067
30.3227
66.6785
7.8185
24.1504
6.9356
19.5472
17.9530
44.3229
33.4751
3.8864
-4.8456
14.5226
33.7487
26.6426
7.2455
10.3002
28.5184
30.3038
39.5360
17.0831
69.9030
21.1783
23.0715
26.8599
15.7315
13.0008
30.8449
18.5486
28.8321
31.6718
26.5574
21.9874
27.2133
23.6440
23.3462
33.7742
33.2404
29.9477
7.6532
38.3373
28.0821
19.8923
15.2594
19.4812
11.0423
28.1179
33.1163
21.1265
26.5154
26.9093
15.3949
19.0701
17.9054
25.1232
15.4530
23.9883
31.6477
19.7986
22.6735
16.1784
21.6364
27.3747
32.5870
16.2206
22.9097
43.3893
18.8238
25.4795
16.8345
28.5878
28.6319
16.8050
14.4660
26.8656
23.2153
17.8138
39.7073
28.7334
32.4467
16.7082
18.0853
28.1299
24.5443
38.0493
22.3670
40.5046
9.5251
25.8970
11.1467
44.3470
36.4867
21.0448
23.7255
16.3298
34.3617
0.7724
21.3989
18.1249
36.8749
30.4038
15.7530
25.2318
24.0013
20.8142
25.0862
13.1447
24.8471
47.4615
10.5870
18.4438
24.5987
17.5717
36.8072
25.2074
23.6847
28.2303
22.1103
17.3986
22.3130
35.7159
20.2715
39.8749
15.8514
23.5467
49.4502
37.8100
26.7223
15.9549
23.7275
16.7207
26.8290
29.1182
31.1145
47.8619
49.3157
15.7512
17.6118
12.3655
17.2203
25.2407
50.5778
35.3177
53.0670
26.4987
34.4421
21.1082
15.9890
31.4324
20.1921
25.3916
4.9386
20.5320
25.8420
41.5573
13.9176
26.6902
44.2257
31.0426
19.6566
20.4098
32.5951
15.5712
14.6749
35.3381
8.2719
28.7223
42.1862
9.9207
14.2310
26.3242
37.5068
23.0089
25.1304
14.9506
22.2567
23.9137
14.0449
38.5706
34.2424
40.0307
15.5789
32.6260
9.9280
31.3565
27.7192
12.2188
34.2792
16.2172
19.6112
5.6602
21.2492
29.6570
17.8291
41.7218
49.1918
29.2937
16.4229
20.6473
24.0918
12.1861
39.3152
32.5082
19.7401
31.2281
21.1346
34.0639
8.5991
40.9329
22.4357
30.8993
24.3018
27.8222
23.4204
13.7665
31.1654
28.3062
21.6254
35.4364
45.6776
19.6496
22.7414
24.9804
33.7311
25.1905
32.7128
33.9525
42.6449
27.3923
12.9879
21.0665
29.9594
11.3686
20.1203
24.5624
31.9102
23.6478
17.2994
18.5851
12.8770
24.1016
24.2741
25.4747
32.6380
23.8724
38.3087
12.7262
22.9321
27.6884
4.1159
14.2044
24.1550
28.4687
19.4944
4.4265
29.1742
6.9029
25.2944
16.4774
37.4274
16.7966
40.9918
22.1609
26.5105
31.9508
18.8740
33.5488
19.6860
36.4317
35.8423
14.7448
13.7031
21.9267
20.1941
28.4213
17.5737
38.5632
22.0095
31.0555
12.8180
36.5795
9.2211
31.9151
31.2173
23.1512
19.7783
40.4120
14.5833
26.8610
44.5600
45.1324
16.6861
38.7796
35.7960
13.5148
36.6981
13.9666
17.2438
30.2227
25.9148
33.6625
10.9225
32.3654
24.4507
18.9848
32.5006
38.3047
22.3218
22.8383
53.4211
11.2223
30.5830
30.7551
19.8038
13.0228
17.9992
42.9137
30.8109
15.6907
14.3868
24.3404
36.3143
35.2323
34.1295
34.9778
17.2155
8.1521
29.4979
31.5085
21.7528
21.7842
25.7363
44.0998
17.5096
23.3829
20.8221
28.8187
9.1918
44.1433
11.4286
25.4677
15.2132
13.2944
27.3212
39.1498
20.2450
31.3503
31.7105
23.1436
25.4991
27.8233
24.8982
19.2354
32.7277
12.5346
17.3637
14.4376
13.5087
20.6626
20.2019
26.8461
15.8201
21.4586
17.5573
30.6448
16.1375
26.1086
28.1291
19.5151
29.9962
5.0583
39.2061
25.9142
20.0691
20.8232
28.3747
28.7348
22.1282
15.1043
19.6979
29.1133
31.4354
12.8728
30.5754
20.2521
18.4791
19.4395
28.6384
40.6519
42.4341
35.3031
22.8428
25.1072
25.7873
21.1562
28.3970
48.7223
30.3706
13.1251
26.6214
22.8507
35.4729
33.3976
49.7729
44.5958
15.0940
27.0706
9.1246
41.8690
27.0402
33.5151
16.2139
15.3446
23.2931
8.2491
18.2987
22.0389
34.1996
34.3499
30.5628
32.2211
16.7981
24.3349
13.3538
24.6731
30.3321
28.6620
15.4172
31.3082
24.6017
24.0100
13.7910
21.7224
15.4887
29.7925
18.8655
17.1533
24.4374
37.7408
20.1131
21.4446
17.1401
26.0649
33.0661
26.7857
34.6076
22.3890
26.8070
34.0543
12.2302
20.9248
30.7392
20.9553
19.5229
20.0109
32.5813
28.6096
11.7336
11.5320
15.4456
21.4159
24.7263
28.6196
28.9712
31.5635
24.8506
21.0047
28.6508
18.5690
19.0104
28.0685
33.0250
29.5275
30.0399
29.3044
29.8313
30.9225
42.1650
29.6578
45.1786
13.0655
30.5518
46.6442
23.4066
24.9339
4.9470
35.2356
26.2684
20.1949
23.2579
33.6892
20.9497
24.8085
25.5471
36.1573
26.9123
33.6564
23.9582
37.3291
26.7544
25.3597
27.7865
30.3365
22.7920
19.9737
32.6801
21.3862
24.8879
2.5341
12.5060
19.7431
26.2657
35.6662
64.2699
15.2866
27.8223
38.1176
18.1808
41.9706
17.2281
14.0278
30.5798
27.1239
20.0036
23.1333
18.0373
36.9139
8.9987
26.9467
26.2133
25.4313
35.9460
34.5957
21.4908
12.3151
24.2139
24.4426
22.7571
23.6594
34.8763
21.7825
40.1002
29.2935
30.3649
28.0420
20.5148
24.1115
25.7048
36.6878
13.6393
18.1836
29.2209
30.3802
33.3496
47.9164
36.0534
12.0035
40.5229
32.2579
34.4007
36.4430
14.4511
23.2082
2.3346
22.0188
18.5755
37.1494
18.6153
39.8623
21.1003
7.6719
15.3335
29.1051
25.4943
48.6979
26.5113
27.4807
27.2980
25.5140
13.1691
6.3539
23.3351
28.4611
34.5987
27.8752
21.8481
20.6701
12.0743
48.1640
23.8403
32.7244
15.9061
27.6357
25.6098
23.4846
34.6813
45.0704
-1.2713
26.3452
33.5054
14.3517
18.4002
34.9441
51.8301
22.6117
37.8282
11.3808
23.9250
44.4663
23.4598
25.0514
13.0762
15.6462
19.8503
30.8656
25.7873
26.8004
29.0871
