3.1262
21.0345
5.3548
74.4489
0.2967
-1.0464
27.1216
5.8457
0.1099
9.6171
7.1218
-2.8665
22.0525
0.8537
-3.3991
11.6510
-1.7360
-7.7398
-2.9259
0.9166
11.3980
0.9458
-2.5076
3.6277
7.5764
2.3297
12.5323
5.7254
6.2992
4.2180
-3.6970
13.8717
-0.4960
0.0474
4.6963
-1.3403
12.0805
4.0103
7.8347
1.7454
11.2731
9.4499
7.9962
4.5175
1.8430
-1.0296
13.4692
6.1889
25.6677
-11.7681
22.2136
2.5619
-9.2496
24.5323
8.2615
17.6851
8.5201
-1.4095
3.3718
8.2528
8.9185
-16.0487
-16.2273
18.7010
19.5043
9.7004
1.6289
8.9421
24.9322
-3.7646
8.9777
-2.9674
5.0613
4.8356
-1.4282
8.8535
-2.2147
-0.5902
10.4031
-5.2609
9.0027
7.3149
9.7582
-4.9950
-19.0046
-11.5116
7.7539
-6.3613
8.2442
12.3339
6.2461
3.4290
8.7319
-3.7750
11.0683
14.9703
-3.4315
6.3918
1.0971
3.3427
17.1710
5.1685
-0.1404
3.8476
-1.7209
2.8888
27.4877
14.8028
7.7597
-4.0466
3.8045
2.5848
17.9918
7.4814
-0.0358
8.4136
4.2289
0.6349
16.0463
4.5185
15.7403
1.7327
6.8163
16.3683
6.2878
0.1072
5.6052
9.6082
20.8170
4.2772
14.8071
10.6893
-2.0740
0.0439
-3.0409
8.4372
11.2293
-1.4132
-0.9170
3.0427
4.6426
2.5555
12.6830
4.6329
8.8191
4.5596
-7.8316
-2.0193
27.1378
22.0904
6.7791
0.4405
12.5091
0.1520
-0.0704
0.8250
11.4719
84.4473
10.0629
15.7914
21.4380
-9.8980
16.0083
9.3770
-1.4597
6.7842
0.2930
3.2576
-3.4531
0.4826
-4.2441
-2.1344
6.4080
7.0979
-0.9282
24.7197
3.8493
20.2585
3.5926
14.0977
0.7415
3.3870
0.5130
-3.2705
9.8672
28.1238
6.2462
14.1473
5.3042
2.9222
16.0183
14.1957
1.9644
7.7862
0.5857
4.6629
12.5667
16.4827
10.1085
3.1313
-5.2954
7.8556
-2.8816
2.5687
-4.7343
7.2526
-5.5650
6.0997
5.4343
3.7398
15.2973
0.6693
10.4080
3.9589
11.9459
1.5730
-4.6820
1.1402
-10.8238
11.5188
18.5548
-0.8477
3.7548
-9.8750
-1.6735
7.1943
-0.6768
7.8523
1.0037
4.1500
9.0148
1.2973
12.6610
6.3628
10.5298
9.6627
16.3663
1.9707
22.4304
8.4310
0.3627
27.7141
3.0386
0.9284
10.7388
-1.7233
22.9886
8.2061
-1.0204
6.1380
-3.4494
1.0678
17.8331
9.1839
22.6074
-0.5273
1.0710
6.4239
1.2825
12.3867
17.5684
-7.1136
32.9311
18.5912
0.3330
13.3005
4.1980
1.3709
11.9748
3.1212
-2.9755
2.4461
7.1819
-3.9875
3.0874
31.2000
-8.1393
17.0356
7.0639
7.6695
4.6058
4.6674
10.5076
1.7440
12.5511
17.1896
21.7771
6.5304
-2.4787
-5.7890
4.9414
2.9070
-2.4571
2.0334
22.4140
11.1899
1.5733
29.2092
3.0998
-3.1521
12.2361
25.2209
1.4252
3.0089
11.6561
20.9030
22.8051
1.6728
3.6364
7.8583
1.8406
0.5847
5.7129
5.5023
9.0483
15.9257
24.6789
9.1670
3.0221
6.1776
-2.5779
16.6374
19.9840
13.9502
20.1813
14.9528
17.5017
-0.1780
21.5181
8.7577
10.8569
12.1326
9.2261
-5.6593
3.2121
3.2802
16.5254
3.6511
14.3469
-6.0529
3.5964
12.9780
17.2489
-0.8237
13.5586
37.1661
4.0248
-3.5129
9.9477
12.2552
0.2857
11.3539
2.3157
7.7935
20.7973
-3.0730
21.7349
28.9153
6.7199
-4.7056
0.8102
-0.4300
1.6277
-0.3298
7.5997
9.3775
-1.7472
9.1755
15.3349
5.5377
-0.6521
3.2817
0.1416
2.5851
16.2294
-3.6056
10.3161
6.3283
35.2843
12.7745
8.2677
16.2750
1.2430
5.3182
2.0067
4.2984
19.1135
-2.6025
11.5298
26.6446
-3.3187
-7.4151
1.8455
3.5715
10.3891
1.3353
11.8836
-3.5600
-2.2887
4.0222
8.5199
-3.0660
11.3284
1.8738
19.0292
2.6671
-1.4206
20.7470
17.3715
1.5134
6.6393
-4.4059
7.7390
1.9715
2.8845
-3.5673
1.4925
5.9816
0.9066
1.1119
25.8675
3.7545
4.6616
5.4516
0.4279
23.8863
13.4402
3.5191
-0.1943
12.9786
3.0489
4.1651
19.0439
14.1034
13.7347
4.5558
1.9864
4.7998
16.7681
1.6253
10.9510
11.1366
0.6246
14.8357
10.7383
-6.9882
16.6704
-5.2791
-3.8424
4.7484
0.1302
17.9937
1.4902
18.3635
29.7762
7.9397
1.7029
22.0566
-3.8483
22.2027
15.4969
3.5468
26.9240
8.3765
8.2048
10.2059
21.1931
7.8433
13.7430
21.0503
11.8809
14.2717
9.2646
-3.4133
-6.9706
-1.6238
3.2570
4.4718
5.1533
8.3614
2.1428
12.0848
12.3728
4.0388
8.5666
16.1442
4.9723
15.2258
-1.2556
22.0762
-1.5196
-1.0750
1.4292
5.1978
2.0485
4.9023
9.4620
33.1948
7.3922
4.9685
8.1422
18.6197
-0.6613
9.9390
32.7767
-6.7285
2.5923
9.7649
4.1363
-4.7379
-5.6768
15.2409
17.2817
-19.2984
3.6355
28.1073
16.0202
5.7429
13.8734
12.9800
-2.1499
7.8197
-0.7579
10.4514
-1.2111
3.1923
3.4194
18.1060
0.6228
-4.0547
4.8542
4.1894
6.2162
2.7324
-1.5728
9.0587
8.0871
0.5368
7.1907
6.9607
22.6612
8.2617
-1.5878
8.3480
2.0695
4.8589
11.5848
19.9960
1.4231
12.4959
6.5773
10.7604
21.6479
-0.8701
0.4295
15.4309
-5.3801
7.5396
13.9204
3.9184
10.8077
-0.8911
14.6288
4.5921
-2.3038
-2.9051
5.0153
4.0850
-2.0963
-2.2233
31.2307
9.5224
8.0446
8.1127
22.6387
2.0114
12.1508
-3.5875
-11.1749
15.4254
12.5705
14.2112
0.0137
5.0007
-9.0259
1.8444
6.7744
3.4262
21.0703
14.5079
12.3254
3.1373
3.0273
-1.4617
21.6375
9.4885
-5.5800
2.3366
3.4854
5.0118
4.1755
18.7742
14.2393
5.3768
3.3784
5.5581
10.0908
6.9628
7.3613
13.2523
11.6048
16.6641
21.0285
3.1713
14.7133
20.8761
2.2061
12.8317
7.9815
2.1762
1.1635
1.9632
-5.3896
-2.9195
5.5079
9.5340
11.4712
4.5214
-0.4588
2.7219
5.5841
2.7261
7.9263
3.5235
3.9174
-9.9485
4.6554
2.6731
5.9171
5.1762
7.3685
1.2536
2.2454
12.4121
8.4152
-3.2230
-5.5215
-1.6963
-6.3576
10.5917
-5.1671
10.7343
11.5665
1.5257
0.4483
6.1818
2.7606
7.1457
20.7147
3.7542
5.2421
-7.8894
16.4582
0.3754
0.7711
-15.5243
0.0384
-12.4659
16.0852
-0.3373
-1.6019
5.9604
-2.7191
2.3857
-2.9438
3.0467
-1.5429
23.5193
33.0301
1.7040
16.9834
20.5275
-1.1963
18.9645
-1.5607
16.4911
10.0463
19.1714
1.0117
9.9356
-1.2600
-8.5198
5.1832
7.7119
4.5069
17.8126
1.5428
-5.7636
1.6465
-0.2615
1.8865
-0.1354
7.4098
-2.7196
22.8523
34.4868
9.7567
3.6655
0.4495
12.2953
21.1859
11.9572
6.0532
-1.4832
17.2181
5.7283
4.0153
8.4608
2.9053
9.4012
11.9207
15.4379
5.9795
-2.8431
20.7833
11.4255
2.5310
4.4741
7.8552
-11.4508
3.6006
-3.7465
7.7060
2.9249
14.4059
-2.4839
4.3169
-2.9775
5.5608
-5.9978
0.3737
16.4986
1.6370
15.4647
1.3382
1.6197
-3.4912
2.8072
8.6055
-4.7166
-4.7153
5.0047
3.2028
1.8312
10.9210
8.1989
4.9651
0.7564
8.3998
3.9469
2.3626
21.9643
7.7112
8.6133
0.3947
2.9431
14.0519
19.5451
-0.9541
9.5272
4.0032
-0.2418
8.3681
3.8664
9.8246
13.2552
2.2735
0.7883
9.0215
0.2381
3.7689
2.2559
6.9158
17.5137
9.9822
10.6514
1.8359
10.7633
3.9248
11.3285
3.7034
3.6713
-2.6986
1.4311
-0.9190
0.6334
12.2958
-6.9466
-2.4205
14.2323
8.5595
32.4757
-4.3997
23.6677
14.2678
22.8421
24.9548
9.1871
2.0548
-3.5972
2.2567
4.2369
8.0132
0.5876
9.7706
4.9245
14.5071
4.4875
-2.0796
-2.1865
6.8213
-0.2380
5.7504
11.5692
14.5526
-2.5764
9.4908
-4.6502
24.3591
9.5506
-5.6421
4.9703
4.5388
8.5693
0.2440
3.3108
-0.7908
-2.6063
4.4667
4.3731
3.5723
4.6489
-10.8909
0.5278
21.4534
12.4163
14.5827
0.1857
6.8159
4.3209
3.3815
-0.0159
-1.6140
4.6131
6.2063
29.8037
-2.3856
9.1108
3.7133
5.8504
9.4063
19.7505
39.7827
1.2941
18.5713
-1.3207
3.6914
-3.1603
-3.3153
10.6269
9.7059
-2.5771
17.5957
14.5999
9.8972
13.6046
6.9088
13.6879
20.1084
18.0421
22.1750
-1.5481
24.4196
-2.8368
15.6668
4.6494
17.0753
-3.2850
-5.1796
0.0919
31.8195
29.6889
4.8681
0.8910
1.8835
5.6294
5.2298
1.0719
15.0533
-3.5066
-4.5147
27.5553
18.5005
17.4460
5.8795
15.7733
3.1789
10.2208
-0.1797
15.4671
3.9750
33.3235
16.3224
-0.0276
23.0728
22.1960
0.0774
11.0009
1.1713
8.0848
1.0852
5.5061
3.3568
0.8741
3.2495
9.2725
4.9928
1.5661
5.4393
3.9074
6.3931
27.2798
8.9227
3.9079
2.0072
0.4214
23.3243
-0.5623
3.0794
1.1255
15.5647
-1.0318
6.0157
4.5551
12.8053
32.2047
-3.0623
2.2644
0.5742
6.4226
6.7783
21.5768
4.8965
21.3107
3.8232
-2.6234
-3.0002
14.8915
-1.6326
20.3091
14.3450
-0.6548
-5.6216
11.6585
-1.2559
44.7000
20.2538
12.4474
-7.0336
38.7291
10.7391
25.6242
-4.5818
0.2762
25.1831
-1.1847
5.9969
8.1504
19.6681
-0.5261
25.8309
7.2981
17.5870
9.0074
3.9932
0.3366
8.5020
18.4010
13.5825
-3.7364
-6.4689
6.0436
10.4403
0.1825
22.3652
9.0449
7.1149
4.0919
-0.2064
10.1021
20.7404
9.5639
4.6342
9.6699
14.1772
6.0408
20.2510
12.6814
-1.6990
1.0187
11.4710
1.3570
1.9253
22.7632
-0.1126
3.6615
-2.2772
14.7680
10.3550
1.5218
7.0635
6.6226
12.1966
-4.4847
6.0418
25.6475
7.3304
-3.0153
-5.6489
45.7592
1.3837
2.7722
4.7089
11.6954
7.0686
3.1835
22.5662
13.6719
6.7263
2.4765
10.8339
-2.2633
5.4597
15.7861
13.4284
0.1966
2.4784
10.5933
6.4767
14.0494
4.9840
-0.4637
12.2695
1.9130
12.0930
-5.6093
-0.0061
15.8039
1.3017
16.0476
-1.4205
-4.5147
1.3942
0.3611
-0.9295
10.1449
18.3619
10.3571
0.7520
-13.0396
11.6435
4.5149
11.4586
11.4586
-0.4990
19.0517
7.3043
6.7890
-2.1371
19.2719
5.4750
6.3107
28.3046
11.6813
3.6580
0.5857
15.4366
9.4234
4.3076
-1.6614
10.1257
17.2991
8.7939
27.8575
6.9629
-3.6825
21.0218
-10.0045
11.7081
6.4526
-8.8429
13.3669
15.0530
2.5967
-9.6174
5.6629
6.3463
10.8224
0.1096
-11.0865
2.2774
3.3462
-5.0145
17.0849
66.6663
-6.8910
23.1774
26.2996
5.0437
7.8983
10.3365
9.7694
0.7207
16.1527
10.1942
11.0117
-5.6255
5.2839
9.0251
23.9018
7.7082
5.0096
19.0210
4.2306
4.9521
-1.2821
6.4396
14.9966
7.1198
1.4537
12.0884
3.6189
-2.1319
0.7132
16.7497
4.4337
-4.2973
1.0776
9.0619
13.1453
-0.1197
7.9364
44.7576
-2.1595
25.3395
0.4601
-0.4925
23.8880
2.3662
16.5364
11.6154
3.2956
3.2063
6.1305
29.8678
22.3684
3.1790
45.9884
16.2134
5.5983
16.5878
-5.4065
37.5266
12.5464
-1.1092
-1.2874
0.6270
-4.9575
-7.3482
-11.4127
-5.6766
7.8111
-1.6338
0.9424
17.1995
9.2600
-0.5354
-9.2081
-8.3212
12.8406
-8.4583
2.5016
-0.0588
25.7846
11.2554
8.2921
16.1905
9.7466
-1.6865
19.2435
2.1085
13.0807
26.3852
-2.1299
6.8846
21.1405
1.1911
18.7338
4.0002
2.1499
1.4723
4.4384
7.4465
5.3198
-1.7829
3.4316
-1.2689
7.4842
7.9431
0.9004
1.4813
3.2556
13.3206
9.2142
2.0854
-0.5704
-0.9419
4.3436
1.1006
-4.1041
3.4141
13.0078
15.7056
0.8682
16.0984
32.7932
0.0762
20.4992
-0.2312
-2.1414
0.9634
18.9515
3.1207
0.9040
-0.3586
9.9850
16.3504
3.1159
-0.4471
14.1551
0.7787
10.3536
8.1281
8.3059
2.6088
14.1421
7.8996
-2.3365
4.8275
2.4682
19.2950
4.2840
3.1360
2.8386
-0.8315
7.9702
-9.3912
7.0396
6.8551
11.8303
1.9390
4.5756
17.4421
2.1385
5.0800
8.3965
-9.8120
1.3538
9.4783
15.5713
-0.3030
21.1961
1.0736
-7.4371
13.1445
10.8088
-14.4614
46.0952
0.2023
-5.8560
13.4520
8.5973
5.2090
16.0667
-0.1099
10.8303
4.2638
16.9859
-2.6389
7.3345
-5.8037
3.2543
-3.3995
-0.3749
21.0429
4.1553
7.9059
8.2573
3.0247
-17.9299
0.9335
0.3408
-1.7332
-8.2449
34.7676
8.5521
5.1962
12.2869
5.9138
7.8971
-1.0363
3.1433
9.2476
9.6402
8.0994
19.3034
8.2280
-0.2387
14.4554
8.3115
-1.5181
-0.7823
27.8192
25.0263
8.7486
2.3138
3.2480
27.2561
14.1204
8.9024
6.8145
-7.5792
5.0637
19.7834
1.6534
8.2603
0.3243
39.4253
16.9019
-4.4907
-2.2031
-0.4433
13.8910
12.6043
38.8289
2.6461
6.9598
8.8747
8.8009
1.4930
-1.3601
6.4351
13.2094
22.6344
25.3767
3.2010
-0.1806
1.4547
-1.9730
13.5398
22.6045
17.1452
4.6357
2.7245
1.3715
1.3048
6.4312
11.8627
34.9974
40.7650
-3.9456
5.8545
2.6434
26.4595
2.0768
6.3423
-3.3441
-5.7154
-4.1223
-3.7202
4.2881
8.3506
8.7107
2.1384
10.9999
-3.4810
50.1658
6.1568
17.3628
2.7171
3.2938
-2.3942
3.2229
9.6191
11.4724
8.1004
24.1593
3.8310
-0.4171
-0.0493
2.5266
4.5358
0.5759
5.5645
-0.6174
29.3152
17.3160
-3.3184
-0.9009
12.4470
11.7564
24.8360
28.0400
2.9593
2.4849
7.4870
8.6990
15.0185
6.2215
4.8114
31.4896
24.7044
12.7669
6.6511
-9.5479
-2.1986
3.9425
-9.2111
47.6019
-0.9918
13.1495
-4.1952
12.3238
27.4997
1.2968
4.3195
5.5031
2.3026
-7.2141
2.1536
3.6494
3.3979
3.1681
13.3537
-14.0768
-17.7212
-2.9846
14.6746
10.7329
-0.6643
-10.2878
0.4757
8.9647
36.9546
-5.4356
6.3398
-0.7046
19.4428
37.0849
10.5322
3.9269
9.6764
12.9325
3.5248
-2.1978
4.2342
-2.7934
9.4042
15.8412
3.2346
8.4758
4.1299
13.4997
21.0620
10.5888
-3.0123
-1.6419
12.6267
6.0895
9.0809
43.9265
-9.8853
12.0287
-0.7738
-1.7524
0.1499
18.0583
11.9291
-14.1362
-15.7739
1.6173
18.3832
6.4318
-8.3829
-6.8448
11.2952
9.3198
17.2088
-0.2974
46.9066
4.0324
4.8222
13.8273
-0.2128
1.9097
17.2472
-1.6415
5.6749
8.7181
4.2820
7.2382
13.0032
2.9587
5.0344
10.3453
14.6122
14.5077
-1.7079
15.4114
7.2639
0.4758
2.1802
5.4343
-2.1751
-0.1484
13.3671
2.7026
2.3217
11.2578
11.8567
-0.5998
4.8778
2.9592
1.5984
4.5536
10.8549
4.5705
6.0418
2.1240
2.3298
8.4838
16.1051
3.0742
2.4956
9.0624
-0.2230
7.8329
0.1899
7.9014
5.0636
-2.4679
-4.0373
-1.0936
1.3910
5.4767
16.0199
10.0220
14.9448
0.0390
1.5768
9.4497
3.3580
14.7997
8.3819
29.1400
-1.0563
7.9790
-3.8133
13.9983
11.9848
5.9124
8.9181
-4.9086
12.1675
-7.6496
3.3271
2.0914
11.3665
15.0325
0.5903
2.6212
6.6051
0.6326
3.1902
-0.7880
4.5485
29.8191
-6.3350
-2.4472
13.7728
-7.7487
16.8755
6.9005
16.2675
10.5203
6.9678
3.0537
9.1737
4.8104
3.6473
13.6225
1.9470
5.7144
24.9044
19.1395
13.4316
3.0723
0.1701
-5.7780
5.1057
8.8992
14.8349
22.1400
25.7133
-6.3994
-1.5824
-3.0525
0.9605
3.0085
34.9618
9.5497
36.6128
4.8125
13.4735
7.0537
0.2718
8.7830
3.8883
4.5605
-3.7783
7.2217
13.3159
24.7164
-2.8578
9.4329
15.7831
9.4196
4.2090
6.6501
7.6085
1.1567
-2.4849
11.0781
-5.3178
18.0840
6.8292
-4.0526
10.3612
12.1484
19.7361
-6.5014
6.0195
0.1309
1.0341
5.3166
-0.3176
7.9248
5.0022
20.9923
0.9154
12.9616
1.2951
17.2817
12.3113
4.8413
7.4128
-0.9572
2.0351
-1.8795
4.3013
14.7836
3.6414
18.1338
20.8073
12.7788
-3.3136
0.7055
11.2077
-0.9790
23.3853
8.6782
2.4416
14.9869
2.3752
17.7763
0.5621
14.1074
0.6413
2.2464
12.7021
9.7040
8.2618
1.0564
15.4381
9.8766
3.3426
12.6295
19.2993
-6.7712
4.3684
14.1114
8.1280
7.4857
5.5400
9.1422
31.9565
3.6519
-3.0052
2.1926
8.3259
-6.0261
4.0393
13.6305
5.8548
4.0859
1.1686
2.2513
-5.6020
3.3628
3.7207
9.1737
9.2467
6.6477
16.0171
-4.6124
6.2165
10.8947
-1.7932
-11.5184
-2.8874
2.5325
-1.3343
-3.5273
17.0555
-4.5955
-6.4184
0.2054
20.5828
0.1960
10.4751
8.6471
16.1221
18.8500
6.0336
8.7101
4.9254
8.3085
16.2081
0.8295
1.0734
6.4291
12.1389
10.6634
2.2609
21.8096
6.6593
9.1518
-4.0439
4.3541
-3.9880
10.6957
10.8275
2.2727
-0.2799
31.6048
-3.9255
6.8887
27.8642
25.3922
4.3055
16.9921
17.6075
-0.1022
18.3900
0.9295
-0.8766
16.3552
3.3056
13.5458
3.2273
12.9761
8.5656
-0.8193
17.9977
11.7403
4.8469
3.8470
28.0343
2.5543
9.1735
8.7975
1.4385
-5.2017
0.5703
29.3130
9.5927
-1.5592
4.7467
4.2258
4.4029
12.1982
13.5928
12.9096
1.8792
-12.5805
7.3638
8.0027
0.9947
5.8734
4.8527
29.5008
-4.0663
2.9030
0.0967
5.6461
-3.4962
26.4866
-2.8552
10.1417
-4.2724
-0.2339
10.5865
6.8055
-1.9602
10.1401
6.6816
6.4638
4.6145
12.4004
9.1104
2.2416
-1.3900
-0.4720
-2.5540
0.7695
-2.9045
7.1311
4.0328
5.5680
3.2046
2.6332
1.5396
10.0521
0.4226
10.6243
-1.2117
6.3095
11.5938
-4.3626
11.6963
4.1676
-3.5646
3.9646
15.2799
7.8328
0.6438
15.7994
5.4373
10.1945
7.7051
-8.8879
10.4244
5.3366
7.7643
5.0398
8.7825
19.1041
21.0228
16.6082
2.0548
6.6351
8.3265
0.2336
3.0392
28.8822
9.7672
-0.8303
2.7587
5.9909
20.8450
9.4589
23.2936
15.0943
-3.2791
9.5631
1.1205
29.5692
9.2229
16.0082
5.3184
7.6469
0.8313
1.7418
0.3701
3.5942
9.1815
7.8013
18.1142
9.5256
1.3609
0.0417
-1.7260
4.1829
9.8862
8.9687
1.2555
11.7567
16.5920
-4.6090
-1.6205
4.5877
-0.5554
14.8163
13.6504
-4.1649
4.0129
25.0705
2.6070
-0.1078
2.8483
10.5697
14.5901
13.1217
20.7404
8.3818
4.5315
18.3733
-1.5992
1.2202
3.3104
-0.9758
0.3570
-0.1041
14.8391
8.6741
-7.0368
-10.2122
0.3817
1.4598
9.4613
11.3939
3.3964
6.0188
14.3972
9.0618
4.9381
-0.7519
7.7863
4.5349
5.3427
9.4337
8.0748
5.4139
13.0489
7.8679
18.8219
9.0073
24.1744
-11.4288
13.4758
24.7977
0.8751
10.3937
-6.1702
19.6101
8.3979
2.4371
-0.7218
15.7108
-1.8134
-0.2851
8.6359
8.0678
10.3397
5.5194
-0.4076
17.1495
11.9644
7.9688
2.4108
8.8104
13.7537
4.5083
3.8258
2.7064
5.4805
-5.5353
-0.6680
0.2661
6.3137
13.8568
42.5631
3.0418
17.9617
14.8443
-2.4647
23.0719
-1.5354
-0.7159
15.8300
9.4267
6.9852
3.9120
5.5470
16.6513
-5.8905
14.6936
12.9903
7.3778
9.8421
6.8696
4.6361
4.6173
2.8277
3.7220
4.9429
3.1063
4.2712
4.7464
14.7095
5.4474
6.8913
9.1812
6.4860
0.0938
2.7375
20.8507
-8.2688
-3.2545
11.3524
5.0061
11.3472
24.2581
13.3404
-7.2420
22.1467
13.7824
13.2212
14.0618
-2.9647
-1.3714
-5.8135
2.0326
-1.8683
14.3077
-0.5864
17.4347
2.3756
-5.6734
2.0184
4.0551
6.2433
23.7189
3.1346
12.3970
13.4261
0.7170
-0.3332
1.4469
-3.5829
6.6864
16.9056
0.3539
9.2027
-0.0441
-3.6237
29.0548
1.5044
20.2837
-6.3204
8.0184
7.4197
7.8397
9.7458
29.3462
-17.0507
4.0235
17.6212
-0.7410
-2.1215
12.0087
37.3288
3.2086
7.9749
-9.3441
1.6695
20.2122
8.0119
7.5835
-7.9835
-4.8995
-0.3379
12.3646
4.2439
4.7079
-2.2839
