37.1545
36.6677
14.4030
22.0775
62.6225
24.0280
30.4284
27.8135
28.7112
30.7360
20.6198
9.9327
17.0099
15.6690
26.6128
19.4719
31.4545
21.6471
28.4862
22.4161
45.7447
21.2722
24.2571
24.2561
27.9594
34.1105
18.1943
20.9591
29.7366
20.7167
20.1557
36.2891
24.2269
23.2874
21.1673
5.0542
23.2256
19.2340
27.6717
-1.4275
25.7181
12.7124
19.7279
28.4133
7.4857
33.5236
28.0407
29.5932
22.7328
47.5026
30.8884
25.6222
24.7271
30.2428
104.2132
43.2298
35.2805
30.3916
18.2511
24.3780
26.6999
37.6190
22.3181
26.0018
14.3320
30.5114
62.1759
17.3293
43.2148
21.5093
23.6322
34.1986
22.2752
24.7678
16.1418
15.2460
13.0077
20.2576
6.9672
16.2594
28.8294
26.7774
10.7385
27.9297
18.3619
12.7930
14.3550
33.0791
24.9103
32.8898
20.6261
41.7322
100.0091
23.0311
38.0063
16.2491
35.5193
24.4066
52.6680
24.3298
8.0501
27.8802
14.4355
39.9599
39.5138
45.4772
27.4340
31.0092
19.0833
0.8994
13.0840
26.0946
25.4004
42.5128
24.2911
22.7279
4.0754
36.6561
23.3176
17.3604
13.8316
40.6104
38.8504
30.9731
19.2059
33.5000
44.7644
27.3381
16.9332
28.6000
13.9822
30.8994
62.2380
25.7269
17.2254
34.0228
22.0285
30.9528
29.4348
22.9801
40.4417
27.7183
5.8158
36.5334
31.0227
20.1697
33.6416
19.8704
42.0167
28.4378
4.9044
15.0912
32.5466
37.3555
28.7130
31.0145
19.4179
29.4112
20.3520
1.4189
22.5189
10.4836
28.6440
15.1426
17.0174
14.0759
45.3062
20.0739
22.1185
20.6733
10.5943
14.5025
26.5986
3.7154
11.1870
36.1664
46.0519
20.4346
24.4850
38.6019
26.9689
30.1325
28.8278
24.7752
18.8035
27.3263
27.4378
14.9808
26.3904
10.2765
12.6224
17.1837
48.7984
24.3298
29.5660
27.8353
37.9754
4.1703
40.6665
26.6688
14.3507
22.5905
18.0028
26.3489
59.3346
28.1669
13.6462
25.0224
70.3712
22.5764
15.0127
23.1951
34.7214
21.2189
57.7865
27.7903
22.2090
17.9477
29.5783
2.9627
22.7880
30.7680
20.8133
12.2628
30.2769
13.8452
32.2259
45.3935
76.0151
43.7643
24.2784
13.1606
26.2345
18.6964
35.2361
29.7499
27.6394
16.8170
12.2772
22.2126
27.0710
16.5419
28.0111
22.8335
14.3098
15.8086
39.8938
12.2641
19.3535
39.2353
19.5181
15.5132
13.9375
21.2212
14.4116
16.6862
17.0885
26.6019
4.0847
17.7871
26.3464
38.0940
37.2976
35.1012
6.8089
32.7209
28.8651
43.5866
14.3074
14.1532
15.1391
38.9651
14.2965
31.0511
23.6995
15.9337
27.8045
53.0958
19.9703
12.0293
33.4563
34.1667
18.1611
18.5537
31.7995
24.1044
28.9839
15.0209
18.6721
29.9633
14.8963
15.0309
32.9838
23.0826
11.8290
42.2874
29.7053
50.8478
21.7426
25.0965
19.4502
21.1408
21.0273
21.3240
16.7580
19.3835
24.1923
21.9995
16.7091
19.4173
27.5354
19.2830
27.4347
25.0570
24.3144
27.9976
19.6067
21.1121
24.8242
26.1289
40.9887
42.3090
33.5532
17.3004
28.8151
29.0085
25.0670
16.3982
21.2912
3.4234
24.3678
22.9655
15.8260
28.1455
31.7354
15.7849
19.2700
16.8897
39.2794
24.6321
30.0903
19.9807
40.3924
15.8390
6.4850
31.3879
25.0323
29.6457
13.1679
21.5307
6.0346
27.2112
34.7435
11.5893
29.6760
22.5381
17.4572
33.5665
30.2290
45.4436
24.2777
39.2687
19.1758
22.4757
29.9973
14.2680
41.2888
65.5084
42.3186
24.1220
16.6324
15.5321
31.4601
34.1166
22.4970
35.9446
35.9435
29.6011
37.8143
32.2923
43.3507
15.0201
17.0732
37.7608
27.7787
38.6427
29.3948
34.0650
16.0052
14.8009
32.8992
19.1209
22.0344
21.2117
23.4685
30.1796
28.3653
12.6968
24.2045
17.2277
23.1149
25.6817
38.2248
18.7202
9.4448
16.7022
26.5630
16.9934
47.8176
26.3848
26.6004
23.5296
21.8821
34.3011
35.9929
15.7044
32.0790
37.4820
24.4290
9.5302
25.4194
12.2457
24.1271
60.3845
17.2491
22.6512
23.2565
39.2290
41.0136
18.6154
30.7621
31.8910
29.2793
24.6121
35.3420
24.1501
33.1708
30.7094
32.2148
21.0981
27.1501
15.0742
7.9725
31.5679
30.6572
21.9372
21.9265
29.8330
24.9850
19.1948
38.2791
24.7923
20.0702
30.9759
25.1525
27.9517
33.3373
17.8817
39.9320
-1.0085
32.0727
41.1274
16.7275
26.8315
30.9187
24.6925
28.6422
31.2067
35.5938
34.5132
30.8622
31.4262
20.1012
20.2198
53.1122
30.6283
25.4066
23.8188
21.5667
8.2016
26.2972
22.0219
24.6294
13.1556
23.4726
25.4308
21.6310
17.7565
25.2536
43.4464
21.9693
38.4501
21.8493
40.3032
26.7213
15.6738
13.6198
30.5759
30.9511
18.0190
19.9676
23.9624
20.8946
25.5903
18.1970
24.0207
22.3897
28.0004
19.8544
17.1931
33.5119
15.3265
20.4189
18.1496
20.3028
40.3437
20.3659
34.3197
15.2587
53.2640
10.5752
27.3679
23.0335
44.7885
11.2502
35.8334
28.0934
29.5806
26.4933
29.8013
25.4309
23.7707
32.2299
17.7871
24.8576
32.4669
20.1785
30.6224
13.9828
24.6063
35.7262
25.8563
22.1118
33.9962
21.1947
25.3274
5.2471
10.5092
23.0634
24.8705
26.0578
26.1456
18.3499
12.5448
8.2373
26.2952
31.7645
25.6114
12.2848
19.5704
28.9128
28.1825
11.9432
16.7196
36.0611
18.2896
29.9250
32.3592
7.3065
43.5491
31.9128
20.1205
13.9104
30.2686
46.5018
21.1895
19.5378
23.1574
25.2134
23.6221
20.3759
13.2323
30.3659
41.0766
18.7005
43.9220
14.9826
23.7144
21.4015
46.5676
24.3356
14.2697
34.2930
17.0838
23.7519
17.7338
30.1058
10.5499
14.9825
18.3571
39.1382
32.1239
28.2375
23.7040
23.2599
13.9369
21.0271
43.7275
37.7268
13.9874
11.2587
16.8765
29.6527
24.6163
45.4199
42.7884
35.1986
33.1236
28.2913
24.2905
17.1185
9.2620
33.7027
32.5630
22.1868
8.3586
33.9940
41.3106
22.3465
28.8446
35.4740
24.0893
26.0023
13.0547
14.5245
49.1652
20.7037
18.3216
25.7901
29.3064
28.5873
29.7674
37.7582
20.0534
13.9771
19.2721
20.5680
11.7694
22.9183
34.7928
32.7115
40.0871
21.3328
25.9631
22.8952
28.2854
30.9900
6.4761
26.0158
36.8985
26.8768
35.8689
7.9316
22.8496
21.5429
13.7088
24.8096
14.7151
9.0990
0.1781
38.4522
16.1818
29.4865
23.2808
18.9859
32.7397
30.5900
3.9237
34.9263
30.4754
46.7439
27.1220
23.3691
24.6705
39.9688
35.2314
15.2740
39.4449
14.9591
16.5069
31.8276
15.2192
13.9863
29.8795
8.1312
17.7485
35.0550
47.3276
27.6232
47.2190
27.7327
53.1694
-0.0006
4.2299
25.1121
19.0445
15.4771
-7.6444
47.7960
31.2576
22.2862
30.6451
26.2581
42.8706
0.2945
36.3025
21.9866
14.1300
34.4118
43.3956
22.9358
18.8333
30.3300
17.1188
35.2734
19.4321
35.4336
16.3416
20.9319
39.0137
18.6431
28.6645
30.2512
4.0348
30.6499
19.3008
36.9285
17.0899
19.3942
24.1637
19.5867
14.0140
20.1103
21.5031
31.8067
19.9827
23.4941
32.4506
28.2084
26.3173
37.3799
22.3624
19.6605
27.0022
9.8625
17.3063
34.9394
21.4094
12.7772
18.3824
23.5981
12.8063
18.8547
41.5820
33.0160
45.2085
17.1532
31.0969
43.4150
25.9304
27.4881
20.5704
19.8944
19.3784
39.2584
45.6349
21.5410
14.1711
10.2883
20.0304
39.4515
28.7892
25.1297
32.9215
22.2808
36.2049
22.7509
25.1938
26.6433
59.7902
21.9929
30.9817
23.7974
15.1260
38.6402
13.6982
28.3035
15.9431
24.1085
25.7741
13.7755
31.3484
16.3847
25.5013
12.7434
23.7262
40.1162
26.1718
18.4460
46.7721
21.0124
23.8654
6.0077
11.1550
26.4596
36.3603
15.3359
17.5353
41.1889
31.9738
18.7316
19.5467
25.2357
20.7268
35.6117
36.3430
15.9954
33.9832
23.7226
28.1760
40.6386
21.5810
11.9894
36.7156
27.5406
26.3881
31.6371
14.0019
17.9267
26.1709
24.8615
29.6761
7.4635
18.4126
58.3135
27.5227
22.0485
19.3418
15.2727
32.6910
41.2728
16.6129
55.5867
19.0024
21.9533
26.2768
24.1722
35.8604
26.9877
21.0752
34.7439
20.3776
30.6104
21.6221
17.1365
17.9253
10.5540
35.9439
27.5955
26.4443
35.5007
24.8287
33.6547
23.2279
43.5241
16.1334
22.7557
32.3271
38.4641
32.4352
16.8971
26.2452
57.5047
45.6299
26.5003
20.8427
29.0187
29.9546
22.3091
31.7024
30.5651
19.7584
25.2483
26.9701
13.9292
11.3690
17.9372
21.7201
39.8768
40.5482
10.4015
18.7480
42.8044
32.3724
43.3805
22.4608
28.2915
16.4470
12.7122
13.4743
21.9322
6.6919
19.0884
13.6375
14.0806
31.7672
20.2870
21.0085
15.4740
13.2212
29.0396
37.0877
29.4372
15.5835
19.0483
20.3088
22.0100
25.8966
46.9697
20.5725
33.3733
15.4653
34.8976
23.4156
16.8788
29.4952
31.9054
26.6558
12.5188
46.0242
22.2447
13.2114
28.2797
17.6785
24.8010
25.8131
17.4361
38.0433
36.6963
31.7485
44.4850
16.9790
28.9809
39.7299
15.7863
28.3390
22.3501
34.5233
51.8018
30.6110
16.3906
31.6580
28.0816
15.4964
16.1654
31.8042
40.4006
17.2434
21.3681
41.0057
33.1703
12.5405
29.3613
51.3835
18.9952
24.3450
12.5445
44.2605
20.2948
27.1689
20.3059
22.3771
7.7014
13.3964
13.5456
37.7752
27.2951
31.8093
7.5144
-8.8313
21.7444
22.0460
27.4047
28.2040
28.6789
26.6834
9.2322
25.7490
27.6730
33.2054
36.9604
31.3524
18.2316
21.0645
54.4511
19.3785
13.5328
28.6610
13.5828
21.3467
47.2055
38.8234
20.5465
15.1769
22.9831
6.1331
21.0557
35.7262
6.3273
25.6025
13.9866
40.7384
22.4564
39.9288
29.0309
17.6779
21.5159
21.9762
11.7513
31.8261
23.6327
29.6777
22.2563
32.0513
20.4862
27.3161
17.9004
22.9232
21.1072
27.5635
41.9571
5.8219
17.8375
20.2015
30.3650
24.4326
32.9065
28.1970
18.7936
15.8343
12.0037
20.1195
31.6637
18.8264
24.6627
28.4300
28.5331
31.4281
21.4212
30.7450
39.1633
22.8634
23.4249
24.2727
27.8089
27.1005
25.7430
7.7422
26.7202
31.0034
17.7956
48.7897
41.1131
11.8584
26.2995
9.3547
24.8588
24.2184
15.9205
15.8427
19.2308
17.0432
25.3569
28.3173
19.7183
10.9041
10.1845
12.5085
27.3621
25.4087
12.5361
13.7891
14.3424
30.9704
51.8835
24.0419
34.7712
15.7386
16.2205
24.3232
25.6863
18.6624
29.4805
21.3390
21.7483
9.7426
12.5093
34.1636
18.2406
24.1210
19.5420
22.5487
24.4031
31.1214
31.6099
15.5312
15.8438
33.3464
32.8158
26.0858
3.0843
28.9439
25.7728
26.6871
12.7707
16.4163
23.4342
14.9190
12.8410
28.4891
12.8319
27.7748
17.3111
13.1044
11.0092
24.3423
20.8377
41.0222
17.8844
21.4671
36.4048
27.8072
18.7397
28.9913
35.5068
28.0010
37.6152
34.5177
22.6707
29.0421
31.6000
24.8374
38.5152
31.8187
20.9927
19.2738
25.8709
36.9953
8.5714
28.7882
12.4721
17.5667
12.5076
23.4841
30.7922
14.8456
16.5823
34.8328
32.3391
10.0683
20.0149
21.3237
21.0071
18.4400
5.9299
13.9168
22.9706
35.3910
16.0466
23.7073
23.3387
25.8031
14.6668
27.3261
28.4402
24.1269
16.1442
50.4988
31.6336
9.3286
23.3329
22.1528
23.3158
9.2144
9.8242
11.3899
26.0287
26.8625
21.5298
15.1116
50.6989
7.0263
26.2903
27.3094
28.9676
29.4717
20.3757
28.0647
27.9515
12.2907
16.4212
23.6499
11.7068
19.5449
15.7050
31.9974
12.9972
35.5169
33.5114
25.4757
34.8043
35.5995
24.0100
19.7242
13.3511
13.7592
19.8493
24.0466
25.6830
28.3376
16.2986
36.8607
15.6574
14.5018
22.8603
13.5674
27.9415
20.3188
29.8584
6.7291
12.7968
21.7227
36.0271
34.0477
27.0744
37.5383
42.4886
16.9303
13.2150
35.2728
43.1412
18.1560
33.3296
23.1964
29.0264
27.9971
30.2954
20.4606
17.6910
52.6848
21.1049
32.3896
27.1226
32.0123
12.1314
25.2980
39.0074
1.4911
21.2874
35.2456
30.3318
8.7219
11.7502
16.1510
15.6248
40.1037
14.7105
18.4977
30.5025
10.0292
15.0784
33.4667
22.7354
45.4765
47.8034
24.2641
23.8575
28.1165
26.7761
24.1450
19.3186
38.2261
12.9817
16.8622
28.9804
26.2934
21.2713
16.3580
26.4179
23.0598
30.2212
11.2097
27.5468
15.4294
24.3257
28.4564
60.1625
19.4772
25.9400
32.4548
56.4228
33.2165
29.8906
9.2280
15.8797
9.9227
30.5402
15.5545
23.6896
20.3336
24.2517
42.4015
19.8316
28.8932
17.5974
48.1636
32.9797
39.1639
28.8510
26.0295
5.9383
26.5739
38.5871
19.9282
8.7300
12.5545
16.1366
23.5999
33.3554
26.8402
46.3032
27.8284
37.6565
22.5551
24.1332
13.9678
48.0763
20.6971
43.7971
24.9472
10.3544
38.2000
22.1866
33.1818
17.8968
18.9710
9.7810
22.1147
18.9124
24.9199
22.9839
14.6488
21.8368
6.3398
12.2774
18.0236
9.5159
16.4445
7.5029
21.4617
41.5592
28.6213
30.6681
19.6033
21.9123
30.0825
37.7467
27.9964
15.5564
21.4067
23.5479
26.7299
27.4006
18.1167
45.9560
66.5151
22.0533
31.7957
12.3859
14.6964
16.0339
12.0442
19.7214
9.9039
24.0004
27.8043
28.8333
19.2231
14.4924
17.4610
16.9827
29.5041
41.9744
39.8684
38.9759
26.6283
36.2652
39.5751
23.1396
3.5249
29.6576
6.7261
25.8080
37.3210
22.0243
29.2781
14.9622
59.6293
23.4093
32.1625
22.6861
20.5786
23.9420
24.1869
31.0760
20.4139
25.1333
26.1155
35.6265
14.6563
20.4359
20.8717
29.0450
31.7965
30.6367
26.6026
25.9772
12.2963
6.7744
33.6663
41.9547
23.9443
40.1311
20.1131
41.6183
35.5019
21.7612
21.3040
10.7427
45.7834
45.6242
33.1286
10.9477
35.0160
15.2119
21.0491
20.9985
32.6330
76.8054
19.3835
13.8233
25.8400
28.2598
14.6140
20.0737
45.7982
23.6303
36.4159
37.4608
30.9567
6.4132
4.4219
29.3964
22.7319
27.3047
40.8662
20.6566
23.5010
23.5854
13.3549
43.0044
25.6898
31.8330
30.3520
16.0190
31.0340
19.6468
23.2729
31.6989
38.6697
36.1548
30.2505
9.7746
36.1616
13.5982
28.1611
4.4207
15.0541
45.5296
24.9467
24.6020
34.0081
25.7753
16.2586
34.1077
29.8925
14.5574
21.8054
11.2007
38.5226
23.1980
31.5890
34.8980
17.0729
22.7780
46.4784
35.2141
29.9798
15.3043
28.3085
23.6685
30.3598
52.5437
16.6333
32.1515
8.2972
11.9068
27.6934
19.0765
18.5657
20.6405
16.4139
18.6633
26.7572
37.3522
8.4440
5.5083
28.2640
25.8937
31.2720
28.2744
38.7878
24.3429
26.6341
33.3819
44.6680
20.2671
35.6887
7.9804
12.3408
23.8623
22.4260
7.1422
8.6790
25.1710
23.7671
14.2849
18.3856
35.3625
17.5769
12.6672
6.6089
20.4134
24.2017
15.7070
12.8827
12.5127
34.1433
23.5695
16.8038
15.8572
29.2214
23.4738
20.4088
33.8009
21.1077
32.6770
31.7303
9.4367
21.5733
35.2684
17.9817
41.4699
21.9809
30.4089
19.9803
47.9483
30.6562
24.3532
27.1612
7.4437
35.2627
24.3395
18.8951
43.2502
37.3752
13.7734
16.7066
25.3211
34.7285
14.7434
48.9750
25.8546
5.2455
29.1981
1.0043
12.9355
25.7131
38.0342
16.0809
33.7720
24.7413
12.4896
51.7571
29.1682
18.0732
24.9231
19.2254
43.5801
22.4405
41.1158
15.7356
23.8091
21.7511
37.2810
15.1313
21.5079
32.3653
22.5241
37.7990
33.4062
26.0619
37.0234
42.7999
25.6634
46.3396
23.6607
21.5377
19.7647
23.0363
23.6885
38.3849
29.7033
19.0400
22.8118
39.9620
13.5887
20.0473
24.8376
20.8355
34.9350
12.3890
20.0553
13.4748
40.2413
13.4697
20.5329
41.7737
28.8894
34.2352
12.0887
33.8618
33.2699
25.3148
23.2823
24.3255
52.4685
23.8239
27.8571
25.1414
19.5447
25.3290
46.0352
45.2585
14.0129
28.6841
40.8742
-2.2905
6.6333
20.1964
17.8455
25.8575
21.3032
17.9179
16.0865
21.9524
11.2963
21.7493
24.8270
13.0663
38.4246
17.9824
11.4495
24.5055
22.0130
19.5555
35.0058
20.3476
22.0379
12.3913
36.3653
15.0821
22.5231
22.7840
20.8463
36.7381
45.7186
23.0511
20.2677
19.0467
25.0846
28.6536
44.8991
19.9167
30.4851
33.8186
28.5578
26.0979
21.5918
23.3752
35.0412
21.3744
26.2133
22.0634
30.9862
41.2624
30.3714
25.7101
22.6665
31.1081
34.8037
28.9144
43.2821
34.1882
50.7545
10.6504
22.7754
17.5276
18.8486
5.4412
21.5887
14.6536
15.8554
6.2493
25.4970
45.3400
22.3362
13.8810
14.9508
22.2795
15.6780
17.9039
37.9693
56.0795
30.0820
35.3971
15.4201
33.6793
31.3997
32.5835
28.1454
32.0328
29.7320
9.9617
9.0888
3.8220
36.4150
25.0339
19.8299
18.0030
24.8998
26.7057
31.4745
35.1627
34.0590
21.7038
17.9193
47.8088
22.4884
32.3067
38.1233
29.9106
22.3348
22.2256
51.5317
23.8921
34.6642
26.8141
12.6128
31.4748
45.0126
37.4284
19.1750
28.4034
28.5275
23.1313
31.7524
20.6637
25.3019
29.7846
18.4346
24.1248
25.7560
26.2965
30.0471
35.2114
30.8730
13.5896
18.2149
37.6788
28.1322
26.9464
54.6479
17.3232
23.4173
19.0108
28.6203
26.6780
24.5219
31.5133
38.9913
23.9155
13.6529
15.6969
22.7374
22.6215
18.3851
12.7343
18.4158
23.0500
23.7661
26.9484
19.2856
30.8382
11.8313
22.0622
23.1837
10.6247
34.6913
24.0663
36.7187
17.2715
30.1511
16.9903
41.9276
45.3228
28.1189
19.7913
22.5585
6.8600
22.0313
50.9312
32.8989
29.6589
4.5035
38.0593
11.7948
27.5482
20.6795
19.1334
18.6998
21.7180
20.8170
15.3302
22.8994
21.8184
9.9677
19.9729
28.8181
14.5425
19.0835
39.5771
39.0473
19.7880
28.0685
24.1461
47.2295
36.9238
66.8040
36.4503
10.2622
36.8945
52.9736
17.4256
20.0907
29.2400
16.7110
37.0757
25.1873
25.1979
12.5018
9.1193
7.8390
29.7383
33.0277
17.6179
11.2000
31.0083
20.2557
24.4666
20.2482
23.8248
27.7615
11.0839
51.1770
27.6366
8.7704
7.8943
23.6556
22.0454
15.4174
19.4274
14.0299
35.2039
8.4820
23.0261
33.4501
57.3187
34.3976
29.8830
39.0761
40.1920
19.8727
32.0517
40.8726
29.0199
20.5988
25.1340
26.5585
15.4139
24.1076
23.5169
28.3422
17.1543
21.8681
26.3127
38.5485
18.3987
36.5282
23.3772
20.9035
34.3234
2.8353
46.4068
27.8417
43.0982
16.5339
36.1884
23.3514
30.6808
45.4338
34.4218
26.4159
3.4156
31.2732
25.8534
44.0238
39.1169
15.9016
24.5704
19.4642
38.9580
15.1350
42.2123
16.2135
24.5054
33.1788
23.7396
32.1377
33.5677
21.6100
13.3276
15.0745
14.8966
34.5424
23.6095
28.1035
54.4877
30.5122
32.3141
39.8800
21.9426
28.3699
24.0770
29.6274
31.6537
30.9016
17.8100
12.4758
42.7827
21.4229
39.7894
34.3849
16.5503
21.6904
32.7351
27.4827
12.9364
19.8112
22.1799
15.7915
16.5372
14.0816
24.0044
22.0238
29.4980
13.1363
20.7340
15.8056
35.5673
20.8501
25.9870
15.2240
16.8400
44.6362
18.3650
15.6458
25.3237
26.8040
25.3563
21.5924
14.5287
30.0128
49.7209
30.3677
25.1330
24.4464
18.5988
42.1469
16.2449
21.6274
13.6484
15.0497
19.8278
34.2869
40.2532
27.2186
29.9875
32.7033
17.6591
9.4368
21.9162
33.0641
21.5634
23.6277
13.3839
32.8691
29.2521
26.7024
38.7052
40.3294
33.4462
27.0268
34.8468
2.8138
20.3818
6.1289
34.8386
17.3774
7.8269
17.4689
16.0176
15.5495
10.3482
18.0217
28.3716
28.4999
19.6574
16.0356
33.8416
30.3990
33.6142
-1.2059
14.6064
27.7278
17.1538
12.0324
20.4511
31.6128
27.7434
28.4505
14.6683
15.8808
38.4126
30.2073
26.3271
27.1162
47.2646
23.0167
22.0437
23.0034
21.3762
13.4899
47.9070
31.8061
21.7832
31.8172
24.3415
34.3535
47.7369
12.1872
29.6767
7.1566
18.3624
6.4321
16.2329
18.6986
29.2792
13.1024
29.7150
17.5329
37.5219
15.3767
34.4248
24.8187
19.1100
19.4265
29.2979
22.6551
0.5894
16.6914
21.1148
29.9078
32.3830
23.2500
31.3555
24.4560
