-6.0618
-12.0736
-23.2428
-14.6397
19.0989
-20.2065
-18.4079
-10.1958
-14.0023
-5.5997
-16.8517
-27.1612
-21.7998
-21.9176
-10.3189
-19.1057
-10.6098
-10.6359
-17.7643
-17.2156
11.4518
-19.1727
-21.2507
-13.5358
-8.4871
-6.9317
-19.1374
-16.3263
-11.1658
-13.9912
-23.4634
-11.3360
-18.4219
-13.6239
-15.6726
-27.6043
-20.1494
-16.0487
-24.8126
-29.6212
-10.9006
-26.1515
-20.6527
-5.8769
-30.1510
-11.4373
-11.5304
-13.0479
-15.1311
11.0067
-8.8022
-13.6615
-20.0696
-16.4287
62.6643
-1.7617
-14.6690
-8.1064
-18.9695
-14.4198
-16.0126
-17.2197
-22.2646
-16.4932
-22.5182
0.5235
22.5315
-24.0487
-8.0659
-11.9238
-17.7160
-14.8609
-12.4017
-18.0556
-23.9915
-21.4089
-29.4500
-20.0305
-25.1933
-25.3579
-8.6750
-12.3724
-21.2586
-9.5544
-22.6894
-22.1211
-23.9925
-14.3810
-14.3479
-7.9276
-15.3707
-1.6769
52.7188
-21.0720
-5.5054
-18.8250
-1.5303
-15.7994
11.9298
-19.5000
-30.8508
-11.0427
-24.2390
5.9254
-3.8256
4.7787
-16.6187
-18.8998
-21.3957
-22.6871
-25.9608
-15.1373
-11.8368
1.8174
-15.3977
-16.7607
-31.0662
-4.2253
-15.0820
-15.9172
-26.9819
2.0494
-7.2090
-12.0703
-15.1771
-2.3709
2.2173
-12.1922
-26.3234
-16.2837
-19.2765
-9.2688
10.9490
-12.1730
-30.8759
-8.4114
-10.4308
-3.1290
-19.0252
-13.9405
-0.9213
-17.8778
-22.9390
-7.4501
-8.2609
-17.6410
-13.2257
-17.7509
2.8857
-9.4616
-15.8898
-25.8415
-11.1763
-15.5520
-16.1736
-13.2185
-30.9832
-17.2065
-22.4121
-37.3240
-21.1054
-26.8129
-9.7989
-27.0169
-17.5167
-18.6007
3.5377
-17.8690
-19.5673
-16.9736
-26.1385
-26.8153
-12.5191
-31.4367
-20.4561
-10.2953
-8.5686
-27.6426
-20.8438
-5.8656
-15.9176
-7.1676
-17.9849
-15.3232
-18.4617
-19.3594
-20.8159
-19.9194
-11.1912
-19.8043
-27.3401
-20.1545
-4.2676
-17.2006
-9.1944
-9.8932
0.5837
-20.9771
-6.7052
-20.3339
-23.5457
-16.9458
-26.5315
-11.1720
23.2117
-7.7546
-30.0607
-14.9134
12.8481
-17.6439
-31.3565
-23.4252
-1.7101
-19.1632
9.4709
-10.0967
-21.3979
-22.2769
-11.7037
-22.7225
-23.7603
-7.8276
-15.9295
-27.0110
-12.5359
-23.8603
-9.2101
-6.5674
36.7811
-0.4409
-13.3074
-21.6315
-19.8185
-19.6745
-8.6193
-8.8945
-12.9137
-25.6508
-26.8596
-15.8831
-16.1743
-25.8734
-11.2934
-16.6242
-21.5205
-18.4283
6.8497
-21.0552
-20.6589
-4.1692
-19.2601
-18.0564
-24.2887
-13.0342
-24.7695
-23.8062
-18.8101
-14.5440
-27.1002
-24.5174
-19.9708
-12.6293
-7.1580
-13.0775
-31.1708
-16.6670
-5.7874
-5.4013
-18.1596
-27.8871
-24.3775
-6.0049
-22.8262
-16.1184
-17.5287
-22.3106
-16.7305
9.0438
-18.8849
-19.2984
-16.9951
-3.2958
-24.9418
-20.2129
-17.9504
-17.4008
-12.5908
-13.2388
-16.8236
-14.3264
-25.8852
-18.1729
-14.9688
-16.5820
-24.9882
-4.0246
6.8053
0.0755
-8.1871
-9.1908
-22.4420
-14.7718
-15.6320
-12.7066
-25.2704
-16.8797
-7.3038
-14.9728
-24.1533
-25.9614
-21.2260
-24.4349
-12.1642
-22.0486
-24.1422
-12.3670
-20.2222
-21.0163
-19.9698
-20.6327
4.1482
6.5167
-2.5450
-17.4820
-8.9423
-14.9714
-20.5911
-17.1909
-11.5190
-28.8524
-15.7527
-11.3847
-27.7242
-22.0767
-12.1173
-27.1063
-23.4795
-26.2260
-5.0475
-19.0844
-14.5916
-28.4419
-5.2202
-22.0129
-32.2573
-10.2020
-15.6205
-2.5765
-20.2761
-13.8934
-25.4245
-17.9893
-14.6131
-18.2954
-22.9749
-26.9095
-22.8411
-7.4541
-11.1157
1.7167
-13.6119
3.3932
-23.1296
-20.0725
-9.2461
-22.1460
-8.5096
25.8843
6.2532
-20.5072
-22.2008
-23.1912
-13.1408
-4.9220
-17.5657
-8.8031
-13.4108
-14.3062
-1.2550
-10.1905
-6.4122
-22.8503
-22.9000
-2.6787
-20.2910
0.5746
-9.3687
-1.6025
-14.7221
-24.7341
-8.7367
-13.7862
-17.3604
-15.2553
-25.7211
-24.2090
-15.0759
-20.4871
-14.6102
-25.2826
-18.6357
-23.2660
-8.5018
-18.6167
-21.6647
-30.9146
-20.6917
-19.1678
-1.5762
-14.1766
-12.5776
-15.8271
-18.6254
-2.5353
-14.8026
-27.1912
-6.8996
-4.6465
-14.0537
-28.2049
-18.0930
-22.2069
-19.8453
5.2172
-20.5757
-9.9536
-2.8812
-17.0547
-4.4696
-18.2080
-9.1886
-14.2062
-13.8089
-10.2880
-17.1482
-14.7732
-17.3589
-14.4227
-5.8625
-15.5285
-16.8135
-20.8989
-23.1430
-10.2545
-7.2810
-18.6778
-22.6673
-12.2854
-20.1136
-13.5137
-2.4274
-10.6693
-22.0664
-10.3421
-17.1080
-14.3933
-9.1181
-20.6226
-7.8046
-31.8901
-7.4045
-6.3883
-26.8733
-8.9386
-2.7358
-14.3361
-13.6974
-16.5686
-6.9029
-5.8647
-9.6924
-15.1000
-18.6961
-23.6581
14.6841
-8.9974
-14.4548
-21.7557
-9.9801
-19.9003
-15.5646
-23.2013
-14.7783
-21.8170
-14.9910
-15.6412
-22.0561
-11.9815
-14.9446
-3.3816
-20.0708
-8.2324
-27.7028
-2.6506
-11.1150
-25.6966
-28.8465
-14.6917
-12.2921
-19.4790
-26.5468
-9.5784
-14.4354
-12.7324
-21.5352
-19.7611
-14.5066
-15.0247
-24.7708
-22.2747
-3.9287
-20.4305
-18.0493
-18.2322
-22.8857
-15.5284
-14.1913
-1.6283
-27.1890
6.5878
-22.2322
-12.8026
-16.8509
2.8358
-27.5856
-7.3331
-8.8365
-9.4828
-12.4189
-12.5183
-27.0147
-19.1477
-11.2406
-20.4168
-16.4720
-4.8401
-19.2587
-9.1066
-27.3109
-14.1043
-11.3108
-19.5817
-22.6514
-13.8246
-24.2927
-20.2863
-25.3779
-24.4003
-18.8827
-18.4645
-20.2526
-17.0883
-21.5576
-24.1532
-29.6578
-19.6504
-13.2862
-10.3701
-19.0842
-21.6697
-15.8126
-12.1173
-25.3329
-25.0607
-5.2217
-12.8367
-7.3345
-15.4176
-24.3180
4.1035
-6.9326
-21.6091
-27.8058
-13.9447
6.1611
-16.2096
-13.5114
-20.3941
-19.7623
-25.2955
-18.8159
-27.3317
-9.1017
-2.2062
-19.1965
1.2543
-22.1113
-20.3669
-15.6694
4.6998
-22.5734
-18.4057
-10.3045
-16.7905
-21.5394
-24.6926
-11.5742
-20.8105
-23.3036
-19.6507
-11.8844
-10.4570
-12.9519
-19.8362
-10.2004
-21.3089
-16.6555
7.1874
-8.0270
-22.4454
-26.5809
-18.1564
-4.0770
-19.3584
4.1310
5.5089
-9.8869
-10.4636
-16.3945
-12.9352
-23.9321
-22.4292
-8.0637
-14.2392
-10.6410
-28.3264
-13.7368
2.8886
-29.6063
-12.1968
-6.9782
-14.2996
-12.7288
-27.6253
-22.5155
8.8303
-19.7972
-22.0176
-14.9037
-6.1202
-13.1638
-10.4518
-7.6252
-9.5632
-24.3885
-21.8285
-15.8668
-29.1039
-13.1573
-17.2710
-13.2794
-3.5928
-17.2929
-16.6848
-15.1191
-21.7336
-13.3552
-32.2606
-4.8061
-11.8207
-16.9085
-9.1287
-22.3158
-19.2170
-16.0045
-24.8250
-17.9300
-27.4717
-28.4608
-28.2211
1.7191
-12.0034
-18.1651
-18.4517
-19.3654
-11.0310
-1.8784
-22.4347
-7.9304
-14.8496
10.0384
-19.0886
-15.1304
-19.3517
-0.8911
-3.9057
-25.5945
-12.4251
-27.5710
-26.4932
-4.1896
-25.6825
-24.0654
-1.5426
-23.6378
-24.3355
-12.4105
-3.9570
-15.7990
-3.3011
-10.3003
6.6414
-18.8453
-29.5652
-13.8449
-20.8639
-23.0636
-27.7546
10.7348
-13.3021
-20.1100
-7.2233
-15.8443
-3.5775
-28.2642
0.4372
-15.0005
-23.4378
-3.3030
-10.6816
-17.9098
-22.4613
-15.4296
-25.3699
-14.8954
-19.0316
-9.9403
-24.9959
-19.5011
-6.1082
-19.8500
-16.3063
-13.6892
-31.1978
-16.3951
-21.5071
-5.4870
-22.0199
-23.1469
-21.1093
-21.2400
-18.9703
-17.4372
-20.6684
-19.8539
-17.9942
-3.3943
-9.6828
-6.3465
-18.3532
-1.7503
-21.9829
-17.5102
-9.9624
-19.5941
-27.1913
-4.4607
-7.5907
-27.1748
-21.3064
-11.7954
-23.7618
-25.5473
0.6685
-4.4143
-7.1878
-19.8649
-0.9820
-5.3346
-12.6586
-13.2107
-17.2902
-17.7289
-18.2355
-2.2494
6.8450
-20.9707
-29.0993
-29.9414
-8.1211
-3.0160
-11.7006
-13.9274
-20.3426
-16.4666
-6.0215
-17.7242
-15.3990
-20.1110
11.8540
-24.4784
-9.1313
-24.0330
-30.7147
-8.6694
-26.8950
-10.9415
-28.7317
-15.9010
-12.9328
-22.6189
-15.1730
-22.6497
-19.0580
-22.0607
-17.0385
-5.2273
-17.1715
-18.5156
11.7898
-10.5529
-24.2865
-21.7446
-23.6165
-20.8900
-7.8789
-26.8942
-18.8155
-0.3291
-12.3743
-21.3361
-19.8618
-12.1196
-11.8080
-7.9981
-10.8903
-16.7037
-0.2805
-19.5153
-14.2791
2.5721
-21.6100
-27.0688
-4.8038
-12.7539
-11.3901
-14.2798
-30.6669
-15.6861
-12.3515
-9.6837
-19.2291
-23.2029
-18.3258
21.8636
-12.7742
-21.5785
-16.2430
-18.2914
-8.2480
-13.7283
-27.3143
14.7144
-20.2551
-19.7016
-13.2271
-16.8909
-1.5503
-8.1616
-24.6316
-7.7532
-20.7068
-12.0018
-15.0670
-21.4424
-24.7307
-20.9426
-18.1377
-18.6018
-18.5372
-2.8416
-13.8157
-14.3986
-27.7733
-11.3621
-22.1598
-23.4258
-3.8307
-6.8323
-11.8702
-13.8485
-19.4555
-7.9644
4.5945
-14.0301
-24.7856
-11.0390
-16.2340
-14.4822
-8.6926
-5.7216
-9.2565
-5.8748
-18.6201
-24.7197
-28.3844
-26.4337
-15.0726
0.8780
-4.5718
-20.5221
-26.4130
-8.9530
-9.9256
2.8015
-23.3107
-17.2076
-17.3413
-32.4733
-33.2004
-22.0167
-30.3639
-17.6955
-22.8643
-26.9499
-14.3749
-17.1862
-16.5077
-20.4665
-24.1336
-14.9450
-2.6112
-18.0768
-20.7298
-21.8188
-13.7746
-7.5677
-14.3065
-4.3432
-15.2227
-4.7199
-23.8273
-8.1688
-22.5405
-20.3342
-17.0678
-2.2556
-11.2582
-24.2688
3.3509
-10.6016
-26.2045
-23.5235
-16.9896
-17.3253
-15.4678
-22.1777
-7.0328
-1.2346
-3.4186
1.5628
-21.4876
-12.2824
-2.9178
-22.4975
-10.4041
-19.4271
-9.0075
9.7743
-12.4632
-13.5410
-15.5670
-14.0688
-19.5273
-21.4761
-9.0823
-1.0278
-28.8957
-18.9920
-9.5580
-15.4278
-23.5827
-13.2058
8.1867
-10.3533
-12.9985
-28.5530
-0.4903
-19.9664
-14.5122
-24.9161
-20.1326
-26.8189
-19.7555
-19.8281
-4.1432
-17.9149
-13.8871
-36.6095
-38.8502
-22.9567
-14.2533
-14.4837
-8.5714
-16.8097
-6.6741
-25.3915
-17.2406
-13.1089
-12.6037
1.8851
-14.3016
-25.5116
-15.6192
15.5733
-19.7713
-35.9653
-12.5892
-17.5738
-15.4085
6.2378
-3.8927
-16.1177
-24.5111
-9.9716
-33.5382
-26.2629
-21.0500
-20.4601
-12.7041
-18.8362
3.1034
-17.0212
-2.9514
-17.7767
-21.3789
-17.7793
-17.1503
-15.4414
-8.3227
-21.8438
-5.2675
-23.2783
-7.6230
-12.9529
-10.7790
-20.1720
-19.5512
-22.1912
-11.3974
-0.3180
-31.4437
-26.2179
-19.7710
-22.7096
-12.0849
-8.9984
-9.7238
-23.0403
-23.2255
-22.8521
-22.5459
-11.5980
-22.5049
-15.9785
-18.7994
-12.3293
-14.6028
-20.6777
-14.7514
-6.4662
-18.3916
-19.6338
-15.8833
-17.7957
-13.0641
-11.6945
-23.7829
-8.7882
-13.1032
-16.1681
-2.3349
-4.7066
-26.7215
-14.0479
-22.7077
-16.4365
-15.6144
-25.1228
-19.9361
-15.1583
-21.5949
-15.8844
-17.8331
-23.4255
-17.2892
-13.6377
-20.3220
-6.4088
-19.6679
-26.0075
-11.8539
-20.4501
-11.7894
10.0971
-9.9430
-5.2794
-21.3196
-26.0350
-15.1212
-12.1541
-22.7796
-7.9470
-26.3550
-20.2583
-21.3778
-26.4852
-15.0607
-16.7061
-12.9159
-17.9322
-15.3540
-7.9598
-17.6715
-6.5894
-16.3522
-26.1247
-7.4843
-17.2446
-21.6090
-31.4917
-13.7155
-19.1965
-7.4081
-26.5427
-22.7873
-20.2049
-26.5767
-18.7020
-16.6795
-15.4111
-11.3332
-13.4752
-20.9112
-16.7084
-16.9748
-20.1876
-0.4408
-18.0457
-24.3195
-10.6427
-16.9462
-20.5460
-14.9844
-7.8504
-14.1220
-8.1947
-9.6939
-14.4916
-12.5868
-8.1019
-18.2736
-4.6427
-7.7261
-22.9020
-21.4185
-15.8524
-5.5512
-25.4691
-11.6972
-25.5566
-18.5822
-23.1951
-22.6433
-15.3744
-19.2643
-19.8083
-6.7567
-14.4108
-28.9973
-21.3801
-24.9389
-13.1302
-29.6389
-27.8828
-18.3865
-19.2713
1.8679
-18.8261
-17.4177
-13.6168
-12.8260
-22.4095
-16.2458
-4.5599
-19.7323
-20.1610
2.9501
-13.9873
-27.6163
-15.9351
-21.6478
-9.2644
-28.9759
-17.9857
-24.0455
-17.6429
-14.7800
-21.8389
-19.4371
9.0798
-26.9414
-16.7206
-19.7947
-11.6133
-9.3562
-18.3130
-11.0314
-17.9454
-24.6524
-26.8688
-16.3508
-25.0800
-20.2831
-30.9167
-5.5460
-30.5655
-5.2205
-12.5834
-10.7404
-0.4584
-3.4321
-19.4297
-21.9661
-25.5366
-23.7433
-24.5059
-11.2313
-17.4714
-9.9179
-19.1540
-3.1079
-27.7934
-20.0054
-12.2467
-11.0520
-14.5229
-20.7409
-15.0931
-24.2787
-23.0727
-19.3748
-5.8737
-17.5171
-14.9406
-0.2336
-6.7190
-18.2245
-24.0752
-12.8729
2.6709
-24.9286
-9.3783
-23.3357
-11.0366
-13.4886
-2.4427
-13.1248
-19.8929
22.2317
-15.8566
-3.0597
-17.7269
-18.4472
-27.2099
-13.6906
-5.4870
-28.0651
-15.8278
-7.9263
-10.5610
-21.9814
-30.2427
-27.3457
-21.7977
1.1305
-20.4608
-23.2124
-9.8070
-22.7851
-20.7696
-3.4010
-17.7114
4.9609
1.7281
-15.9305
-20.2183
-6.9381
-16.4717
-13.9831
-25.5122
-13.3408
-22.8510
-23.9073
-15.4348
-10.2955
-18.8783
-22.1240
-4.2527
-17.2468
-9.0398
-17.9147
-7.3751
-23.4672
-14.8638
-10.2249
8.2674
-16.8297
-16.9818
-14.6067
19.8559
-12.0357
-12.7600
-21.9863
-20.8721
-18.6630
-0.4532
-22.1231
-13.3465
-15.3254
-13.4970
6.1052
-20.1050
-14.8348
-21.1509
6.6878
-14.5521
-8.8377
-15.4888
-15.5369
-30.9582
-22.0609
0.2988
-20.3862
-21.4612
-18.3663
-27.0655
-17.9023
-11.9886
-12.7435
1.9015
-12.7288
-2.0642
-15.0971
-16.8296
-26.9776
-1.3556
-20.9055
6.4174
-19.1220
-21.5258
1.1218
-22.9987
-7.3038
-21.2222
-14.0171
-25.8957
-27.1666
-11.3850
-9.1382
-11.4169
-24.7345
-14.7233
-20.8686
-24.9915
-16.8210
-19.9981
-28.3369
-33.2917
-30.5505
-2.9231
-13.1836
-9.6799
-25.0159
-14.7210
-14.6277
3.8500
-10.0811
-14.2240
-17.9807
-14.6451
-10.8048
-13.8496
-18.2917
-6.0032
26.8552
-23.3573
-15.7934
-22.1190
-25.3078
-24.7125
-23.5037
-22.6498
-23.7600
-18.1497
-14.6218
-11.0387
-26.0569
-19.3167
-15.8629
-20.2510
-13.9280
0.9913
-16.1193
-1.8926
-19.8426
-3.3679
6.1609
-18.1641
-29.4916
-6.9514
-30.2787
-18.6384
0.2596
-17.5243
-7.1536
-27.7553
19.4471
-12.3655
-6.9594
-16.0853
-23.6277
-19.3736
-18.0208
-8.5558
-15.3150
-7.8023
-5.9466
-7.8618
-13.7374
-18.0931
-19.0882
-8.9474
-12.2602
-4.1125
-7.2744
-13.8689
-27.1521
-32.6426
-20.8113
6.6387
-21.4095
4.1538
-14.7969
-6.2740
-18.6154
-17.0894
-12.7409
-29.1226
5.6955
12.7393
-19.9255
-28.0242
-10.6541
-21.7670
-21.7862
-18.8551
-10.1100
36.0318
-15.3826
-23.6944
-18.4360
-5.6527
-21.6840
-15.5518
9.0752
-17.6439
-1.8402
-4.9441
-6.7766
-23.6961
-25.4914
-11.2087
-21.6802
-6.4040
-4.5027
-17.9836
-19.2861
-16.5705
-32.3075
-3.3842
-15.8226
-10.0933
-6.5982
-18.2065
-9.5465
-23.1977
-11.6551
-12.0656
-12.2253
-6.6131
-9.6404
-27.4107
-9.2330
-25.3371
-14.2849
-28.3655
-23.5116
3.2281
-18.0879
-13.2365
-4.7750
-10.0240
-21.3791
-11.4150
-4.9485
-19.8455
-19.0291
-26.9273
-11.6121
-24.6193
-3.5666
-5.2989
-22.7240
-10.9473
-2.3587
-10.1364
-16.4045
-31.4835
-15.1356
-16.2352
-14.6978
4.1399
-23.5150
-2.5412
-15.9597
-29.1808
-8.2736
-18.9804
-20.5548
-15.1749
-26.0788
-29.0888
-16.4584
-7.0334
-25.3202
-29.7557
-9.5822
-13.4692
-3.8198
-5.6602
-0.6425
-17.4225
-14.5833
-15.5350
7.7562
-13.9575
-5.6206
-31.4580
-28.4762
-18.8430
-16.5901
-28.5936
-22.8546
-9.1419
-18.2516
-21.5227
-20.3303
-8.6575
-24.5572
-18.4790
-23.3895
-23.0841
-9.2595
-21.7269
-20.7485
-23.2330
-3.3857
-22.3584
-20.6885
-17.1408
-7.5666
-15.1646
-18.6103
-10.7334
-16.9317
-13.0240
-2.1463
-26.0227
-18.8971
-7.6748
-20.8690
2.3282
-18.4456
-13.9654
-16.3352
3.1090
-11.1790
-23.8690
-8.8167
-32.5497
-10.0311
-18.6671
-18.4587
-0.2818
-5.6230
-23.9451
-22.4517
-18.8313
-4.4660
-26.7124
0.7857
-24.9480
-25.4637
-13.9533
-25.3838
-19.3438
-14.4469
-2.2879
-24.5499
-7.6629
-17.8457
-23.4930
-2.3263
-8.4983
-28.1744
-23.6806
-17.5698
3.8367
-28.0071
-8.1330
-21.1503
-16.2817
-19.9117
-8.9838
-25.3903
-22.5656
-5.7883
-16.1547
2.7912
-8.9061
-18.1946
-1.5956
-8.1544
-9.9928
5.6444
-14.6814
-11.5391
-23.5510
-12.6217
-25.0044
1.8143
-19.8916
-18.9659
-23.9179
-1.3951
-16.2399
-14.4148
-19.8675
-19.3009
-2.1518
-22.7084
-13.9967
-21.2868
0.7922
-16.9275
-14.9464
7.7150
-15.6539
-9.4622
-24.4795
-6.9519
-7.8095
-10.0949
-16.5261
-17.5705
9.1302
-14.0705
-20.4222
-13.7447
-20.7361
-18.5071
8.7572
2.7494
-13.6002
-15.1715
-6.3803
-33.3785
-20.3885
-15.6703
-5.5005
-12.5777
-15.2547
-22.8462
-30.8949
-14.9842
-25.1765
-23.8373
-16.1277
-15.6233
-8.1268
-21.1650
-24.9793
-15.2510
-12.9489
-23.0643
-20.9596
-21.8168
-14.2043
-19.8734
-8.5276
-23.1656
-16.5772
-25.1202
-18.1726
-13.7513
-2.0605
-10.3183
-21.8826
-22.4095
-15.9028
-17.8363
-2.4622
-26.3384
-16.9472
-15.0503
-4.2126
-16.4190
-13.4039
-13.7572
-18.9346
-18.0797
-24.1440
-16.6662
-13.6381
-22.8453
-10.1094
-14.1458
-16.9949
-6.3643
-2.0657
-12.3458
8.2966
-3.0858
9.3496
-19.1597
-12.9971
-16.9316
-27.3816
-22.5077
-20.3918
-29.4743
-23.1161
-28.5501
-13.6446
-0.7074
-29.2010
-12.1761
-22.2306
-17.7950
-26.1933
-19.7881
-6.5556
9.1083
-16.4827
-6.6487
-20.8055
-23.4633
-3.5302
-6.3845
-17.7915
-8.5701
-18.1910
-28.8461
-24.7881
-36.0692
-8.7714
-15.6908
-21.1305
-24.3506
-8.8300
-11.0180
-10.2867
-3.5099
-11.0593
-12.5691
-24.2971
3.8348
-21.4730
-13.1186
-9.7842
-14.6665
-16.9944
-13.0621
9.8100
-17.3221
-3.6953
-17.0977
-21.2673
-21.1999
3.7389
-3.0909
-15.7494
-15.7717
-12.8296
-19.3463
-17.3692
-12.6665
-16.1750
-10.8430
-12.9754
-18.1393
-4.4506
-16.2983
-14.6059
-7.8385
-15.9323
-18.1014
-22.2807
-1.7310
-12.5574
-15.7279
4.7200
-16.4892
-30.7662
-21.5168
-8.1174
-18.8280
-23.2607
-14.0221
-1.8609
-15.1687
-20.3183
-24.7908
-17.6681
-15.0865
-16.8895
-28.6497
-17.7763
-16.7983
-20.6263
-15.8480
-13.2251
-15.3400
-29.3770
-15.5885
-18.7664
-25.9395
-4.5125
-22.0806
-7.1125
-20.5788
-12.4006
-20.9662
-3.2296
2.1266
-13.4346
-20.6453
-16.7714
-22.3233
-20.0482
8.0668
-13.0483
-11.1398
-23.4460
-6.3861
-21.9357
-18.5726
-25.0451
-18.5020
-25.7784
-20.3622
-18.0212
-20.4079
-15.2344
-18.5296
-20.9337
-30.9607
-11.9423
-20.5480
-19.2258
-0.2823
-7.8116
-27.7235
-13.6196
-23.2053
6.3938
-7.2537
-0.5473
-2.9106
-28.6987
-6.9853
6.9060
-23.6569
-6.2494
-5.9764
-17.3404
-4.6744
-18.0723
-15.2123
-19.0734
-24.1301
-21.9875
-13.4219
-6.0364
-20.4439
-27.5970
-17.8335
-19.7466
-20.6529
-23.5926
-18.8294
-12.5758
-19.4009
-4.1529
-4.1991
-25.6944
-28.2852
-16.5967
-10.3743
-17.9658
-19.8192
-25.5308
-7.6375
-28.2157
-16.4852
-13.0956
8.8493
-5.3053
-9.9855
-5.5883
-3.5797
-10.1632
-8.8708
-3.6238
-16.9160
-19.5898
-10.3703
-14.7201
-31.6059
-21.1525
-18.0751
-15.4946
-23.3143
-22.8901
-13.9657
-7.5311
-25.1500
-4.3347
-22.2950
-18.1419
-16.9311
-29.7773
4.1026
-11.9739
-8.9244
-25.8668
-9.7767
-23.3915
-3.9473
-8.8121
-6.3824
-11.9249
-24.5773
-13.0152
-18.6507
-3.2218
-5.2932
-21.9892
-14.0614
-21.0901
-5.1810
-26.7216
-0.3737
-15.4134
-20.7221
-10.5775
-9.9994
-5.2206
-6.9363
-16.6190
-20.2260
-23.7668
-19.6264
-15.8181
-15.1641
-15.1514
9.0295
-5.6065
-10.2113
-5.5450
-23.0472
-10.3712
-22.4911
-24.5352
-8.2179
-14.7140
-17.5500
-23.4896
-5.2080
-24.7926
-9.2319
-16.5442
-16.9161
-18.3051
-16.8092
-16.0352
-26.1542
-24.4236
-10.9001
-24.6804
-19.3958
-17.9320
-16.7216
-15.4029
-14.4810
-27.9122
-18.2634
-23.6067
-6.8263
-14.4388
-18.2830
-24.0228
-23.9461
1.1897
-20.8741
-24.2540
-15.4412
-18.2138
-18.4200
-16.4950
-17.6229
-7.9584
10.3202
-21.8871
-18.5946
-17.0032
-20.6178
2.8414
-20.4170
-20.9513
-26.4402
-18.7755
-20.7946
-13.7803
-10.3426
-18.7853
-12.3185
-14.3351
-19.6649
-28.2629
-17.8742
-6.3691
-19.8979
-14.3144
-18.8809
-10.0090
-18.5681
-18.4947
6.4080
4.8666
-5.8647
-19.2308
-9.9622
-29.0380
-9.6419
-24.5410
-2.4409
-18.1993
-25.9779
-26.5554
-24.0013
-23.4145
-26.1771
-20.9314
-14.6196
-16.9972
-24.1745
-15.0622
-7.9529
-9.0434
-13.5585
-24.7933
-20.7875
-11.5146
-20.8573
-28.5285
-16.7155
-13.1874
-12.0751
-20.1051
-31.2606
-14.8937
-10.1912
-14.2394
-17.9155
-14.1768
-5.2178
-26.6273
-17.9764
-16.3503
-15.9997
-23.3108
11.3775
-14.0686
-16.1029
-2.0510
-12.0538
-7.6020
6.2654
-21.5095
-6.8857
-21.6806
-23.4077
-22.4754
-20.4932
-14.0484
-7.0646
-25.8836
-10.4937
-21.3786
-1.7716
-16.9524
-11.8694
-14.4669
-16.8540
-24.1926
-5.2558
-19.3953
-26.4311
-14.3749
-11.6845
-14.0678
-2.2147
-23.1504
-15.1543
-25.2900
