24.5536
6.2014
7.1150
20.7101
6.8053
17.2899
16.9465
16.7707
13.7006
15.7559
13.7839
1.4916
13.7655
13.9382
25.0865
28.3003
16.6695
7.0809
24.5567
14.1365
19.9927
22.4849
26.3374
22.9399
21.0725
0.6273
22.5108
19.5751
14.9175
10.5314
26.0602
19.6319
21.5030
23.4977
30.3305
5.3642
20.3034
15.5040
8.5527
31.3454
17.9558
11.9678
35.3300
9.6071
14.7662
35.2474
15.0837
36.0624
25.4887
10.8622
4.3170
14.7747
6.6545
30.0618
14.5081
-7.9057
13.3577
39.1133
14.1091
20.0260
28.1627
21.5354
18.1701
34.2485
19.4758
20.6395
17.6818
-0.3948
16.5361
10.7455
17.4046
18.0287
29.6303
25.1557
59.4131
15.9739
12.6939
3.7018
15.5641
28.1061
10.8215
11.8516
25.6219
43.4545
9.2936
10.6250
35.1157
4.3746
13.0379
32.7064
-3.5205
20.8769
25.2560
13.4338
25.5676
35.1959
19.4791
17.9987
27.5612
11.2012
17.2379
17.6745
4.0730
32.2343
28.2573
27.8402
4.9910
5.1156
20.0323
13.7226
12.5303
10.7451
11.1701
11.3284
18.6687
28.7256
14.2597
16.3310
29.0546
16.4152
6.1024
22.7578
5.3529
11.4670
24.2197
19.2815
20.9322
21.5908
22.3379
0.2000
9.3900
32.6098
22.0511
18.1090
26.8384
16.9392
9.9736
75.8253
13.8939
26.2068
18.4931
17.6380
18.0906
16.3855
5.9927
13.8573
37.5736
17.6415
13.5053
12.0316
15.4823
5.1539
4.4729
13.6056
16.6994
9.0513
13.5096
51.0533
30.5988
4.9024
29.9255
16.4469
30.1736
10.0863
6.7198
20.1877
36.9674
19.2525
26.4086
15.3297
32.5076
13.5008
16.5671
5.1601
18.8177
21.9414
15.4731
27.0893
15.2635
26.0475
12.6902
14.3605
13.7719
7.9071
6.2593
21.0624
10.5192
27.5693
21.0010
34.0935
10.9897
7.9984
23.9324
35.1471
1.5190
-0.2361
22.7525
24.4705
37.6314
0.9830
2.3793
27.2982
15.4156
0.9612
11.8156
21.1314
19.9948
32.7810
-3.0795
26.8304
0.2152
12.4558
33.1057
30.6790
5.8365
23.0730
-9.9056
5.1527
-3.6761
18.8118
14.7386
16.0944
32.6294
12.9730
11.4514
3.5281
15.9865
10.0907
9.4823
15.6591
2.0527
6.7240
12.5251
7.4531
2.5996
12.7748
21.7520
29.9553
5.6260
43.0257
23.9564
5.7832
22.5217
10.8404
19.0739
16.4289
35.8952
1.6026
29.7090
12.4498
31.1742
13.9975
26.7127
35.6073
25.3653
42.1455
9.5030
7.2607
13.7368
13.4995
15.3151
-7.7572
8.8562
22.7912
20.6963
25.8694
12.3339
15.9641
27.2724
7.5538
19.1819
13.2845
30.8099
6.3581
8.2497
22.6444
28.7866
20.2076
11.5057
31.2378
17.3752
8.6329
11.8802
6.7175
53.5655
18.0752
58.3053
12.2682
35.4413
26.0853
16.3950
-0.7670
32.8130
35.4715
20.6667
29.7232
6.2926
13.5601
8.8248
14.2687
7.2563
19.8287
32.7674
11.3679
29.2277
39.5120
23.4324
28.1025
23.6305
6.1681
7.2227
20.0129
15.3350
27.9470
17.1582
28.4178
27.3774
14.1486
16.3210
6.7917
9.7204
18.2172
33.0612
4.4724
14.0465
6.5672
29.1517
21.6321
9.5920
13.5667
33.7647
29.2401
31.1352
16.6709
15.2407
12.3372
7.8251
-1.4038
18.7187
30.2864
20.5993
15.9968
-0.5091
25.6818
11.3045
32.8720
17.8663
11.3655
9.9796
8.6294
17.0355
12.0467
11.5447
42.6611
52.2790
15.6728
8.3679
27.9127
30.9410
19.5193
10.2954
11.8675
27.6347
7.9360
44.3252
3.2171
5.4147
8.0188
7.9135
-3.6459
10.8462
21.7816
20.8748
20.4122
7.7937
20.8752
17.0460
11.0296
28.4421
6.8390
14.7290
22.2256
24.5714
16.9063
2.7583
12.5517
1.9930
18.5719
44.0364
25.8009
14.4625
36.8568
20.7586
11.9563
15.8691
20.5272
24.3183
25.8060
20.1671
23.6909
-10.3738
29.6654
23.5895
1.6223
9.1940
10.1806
13.5639
6.7776
15.7946
3.7727
25.2952
19.1993
-6.9677
15.2085
23.9753
3.4084
16.2055
26.5673
8.8700
19.9421
16.0141
27.5538
7.0204
28.8314
8.2025
10.2599
-1.8572
5.7151
20.5228
13.8684
11.7790
0.4117
16.3163
18.5943
26.4336
3.8211
16.0658
22.5210
18.7098
14.6430
4.0294
4.5029
15.7373
31.3844
25.8831
35.1455
20.2868
9.4309
25.1801
25.9565
7.2978
22.2685
21.8226
17.0093
17.0343
6.6014
12.7244
4.9307
34.2135
25.6205
19.7550
25.6134
6.8744
7.6340
12.0045
19.7493
10.5006
3.8961
18.4264
19.7837
26.7376
40.3405
14.5547
17.2283
17.6653
19.0253
5.4604
23.5114
32.5156
18.6549
22.7581
32.4236
11.6273
13.7236
20.9656
23.8331
10.4715
25.1087
36.1935
34.8872
17.2979
20.8004
19.1112
19.7271
26.9492
15.1937
6.5411
2.2374
23.2562
17.4156
19.5514
6.9967
28.9572
19.9111
30.1357
14.8297
3.0237
16.1040
-3.2045
10.8052
21.7386
3.5817
32.2804
18.0603
12.7632
9.0889
31.4762
22.8617
3.3322
5.3906
6.3739
8.7955
28.1544
53.5197
23.8347
20.8716
19.7125
15.1652
0.8411
17.8971
31.5070
18.5105
18.7518
19.8428
16.0491
10.5548
32.8260
27.0255
16.5164
18.1012
15.8883
9.1504
4.2809
19.9028
20.3035
20.3807
19.8371
25.6019
14.6755
-0.5109
15.2422
27.0943
7.4730
24.9179
33.4197
23.8025
3.4979
8.7663
18.2909
23.2318
11.5890
7.0570
24.9170
33.6039
17.1032
2.4357
13.9860
32.1433
4.1070
0.9585
13.8008
6.4307
-5.8504
0.8808
7.0614
45.1401
29.5806
46.0921
15.2315
30.9273
10.0288
27.4345
9.8802
23.9830
8.1994
15.3106
25.8395
26.8759
14.9895
8.0990
18.7571
20.7923
8.4803
17.9954
50.3076
7.2969
23.2478
34.3058
15.8403
1.9297
31.7690
23.6358
32.9893
16.1619
28.6076
7.1123
12.7835
22.4404
28.9449
13.3563
12.3929
18.0224
12.5257
4.1204
18.5048
8.3885
20.1579
21.8654
6.3593
20.4143
12.3164
17.5071
4.7709
17.2537
22.9905
25.5762
24.7797
20.1071
26.3062
22.2409
42.6711
14.9694
21.3956
26.7339
15.2248
22.1147
17.5002
22.7615
25.5558
20.1504
29.9768
18.9200
23.1390
34.2303
56.3163
12.4558
9.8941
25.5540
9.4136
7.6087
19.2961
28.3916
4.2162
19.0139
16.0402
10.5854
15.2128
22.2795
16.8654
17.9414
18.4717
38.8701
23.6514
9.4104
22.9283
22.2244
6.0631
18.5051
15.1763
15.5959
18.3522
12.5960
19.9005
15.8451
21.0101
13.3200
5.0781
21.3435
21.8370
26.6051
22.8793
6.5135
21.9409
15.2942
6.9230
32.7462
1.1110
31.9810
15.9922
21.7471
14.9037
22.8783
18.8794
4.5307
11.0495
28.2043
16.8174
10.2939
14.6932
16.1546
12.9112
48.9078
3.4957
15.3714
18.5433
3.4850
19.0208
5.8107
23.5195
28.4990
23.5862
0.8285
20.9652
25.8104
15.7560
20.3366
25.0580
1.8334
25.5883
15.2321
16.1592
26.9242
29.4190
8.4042
38.5219
22.9881
19.2745
26.6944
16.2694
11.3587
14.0113
40.8751
20.0307
35.7140
27.6691
32.5882
13.6241
1.0977
20.2409
39.4845
6.3033
6.2018
26.7726
19.5395
22.9004
32.8588
9.3494
7.3350
11.3433
-10.1476
11.0492
19.2634
16.0590
16.8635
11.3354
5.2337
13.7125
18.4908
20.3297
8.9257
8.2984
18.8729
8.6085
20.8492
20.1735
21.0116
5.2094
13.8743
17.1154
18.5080
10.6222
26.3099
16.4852
5.2961
10.7085
9.3583
18.7065
6.5536
17.7362
34.2841
14.0754
15.4187
26.7412
7.7371
4.2871
22.9741
24.4766
17.6602
19.6094
12.7179
8.9346
4.5688
8.1548
2.9088
27.3241
14.6706
20.2935
45.9575
4.8752
19.5798
10.5043
33.8658
1.5113
28.0280
17.8799
16.5649
12.8213
31.6960
22.9003
9.7412
24.3246
-7.9622
16.0480
26.6181
23.8693
15.8439
20.5663
26.2170
16.8990
12.8546
13.4883
28.0420
18.5596
17.9393
16.0641
11.3921
32.7645
23.4720
14.1112
16.1271
44.6737
3.2038
24.6702
14.3903
19.3202
33.4192
24.1429
3.3351
15.5223
49.7273
17.7597
40.7628
11.3976
22.8197
16.8525
20.5328
26.1681
7.8151
7.8635
15.3765
21.1639
12.1190
10.5053
38.6950
11.8682
19.1685
24.4389
14.6616
8.1581
6.1085
7.2055
20.2900
6.3760
35.8861
22.9777
18.5829
21.8649
13.6392
16.0963
23.0441
22.0616
17.2929
7.7164
8.3186
26.7571
17.4727
20.8940
21.2212
38.2482
10.3600
11.2005
24.5525
21.1030
45.0279
31.9972
3.3148
16.4676
18.4891
17.3458
6.4994
44.1193
10.2726
18.5697
5.8688
25.8768
13.5914
20.3390
16.7694
18.2800
36.0662
39.1526
16.4509
29.5364
17.5870
22.1792
42.4534
26.8092
14.3411
21.2956
11.4405
21.5714
19.6559
14.3286
50.3862
15.7208
16.4368
34.6675
21.6298
10.2571
36.0913
15.7366
29.3006
41.3636
26.3365
23.7315
9.6383
11.0462
21.1302
10.4762
6.7125
13.0565
27.6238
13.4391
17.3547
23.7280
14.9272
28.0552
15.8329
9.7108
10.3582
28.0549
24.1435
29.6762
17.1299
9.6532
29.4059
10.7194
9.1049
16.6177
27.7923
30.6379
17.4196
12.9919
2.8028
4.6438
5.7062
22.9519
19.1245
18.3523
11.1436
19.5756
25.8808
29.7954
27.2301
17.7046
10.9072
18.2728
21.1299
21.7318
6.3438
15.6960
5.0606
-5.8123
6.4332
10.2375
21.9209
34.4670
21.1273
-0.1573
17.9178
28.6694
19.1021
18.9586
14.2707
8.9534
15.7690
30.1992
5.7825
13.7214
0.7295
22.6752
13.5423
27.0996
10.3951
18.1825
13.8678
25.6436
2.8455
14.0694
15.7220
12.1994
16.7986
20.5867
25.2678
29.9595
14.4059
69.7001
8.8647
14.1916
18.6621
9.1808
25.4413
8.2233
23.7402
33.8163
-0.0891
26.3028
9.2550
13.5838
18.2361
23.7186
29.9864
9.2588
34.4721
38.8060
21.1667
10.2039
15.3021
29.1754
25.4319
-0.0820
26.4636
7.6877
6.8632
2.6998
12.2978
22.7470
9.4271
14.2048
7.6850
3.4838
22.3409
1.0650
5.8664
13.9374
16.0115
27.5124
17.9223
19.1028
10.6921
30.4254
18.9433
24.4775
18.1746
46.3817
13.0984
29.8484
28.8656
27.7509
17.4545
25.7970
20.1581
34.7525
9.5599
28.5311
11.7380
6.0313
0.1018
22.2344
9.3798
17.9664
6.9775
27.3800
16.0050
11.9270
11.3713
29.2779
6.8812
17.7406
-3.2025
11.1326
20.2314
14.1905
12.8193
33.9039
25.9314
14.0052
26.1353
14.0213
22.0739
22.7440
29.8181
-1.2743
22.5910
8.4102
22.8115
9.1146
10.8925
28.4445
12.6597
12.7946
7.6853
22.5478
16.5104
29.9113
18.4093
26.5565
40.7462
18.6547
-8.5865
20.0245
21.2062
4.1635
21.8308
13.6940
28.0582
33.5610
15.5843
16.5392
31.8850
14.7835
28.5279
8.5824
24.3743
21.7669
13.9407
18.3857
4.7833
14.4046
32.7269
31.2180
18.4261
14.4846
0.2382
11.0866
26.2681
38.0903
23.8679
14.2470
27.5261
10.8180
18.9935
4.5807
23.3097
26.3944
22.3435
7.0690
11.7629
19.2827
20.1473
13.0009
36.0519
26.8002
32.3913
25.2140
0.0890
1.8096
13.2839
15.7529
30.5362
35.4151
7.9716
13.6477
13.6255
9.1169
21.0487
-0.1250
22.7924
32.5543
12.4828
14.9508
6.3891
12.0923
22.2559
17.2886
25.4133
13.1412
2.1629
9.0200
7.0207
35.8575
21.2512
14.4281
25.0908
17.1418
11.7489
14.1415
-1.3546
18.8193
36.8519
15.2020
6.9242
24.7780
2.5240
36.5366
11.8172
19.3507
19.8312
3.5400
15.4145
19.4163
24.6359
27.6534
3.8018
26.1154
10.7412
2.7318
-0.9224
15.3391
37.4940
29.0315
21.3111
13.2754
5.9797
27.6088
19.9246
27.1564
25.1404
24.0104
19.3109
14.6357
35.7930
28.4275
7.8511
9.1840
29.4810
10.9695
37.8270
29.2164
21.2803
30.1873
2.5578
24.6749
24.1190
10.6948
9.6106
26.7764
16.3287
12.8836
37.1806
19.7904
18.3604
10.2747
18.8192
12.5367
20.8544
25.8311
11.3132
18.7247
7.8029
14.2212
24.7892
9.6736
7.5389
29.6934
34.5097
22.6520
24.9432
27.7053
22.6451
9.8642
21.5224
24.8605
31.0442
19.0307
17.6275
8.1142
37.0446
3.6275
33.4760
33.1748
11.5759
36.5773
6.3153
26.0744
1.8379
11.1515
15.1951
9.2899
8.2891
7.4526
20.9969
36.5946
17.6299
29.8543
2.1973
16.0804
11.2885
24.7208
7.8623
15.6575
23.2926
23.6139
22.8688
6.2311
22.7800
15.5557
-0.1607
13.1034
20.3068
6.9224
15.1201
19.4522
20.3410
20.0334
13.1537
15.9318
39.6964
13.4644
29.3821
16.5675
14.5440
25.5793
27.0317
-4.3931
23.8249
22.3910
18.9959
17.1876
11.2482
10.1537
41.1185
24.1619
42.1928
3.3804
18.8232
14.8141
20.0822
22.3765
8.7180
29.9649
28.7633
22.1932
19.9128
28.1601
5.2416
13.8564
6.3051
22.9071
5.6443
31.0336
23.4356
17.5945
10.6119
3.8915
7.0559
36.3592
12.1180
23.4176
17.8779
6.2294
18.2269
53.9975
18.6817
29.4158
17.5815
25.8739
43.2434
61.6230
23.3110
17.4594
24.9374
10.5141
15.1263
-6.3531
7.4158
10.7306
19.5780
2.1156
26.1299
48.3924
7.6021
8.5888
13.7240
11.1943
27.2517
14.6191
32.1407
12.8108
20.2772
55.7332
-6.3876
30.1046
23.5573
21.3648
23.2784
5.4080
22.0231
22.2961
13.9316
63.8391
10.4884
12.7485
42.5895
8.2424
18.4310
12.8026
23.0281
-1.8931
10.7762
31.4695
19.4626
15.1334
16.8643
13.8301
19.0474
14.1483
27.3850
31.8440
21.4608
9.5035
23.3146
26.6732
12.7593
21.1281
14.9952
3.3607
27.8834
23.0210
19.8541
5.2867
12.9538
9.2975
10.9790
8.4265
23.0280
13.7884
48.3886
8.6090
33.4537
42.5729
34.2227
26.2031
15.4692
8.5610
-12.0908
0.2790
10.7423
28.4148
27.6624
18.1728
31.2964
11.9438
1.0539
25.8816
-2.3946
29.1679
0.2656
19.3452
19.2437
43.6291
20.2512
20.3180
17.2967
11.3373
26.2593
23.3943
38.0093
28.5821
37.3809
18.4995
8.1365
15.4118
-1.7707
11.6429
19.2749
15.7453
15.9830
11.8193
11.6407
22.7643
16.8009
19.2292
11.6829
16.7413
25.9418
43.5063
15.3211
16.6157
32.1010
38.7273
34.2498
23.6258
12.9009
26.7143
22.6440
26.6898
12.5546
21.9269
28.7152
10.2438
26.8516
5.7738
35.4740
-0.4950
36.4375
18.6078
8.8235
35.6663
14.9981
12.1540
-2.4505
8.6069
25.0881
28.9940
21.1236
29.9216
13.1319
17.5479
8.5367
12.8558
18.1410
6.3548
12.6203
12.7051
9.0105
21.1093
10.9905
8.0364
9.7465
14.7130
25.3670
12.9792
7.2027
16.6931
0.4931
4.1473
29.5306
30.1729
12.8718
37.2756
23.6944
16.0750
23.1759
13.5195
13.1450
19.3555
23.1688
34.9275
19.4753
30.2914
3.2074
20.3212
9.1395
11.3893
12.2786
9.9631
17.1355
20.2469
16.6398
16.7254
3.5572
17.7504
26.1512
13.1611
19.0436
-0.2623
29.2823
30.2190
10.8896
17.0450
11.7608
22.2891
6.4584
12.4947
17.4216
23.4923
24.5793
16.1157
22.1087
17.0697
10.9379
11.7588
24.9216
14.3120
15.0960
23.8038
15.6323
14.7008
7.3284
1.9170
28.6506
31.7716
19.9668
6.4890
33.8948
15.3529
24.6379
34.4894
2.6458
10.1997
7.0827
11.5578
4.4648
18.3308
1.3678
2.9086
14.4602
5.7710
14.4123
1.2353
1.3977
38.3590
31.5769
9.1597
23.9574
17.6926
4.8082
18.4482
5.7350
22.4784
22.8683
19.7938
55.3868
6.5909
9.6837
29.1087
10.8441
20.6606
24.6564
17.9141
9.1966
4.2271
16.8370
8.5048
13.4511
-11.6004
15.0257
8.2115
18.8094
18.7626
27.2066
18.0353
9.3121
0.4995
15.9605
21.7906
-3.2437
31.3731
25.2704
11.7688
31.5980
49.8851
11.6041
11.2619
4.5558
56.4597
33.2554
21.8325
3.4014
27.2832
3.3131
1.0814
11.3072
3.7564
1.1876
-6.5003
-4.0863
14.1492
10.1940
47.1262
24.0430
7.4010
12.6810
25.5480
42.1178
33.5820
9.9187
28.2583
31.7258
17.9205
31.4736
23.3861
25.1931
25.2853
15.8199
26.5637
26.0326
7.6581
-6.7409
10.4966
7.2772
47.5177
18.5398
21.0876
16.1282
18.6349
25.7331
13.7065
29.8563
4.7345
9.8994
31.6993
5.9896
-3.5793
10.2193
15.0276
38.1318
15.9919
28.6183
36.5772
1.6329
12.1921
12.9302
10.3940
12.3446
17.3691
6.8773
30.0244
13.9722
2.0108
15.5405
13.9513
14.8034
47.2317
12.8925
11.6998
21.3501
27.7493
16.8754
5.9556
19.5894
27.9415
29.0447
25.8017
22.4762
14.9662
55.0120
18.7279
23.1624
20.6248
20.0026
10.7786
35.3178
11.9020
31.8269
21.6773
6.1034
11.3831
12.9734
14.1599
13.7707
18.7036
21.5844
34.3603
10.1826
30.6731
19.8347
28.7416
4.2836
29.1714
11.0714
25.5999
14.4960
35.8014
14.3605
36.1058
35.9497
26.2142
18.6612
19.5158
8.3565
11.3306
2.0705
25.7840
23.1818
25.9933
55.9570
9.4906
13.3547
12.3498
8.5761
27.1353
19.1460
20.9716
25.9228
-4.4623
6.6891
3.7344
23.0425
12.8297
18.1393
-2.6385
17.3845
20.9584
25.0916
24.8798
7.3819
25.6146
15.0514
20.6613
30.6582
16.2269
20.9138
12.9073
3.9902
20.0922
23.4352
19.8079
9.0937
18.7341
27.7969
21.1239
17.2819
19.0164
13.4776
44.9543
30.3482
27.5476
3.9522
55.3087
28.6126
3.9807
9.0452
25.4178
9.0441
2.3673
21.8538
28.3797
30.7420
19.9574
21.8590
21.7332
40.1190
18.7759
14.8531
34.7270
7.1578
11.1285
14.0356
3.6179
34.6218
15.8180
11.0661
27.9715
15.2337
-1.1568
17.8458
19.3384
8.1770
9.0730
8.1918
19.7593
16.1135
20.4026
11.7679
26.9039
26.6362
24.1948
30.7694
22.8743
30.5125
15.5858
16.4692
19.5391
23.3824
-1.5785
34.2903
8.0841
6.9148
6.6560
12.3992
11.0465
35.6779
20.7431
13.5200
11.6809
18.0664
18.9844
33.6934
24.4176
12.3984
8.5496
20.5890
15.1521
19.9868
30.4978
14.5881
32.5993
15.6645
25.5254
51.0559
13.9085
11.9869
11.8789
19.2615
2.9334
15.1408
-8.4751
32.1247
5.3191
5.9947
32.2094
12.7858
6.5340
18.8466
5.7186
21.8342
15.2689
27.1579
3.7580
62.4582
7.9351
8.0078
13.1836
12.1604
4.4817
21.8767
19.1378
10.0121
28.1577
22.7573
1.6168
32.3835
7.8704
17.5369
-1.6966
13.8069
9.0106
6.3567
19.5602
22.4264
11.9989
33.3152
17.2705
8.7476
22.0323
16.3099
22.5212
16.6825
18.5874
20.8457
22.5504
-0.0309
16.5811
16.0595
28.7745
2.1332
18.5531
24.6164
9.4756
16.6795
18.1010
24.7796
9.0930
11.1724
15.6657
16.1235
25.7766
18.5398
21.9092
10.1989
3.3251
18.8636
25.8106
18.4976
21.5736
21.3627
10.5830
7.4492
16.2219
18.1566
-1.6533
12.1308
19.8815
1.7935
18.4793
25.6330
1.6002
13.6469
25.0654
18.4908
15.0130
17.8004
15.5641
6.9369
9.9347
41.4269
1.6328
19.6544
21.9560
14.5065
14.4052
3.3008
5.4689
24.0116
15.7494
37.1795
24.9279
18.3894
32.6955
15.0402
11.5859
20.0737
10.6580
20.9743
10.0949
8.9973
14.2947
28.1388
26.5105
12.3563
28.3488
22.9797
8.9547
17.5745
24.6640
21.1824
38.8795
17.0076
31.9791
22.2373
26.8752
38.4809
33.7829
32.8846
27.0724
32.1825
4.4491
13.9226
4.4435
15.9099
41.9007
9.1067
12.5183
22.4636
37.1990
37.2355
18.3135
14.8937
18.5853
29.6009
24.5910
27.5423
22.2221
27.8743
41.9619
21.1657
41.5844
0.9871
36.7252
23.0682
12.0906
16.9030
31.8841
14.5304
27.6721
6.3105
11.8170
19.7042
19.7510
20.9203
13.0248
15.7986
12.2385
10.5460
38.7862
35.3571
31.2306
8.1335
9.9023
28.7502
23.2581
0.3807
10.3294
14.4554
2.0015
25.6125
7.5465
26.5838
32.6272
20.9298
25.0403
16.3523
17.9232
8.4753
11.9929
4.6185
18.2153
21.9843
14.9519
29.1558
48.5766
4.4192
34.7142
25.9341
35.9196
67.2793
8.7969
-7.5367
14.0167
3.0987
15.6581
33.5282
33.9387
31.3493
9.6291
3.3536
26.8477
11.0322
22.6572
3.6289
4.1969
10.6277
27.6941
15.4396
36.9555
25.1763
29.1345
24.6352
6.0303
12.0726
16.7320
15.9992
5.5667
12.2004
21.2563
10.3409
15.9819
34.9954
0.8663
15.6475
10.5081
11.2230
31.3192
22.7903
12.2837
17.3744
8.9326
21.3199
16.1621
6.7016
12.2292
17.3251
4.0697
13.5556
27.0121
47.8264
7.4050
28.1466
16.5113
20.0459
6.2739
16.9443
21.3119
12.7088
-1.5694
18.7625
13.0395
-7.5144
11.0785
18.2786
7.8264
5.9176
20.7715
9.1288
-1.7489
13.8084
15.9733
19.3262
19.5536
19.4125
12.4920
25.8659
1.0597
19.6946
18.4587
22.8249
28.7334
22.9227
13.0613
11.5566
15.6998
9.1647
50.2078
2.9911
8.7318
23.9056
21.3746
27.9560
11.4826
13.1374
14.1007
34.2197
20.4662
8.4334
13.9307
25.0446
28.2156
22.0838
15.5676
33.0168
23.4504
13.5325
4.6759
13.5246
-6.5494
35.0323
37.9310
17.0543
23.0528
9.7969
22.0107
6.6715
17.1660
13.7154
21.0970
23.9240
14.4841
20.7513
18.9748
16.4797
11.0549
4.5038
21.3677
17.5317
35.0084
23.1905
23.7102
15.5748
22.7591
23.9441
11.5278
32.6614
11.5365
34.9071
22.7839
19.7000
17.6689
15.9760
25.7185
10.3516
7.1400
10.4189
10.0809
37.8076
19.7945
25.0048
11.0588
27.1446
8.6540
14.6893
35.6384
31.0051
1.5329
-2.9578
56.3490
6.0614
23.0311
16.8948
24.2082
16.3054
20.3566
14.3080
19.2927
27.8584
14.8621
18.8510
18.5138
18.2145
30.6917
10.8236
3.1828
17.6925
20.4644
21.1905
15.9195
25.8960
23.4273
32.5513
7.8690
8.1242
29.1914
14.5800
14.4934
5.5028
26.1302
11.7070
13.1355
9.2138
13.6736
11.6364
16.2561
20.5648
5.7895
17.1692
19.5177
51.1720
10.3583
11.1208
11.7338
17.2808
43.9643
28.6383
10.6062
15.0554
22.8030
14.5992
8.1417
14.5362
21.6921
18.7459
27.9134
-0.2896
9.8865
10.9962
11.7614
5.6100
7.1177
19.5347
22.5827
37.2106
3.0095
31.5103
-2.3868
12.9769
12.7016
13.8881
19.2695
18.5317
10.9604
8.5761
34.3724
7.4261
4.3380
26.4932
13.9617
7.9042
23.1410
38.3461
6.9356
16.0275
18.9279
25.4174
8.1127
36.8243
31.9347
17.1368
18.1656
26.2144
34.8693
29.9136
14.4349
9.8406
20.0003
30.8696
19.9661
22.2386
32.1489
21.6076
27.7555
9.5341
36.5456
21.1719
6.2054
3.5508
20.1926
10.4559
2.7503
9.1822
20.8673
20.2122
19.7475
0.5809
24.8215
23.5314
26.0864
19.3666
22.4076
3.5278
19.3913
20.7572
4.5572
13.1349
11.8491
13.7147
19.7849
15.1339
13.5166
15.0452
15.3568
30.9455
19.3789
14.4040
8.3089
16.6166
13.1483
28.7306
57.1276
9.2191
18.8477
20.0238
23.0298
15.3503
8.0867
16.6411
16.2576
12.8645
18.0571
15.4239
18.3808
24.0072
48.8277
8.6963
17.7627
18.9101
28.0982
26.9131
19.5532
25.7732
42.6054
30.2897
13.0305
14.6785
17.9798
12.7214
34.1779
30.1488
7.9200
27.5579
20.0164
7.3042
20.1018
3.3482
22.1421
11.0678
17.3264
9.8006
23.2915
12.9012
19.4189
19.6238
36.6532
26.6100
17.1157
9.4570
22.8476
14.5860
24.2952
14.2224
10.5644
9.1553
26.6521
34.1668
36.3294
24.4539
26.9425
16.7731
26.3810
4.7698
6.7725
15.8976
16.0197
15.4699
2.9561
10.3942
1.7864
14.7118
43.6251
17.1157
20.4840
23.0746
13.9719
31.0374
30.4997
26.8226
23.7841
21.2509
13.6014
23.2569
20.6301
-1.0288
17.4522
32.0467
12.0716
0.6665
12.5874
5.9177
12.3060
15.3940
25.0554
26.8951
13.0512
31.2109
17.8457
17.0071
14.6256
24.1120
16.8837
11.2933
42.6963
14.4224
-2.7522
23.0299
16.2017
27.7046
29.3997
11.4989
24.2810
21.9471
21.3941
-11.5579
35.4265
23.9416
19.6963
11.3403
10.1456
18.9125
21.4830
3.9471
19.6918
25.4994
12.5731
38.5408
24.0589
31.8711
7.1179
23.5672
26.5315
-5.4167
1.8336
14.3107
38.1691
28.3022
19.8114
34.1069
29.4203
26.0517
30.7754
9.6500
18.7358
15.3772
17.7596
21.6400
23.7898
26.0401
26.9664
23.6321
18.5198
20.8213
19.2983
17.5097
20.0989
10.2817
4.9510
4.5976
11.0127
9.4691
18.4781
28.8929
18.9445
12.3186
1.8647
19.5673
12.0798
17.7806
24.0258
18.7574
5.5696
24.8618
27.1703
10.9993
15.0431
19.1159
14.7461
25.0066
19.2757
23.7622
15.9698
29.1522
19.7986
16.1882
30.1632
19.9403
8.4552
17.5301
11.4281
18.9907
11.5769
42.1315
17.0127
18.9531
33.0305
19.2008
14.9560
15.7100
17.7944
7.5943
31.6728
11.9202
17.4369
40.0251
15.5360
28.6785
37.0815
-5.7575
3.8093
6.3123
4.4833
2.2726
3.6081
17.4604
36.8656
33.2234
24.3436
39.7553
25.7805
27.8709
8.0159
36.3882
10.1774
7.8805
20.5386
6.6976
13.1078
3.6827
8.8490
12.3612
48.2418
17.9026
10.6753
22.7450
10.7923
29.4345
12.2595
33.6686
54.6907
15.9732
15.6461
24.5075
21.7391
19.0092
19.0044
19.4046
23.3946
33.7549
24.5487
5.3783
21.8764
1.9705
12.9190
10.2172
15.0349
31.0782
28.0094
3.0770
39.8086
1.9424
18.1232
20.4267
3.5229
33.4041
37.7982
10.5986
14.3609
32.0110
10.4953
21.6126
26.2328
16.0669
35.7138
12.7248
18.8191
23.6270
14.2234
23.7039
13.9098
24.7823
17.0024
29.8603
20.1623
25.3428
13.8294
10.2924
12.5045
22.0672
12.6511
21.6445
8.2240
9.1549
6.6522
9.0121
14.4771
18.1625
25.1391
20.4627
22.0675
11.8122
29.7079
22.2207
14.8607
30.8667
34.8788
2.8278
23.2405
19.4949
34.8537
19.6503
3.5456
18.8215
26.9213
-9.3426
22.4629
12.6419
11.4715
32.6107
6.3186
14.6421
51.5765
18.0600
-3.3392
13.2823
11.1315
13.9528
23.1640
21.4918
9.7055
21.3023
24.8119
13.9787
22.6019
31.4823
21.6495
17.0266
23.2180
3.4106
15.4264
21.2663
33.7041
19.1128
45.7908
13.7576
9.2541
19.2827
12.5612
8.9880
19.1925
17.0833
15.1739
20.0561
5.4810
5.6481
15.8977
9.3669
15.4284
9.4657
24.4560
21.1465
19.3884
5.7714
16.6736
6.1510
23.9438
23.9876
20.0181
8.8765
15.8582
23.5012
30.8218
4.8435
10.4210
5.1446
27.6105
15.2032
24.3277
26.4393
12.3905
13.8915
12.0083
10.0806
19.2928
13.0151
24.1778
10.2613
9.3501
16.3557
17.3675
16.8243
34.1211
32.4161
18.9293
4.9725
26.4131
11.4405
9.4023
7.0641
16.5987
17.2623
36.1816
25.3442
20.7600
5.9858
19.8391
19.9621
26.6191
7.7311
23.6335
4.0931
10.3416
33.5712
36.5698
14.8022
7.6436
30.1343
20.2673
15.3235
34.6617
15.8317
17.5775
7.0585
45.1259
14.3944
12.0929
4.5092
26.2816
7.1075
18.7858
23.1101
19.5409
34.5851
28.7898
19.0101
27.0958
-1.4729
6.4651
23.0109
13.3379
2.1683
13.9611
27.3129
15.7366
22.2606
22.4639
13.2492
22.0444
33.4916
19.3916
33.3095
21.2855
20.0369
33.5175
21.7158
12.6006
20.0160
13.4467
3.3696
21.2792
9.7827
31.7486
18.2707
23.3311
14.1918
12.4713
18.3231
15.8967
32.9990
13.1825
9.9825
16.7581
15.3681
20.6195
19.1797
5.5699
29.3394
12.7347
10.2450
9.5531
21.8292
2.3982
16.6651
31.4943
22.0021
18.1978
24.3843
0.1072
10.5236
17.3925
11.3813
17.2979
9.1478
22.9594
15.4657
29.1958
11.5632
27.0866
26.2144
21.3887
30.2914
29.3581
24.8073
10.5519
13.1956
18.7049
8.8415
17.6321
13.1811
18.8338
21.0492
18.3138
7.5252
13.9535
23.7608
0.1752
21.0445
37.7251
39.8439
16.6088
3.6195
6.8895
14.2965
14.0236
13.4558
8.8874
11.5812
17.8619
26.5767
16.7377
18.9303
17.4742
18.5999
9.6736
12.4568
16.3533
29.3343
29.9277
29.6216
37.8680
4.7972
32.4450
9.8679
16.2006
16.4951
23.2344
4.5301
31.2694
36.8406
34.3588
16.3554
9.5135
18.9193
21.2852
18.4822
20.7510
17.6631
18.1723
5.8794
-13.0320
34.3115
10.6816
9.6979
23.1247
15.8270
28.3039
38.1297
20.8512
6.9203
45.5525
17.2043
5.3846
16.9490
9.2310
27.7453
10.3917
12.5690
7.6881
12.9668
4.7926
14.9232
16.9149
22.0241
22.6875
61.9590
19.2674
37.6762
11.7168
28.0629
10.8589
11.7152
31.3337
8.3215
34.1208
30.2050
17.2466
13.5244
47.2951
25.9013
18.3969
8.1790
32.3306
31.5895
23.3179
8.2435
32.9548
32.5634
24.6492
12.6022
8.3316
22.0575
21.9949
16.3034
23.1363
16.9538
13.9578
41.2865
14.2745
27.3802
-2.7487
2.0176
16.1383
14.7041
7.4216
8.3001
17.6185
10.4144
11.3604
20.8522
19.5662
39.8142
19.1069
25.7722
20.5247
16.1141
18.3864
9.6762
8.1507
13.1037
31.2646
19.7274
7.1724
20.8877
10.3212
33.1444
18.0078
17.3253
5.0604
3.9759
45.6573
27.0700
14.5657
9.0076
25.2156
11.3749
19.1870
24.3106
17.4188
27.6084
18.7439
43.7111
13.6510
29.0008
18.8590
17.1678
11.8153
21.2612
2.4220
35.6669
19.8021
21.3447
16.7115
7.5143
4.0219
23.6905
18.3169
26.0331
11.5780
29.4800
28.8766
14.8199
11.1121
5.0017
16.4915
31.6809
16.5029
14.9180
23.5702
21.0921
19.0009
24.8765
48.6423
18.2389
-2.1386
6.5553
31.6428
25.1485
35.2638
16.4415
40.8869
14.4938
20.3381
14.4225
3.8722
8.5194
17.0479
12.1960
25.7284
18.9286
7.7351
15.9867
22.7193
21.9052
19.3248
4.6725
12.7417
19.7742
12.6571
6.4665
9.4632
13.5404
21.4543
19.5700
21.4967
29.9011
18.9509
15.1284
10.0647
13.8886
17.5908
26.8091
25.5056
5.1355
19.9609
21.1980
17.2510
9.4803
14.3028
5.3949
33.7819
13.5137
25.0924
12.7758
31.4495
24.4972
11.5797
30.9664
5.7897
39.4705
11.6727
18.6830
14.3573
9.2876
-0.8027
26.9537
24.9452
8.8232
7.7804
14.9758
42.5093
17.9187
8.8949
7.8006
26.6667
8.6353
23.3094
24.4311
4.9187
10.9246
22.0221
17.4705
24.3072
29.3733
20.1076
21.5264
21.1502
25.7585
22.3052
17.8912
3.4463
27.8162
25.9650
24.3878
22.9859
30.9658
26.3891
2.8880
29.7868
29.0017
21.4393
22.1827
12.0683
35.4328
39.1523
45.5946
20.4040
24.3638
26.2654
28.5758
40.0919
17.2222
15.5473
26.9069
6.5733
17.7878
21.0184
13.9354
26.7774
19.2239
2.4852
17.0183
15.7837
18.3053
11.4225
18.1377
5.3288
4.8820
31.3406
4.8652
17.4331
26.2561
13.8966
15.9635
13.7770
16.8308
23.4010
21.4959
16.2066
13.5623
12.3725
10.6232
-5.3645
13.8584
10.0724
3.5017
17.9189
19.0853
22.8576
2.9972
26.2767
17.5824
15.6046
20.8728
18.0507
22.8732
4.2784
7.0049
11.2805
43.5993
17.8964
23.5120
14.1497
13.9776
23.9511
7.8207
21.3639
20.6112
32.4673
17.5209
22.0140
15.9267
-1.8587
25.0200
10.7719
18.8463
21.7448
16.1978
5.0783
17.7311
20.7437
16.0374
7.2996
19.9301
13.9864
22.7534
23.6022
27.8337
34.5114
35.8950
13.6607
30.9592
16.0115
-2.6668
20.4741
62.1426
29.8623
21.4293
11.9319
2.5325
26.9667
17.4385
16.7010
10.8049
9.0442
13.8406
19.5481
30.9933
21.9006
3.1829
3.4320
22.7880
29.4200
35.4459
21.7601
7.9583
22.5021
23.1248
22.8983
24.0497
10.1878
24.6523
27.9514
31.8562
29.9601
2.8639
18.8041
22.0360
4.2074
4.4212
27.5674
16.2269
5.9774
22.3334
16.1109
16.3652
13.7298
37.3279
44.3060
27.2939
17.8058
22.5546
13.2350
17.1536
24.5121
13.1327
7.8541
8.8070
7.7316
14.8194
15.7410
24.1388
57.4731
1.4034
35.5289
14.9624
10.5076
5.2884
19.4457
14.9839
19.8040
26.6094
15.2516
6.6054
9.6958
15.9561
15.0526
13.2267
37.2588
-11.7491
25.9101
2.7474
15.9450
24.7761
4.4542
3.6668
20.2048
6.4954
15.4813
17.3096
17.4763
19.9419
14.4150
35.6492
13.1346
6.9821
13.3113
11.9382
20.4064
31.7548
36.1888
20.9540
25.7394
18.1238
2.7714
9.3646
2.8601
11.5070
13.4217
14.0704
17.4076
14.7579
22.8919
9.3672
21.2806
19.5157
11.8487
23.4574
18.7678
11.7010
15.0561
18.2292
28.8252
15.9261
10.3581
30.1924
3.1832
13.1675
21.2264
4.7229
-1.4197
10.0989
7.9356
19.1463
24.0458
34.0354
11.3467
18.3507
16.4545
6.4735
9.9023
9.0623
10.3567
19.6700
0.4772
-5.1808
17.7881
18.3485
10.8393
12.1882
17.0009
21.7299
2.7636
23.1821
17.9860
21.0374
25.9039
7.4384
19.3840
9.6255
26.9014
14.6623
6.1492
9.1250
12.1760
10.9259
9.6830
20.0114
11.9631
9.8317
5.8231
19.6267
7.7744
13.9782
9.0626
20.4860
12.9487
12.9991
21.6071
29.2492
13.3977
20.8384
15.3562
25.0774
22.4736
26.1372
16.0945
14.9152
8.7720
9.2493
25.3215
-6.0679
25.4783
28.5805
30.3788
11.7037
16.9460
5.5502
28.6846
12.0086
5.8544
11.6968
27.7647
2.0003
15.3261
4.3610
45.5270
18.5801
19.0019
24.3505
19.3984
14.3289
0.6250
18.7461
39.4857
17.1848
23.0801
11.1327
1.9816
33.9718
7.4568
19.0651
11.6594
25.4313
8.0439
50.8323
41.6180
10.1620
18.9611
12.5525
19.4954
5.6161
11.0648
9.7069
26.5564
29.3063
5.1486
17.2637
20.6915
7.7339
21.1983
23.3911
14.9214
23.4901
19.3778
-2.1083
30.4236
12.9608
7.0150
-0.6400
17.0825
16.7752
19.3142
9.1053
34.7112
12.0938
-2.8982
4.5501
10.8428
46.9933
10.6004
25.3120
7.3010
21.1605
9.5764
11.8546
19.7947
17.8950
19.7084
14.9146
19.2310
7.2161
11.4036
10.7404
21.0612
42.1363
23.3627
12.6692
7.0081
22.0947
13.3455
10.5507
28.3319
18.4147
17.2733
22.0351
11.0301
16.7963
30.2480
12.2067
8.8879
-4.3731
12.7851
22.2597
6.0469
8.0835
12.7436
20.6802
31.9684
0.1150
5.4001
18.9018
16.4050
31.7068
6.8124
9.9272
10.1153
-4.9486
25.5203
36.8134
21.7333
5.9251
19.4999
4.1287
12.2811
19.8017
25.9461
12.3365
12.7098
18.0467
8.7142
20.2638
29.1545
22.3595
17.6059
19.4781
22.7071
21.8400
17.1159
17.4765
15.5916
31.2293
17.5909
18.0925
16.6280
24.2625
20.3350
44.7755
17.1177
19.7679
27.3018
21.7191
16.9911
34.0553
33.8784
5.8221
4.9337
1.9531
24.2820
13.7534
9.4719
23.9653
12.0190
13.3584
24.9982
24.9936
33.2270
18.7946
29.3276
21.5549
38.2252
3.9804
29.9692
9.2122
8.9468
24.0107
26.5244
7.6476
26.2025
11.8983
36.7418
15.1886
-0.1049
18.8255
24.3466
10.3048
20.0267
12.7476
18.6659
6.7440
12.5505
42.5855
4.8710
6.2877
18.0636
18.4500
15.4854
28.4654
22.1459
15.9945
11.3929
31.7853
13.2774
8.9796
14.9377
7.1979
-8.5108
3.0978
14.0281
11.6092
21.2498
25.2793
9.0593
9.4472
14.3696
11.4473
9.9120
45.3353
20.7533
15.2912
31.1990
17.2859
17.4537
15.9893
10.1380
16.6135
16.1094
18.6245
18.4817
12.7596
23.3781
26.4050
23.2546
24.6902
7.5000
4.5682
15.1032
-9.2745
17.2937
10.7783
14.1519
10.8000
24.2705
5.9608
6.0767
15.7276
21.9238
19.2663
20.2855
29.3551
8.0204
13.8570
8.7004
19.9651
-0.8829
14.8150
21.9573
18.2881
16.6231
21.4339
34.7197
18.8051
43.9173
9.7683
21.8815
20.7172
8.8520
26.5116
6.7964
9.1354
8.0002
19.8828
9.5655
24.3958
11.7565
27.9970
12.8541
8.4659
23.5315
27.1325
13.5224
25.0520
22.0437
39.7176
25.1584
21.0332
29.8085
22.5599
4.0383
17.4760
3.4797
15.1607
13.1970
3.6622
15.9641
11.9991
5.8541
14.6781
25.6389
26.5859
12.7751
10.6687
6.9128
13.0191
18.5136
47.1707
21.7886
10.0775
14.4879
16.9313
8.2047
16.0563
16.3954
15.5913
8.5704
6.8959
23.8756
15.0186
9.8351
5.2686
14.8819
26.7763
15.8160
34.7123
25.4779
13.8407
39.3965
18.6693
19.6142
-9.3950
24.5413
9.1693
26.5156
12.5023
22.0527
65.9239
11.8731
6.5420
3.5579
17.1425
10.8406
7.7293
8.9401
15.1710
21.8578
13.5123
19.8928
24.8093
11.1959
23.2870
11.0255
21.6853
21.2473
23.8240
41.9009
22.7664
20.1193
6.2969
17.7194
12.4464
2.2409
25.8070
23.0352
25.4644
37.2624
22.6577
11.6175
12.8892
-1.7762
18.6912
21.6297
12.9357
20.4559
3.5512
19.6747
18.2980
12.0336
-0.0928
5.9302
17.5220
21.7519
10.9724
18.3143
11.2718
13.2049
16.0161
28.7219
12.5768
6.5254
23.6792
21.4789
28.1198
22.1943
11.4222
9.5191
25.9776
16.6427
25.8939
14.8400
11.0271
34.4532
-1.9321
5.8303
25.6242
9.4684
-3.7713
23.6355
12.1026
21.7811
20.7388
27.2799
17.6678
28.7084
12.0794
0.3173
4.8964
22.9298
10.6110
35.8745
29.0321
16.9128
22.7496
9.7244
13.7549
11.5908
21.2723
22.3177
15.9824
9.9507
0.7987
16.5532
10.2524
-4.9617
18.0809
8.6704
15.5131
16.6104
15.6299
12.9535
18.4900
15.9948
5.2160
24.5138
21.1199
16.7528
10.4110
23.1766
10.4652
12.3116
1.1743
10.9224
33.4577
33.5656
34.7558
8.5764
3.1301
8.7046
21.5092
16.6760
7.5079
21.4477
13.7119
24.5237
8.2777
23.1523
21.2495
19.0908
16.6017
-1.2460
17.4827
17.8601
25.7210
24.9352
8.0427
35.8588
27.5202
19.3688
18.7022
40.3162
33.2337
14.2848
21.4847
10.1880
13.5972
22.1958
17.4112
26.5089
11.3730
13.6238
2.9974
18.8703
37.0479
1.6850
-1.4661
7.8509
-1.3190
15.0298
20.7593
12.5322
20.9069
11.0194
10.8025
5.0185
20.5086
25.5882
19.6759
12.5893
6.6940
15.2003
-2.3004
26.1111
11.8199
16.3740
8.6504
28.1121
13.9673
21.4662
8.7992
26.0800
12.6911
2.7998
27.1565
13.1033
30.2242
20.3480
25.1712
25.4179
10.9345
32.9848
23.9000
18.1768
34.6516
15.3153
2.6543
3.4935
15.4938
13.5872
33.8827
2.6801
13.7092
13.5204
4.9696
11.6465
18.0586
13.4315
24.1778
18.3135
12.7853
1.7961
24.4680
13.9995
13.2539
10.7954
19.2156
21.8697
27.3579
14.5572
10.0350
29.8017
24.2626
14.2749
23.4918
12.3978
5.1643
18.3431
25.9684
34.4698
12.6246
13.9765
29.0449
2.4977
8.5905
13.3946
18.3431
29.8246
10.9698
23.2350
15.6438
21.4298
10.0251
13.5426
5.9623
17.4405
14.3126
3.7083
10.0518
3.2752
20.2479
4.8898
17.9863
10.8288
11.9254
19.7489
15.1080
15.1982
13.1571
10.2951
27.5207
22.0057
10.3663
18.0348
24.8841
23.8676
14.2059
38.8071
2.7771
43.3071
11.6701
29.1020
27.9482
9.1511
15.5680
22.3633
20.8599
1.7714
22.4129
14.1468
15.0156
10.3883
16.1233
24.2780
12.4916
16.4630
6.4613
8.0564
7.4241
23.8375
17.8916
28.8676
14.4610
13.2740
20.1726
-7.5472
10.4525
21.1180
28.6443
17.1638
6.8276
14.4037
39.1046
9.9369
13.7457
32.4317
30.8677
22.1260
4.7287
22.0556
33.8915
15.1980
19.4106
19.7611
14.9380
13.3645
24.0058
7.7082
8.2877
21.2513
10.7443
19.8079
20.7848
18.7422
0.9688
29.7755
24.4336
16.8094
-10.3014
12.1727
3.0768
-0.6025
22.5445
46.5740
13.3098
9.1673
25.5221
19.3857
6.1366
11.3634
-0.5141
10.4530
21.8746
5.9967
8.0624
7.9713
34.6299
23.1683
45.8754
23.0303
5.5846
37.5971
16.1668
27.1757
26.4383
14.9925
34.3420
17.6262
17.3660
29.2703
20.5796
25.6083
11.0682
4.5164
25.8771
9.6452
48.1132
13.9920
26.0286
19.4675
11.5434
30.5686
26.0281
13.9608
9.1145
38.1484
14.0651
19.6724
11.8808
13.2674
24.1464
14.0244
14.5604
-9.1494
8.4530
43.4332
21.1664
31.3497
10.2307
18.6435
5.3799
9.9311
43.0994
20.0928
32.2022
21.3535
19.9067
21.5374
9.1040
28.6580
5.8597
7.6272
16.0851
15.0967
8.3690
18.8162
12.0472
10.7047
21.8115
17.2057
7.9220
10.9075
19.9548
18.8973
25.4403
5.7011
14.6002
35.3668
19.0123
62.6896
10.4027
12.7489
21.5862
22.8124
10.8937
15.0146
9.1820
12.4482
23.6527
28.7977
15.2664
27.1393
20.4017
17.6316
39.0203
4.5935
32.8500
22.2125
12.0754
20.4676
5.8391
0.3857
26.0314
26.6230
20.1784
36.2200
28.1485
5.7605
28.7918
21.3170
22.4311
30.3497
15.8017
20.4158
11.0351
13.6316
52.3382
17.6165
17.6859
5.3753
15.4163
14.4596
3.6861
-7.6399
24.2522
11.5015
32.6661
6.0463
16.5711
12.3280
30.2791
48.9508
20.8109
11.7881
11.5571
13.7411
13.4575
23.6086
14.9079
21.1898
24.2227
13.1401
15.4242
12.4100
18.0663
12.7455
8.7601
20.3400
25.8955
22.8014
6.3850
6.1559
27.4498
36.0324
15.4664
14.3762
19.0819
14.5011
21.6194
25.1429
4.8155
10.3352
17.7980
21.8106
11.3330
20.5469
21.9995
16.7783
29.7455
9.7582
6.3341
29.8341
2.3453
12.7870
16.7686
15.4468
26.6871
11.7170
21.0233
5.9307
37.2153
-0.6930
14.1928
14.1799
11.6829
1.1943
0.9671
18.4763
3.4593
40.3515
4.2131
17.0274
4.4835
23.7740
-1.4074
15.4015
30.1233
11.6485
10.1415
15.9247
19.0157
6.6375
8.2102
25.8662
34.0042
59.0073
11.5794
15.6460
17.4964
23.0316
15.5715
8.1949
7.8432
25.3385
24.4379
27.3189
24.1341
30.8155
13.4479
11.6254
13.9036
21.7649
39.5570
10.1147
23.2076
34.3668
15.8991
12.6145
15.2403
31.6959
24.3122
15.8262
8.9935
8.0729
19.2027
7.9250
25.4257
29.4353
11.0122
23.0794
32.6818
27.2004
10.0304
13.0070
17.5016
10.1927
7.8610
6.0357
3.8619
4.1696
25.0286
11.7621
6.7578
5.1428
20.0872
14.9394
34.6900
12.1085
29.6185
1.6012
16.2791
22.5393
22.4454
27.6592
20.8860
1.5549
-8.2557
4.0951
12.2649
16.3321
36.5041
-0.3241
54.6583
17.0344
20.9495
19.7899
15.1536
12.9023
17.9756
28.1037
23.2958
38.5665
33.1553
27.9593
16.0124
39.1801
17.2279
23.2715
15.8523
24.9267
30.4527
27.0903
11.8612
-1.8798
18.4762
13.7960
21.0829
22.0737
14.4356
8.1365
14.2441
13.7761
27.7347
33.3904
23.5537
19.9482
39.7685
11.0363
8.0872
5.8651
51.3886
15.9386
36.4660
8.6386
34.2589
6.9738
21.8331
27.2147
31.5251
19.8009
22.6477
10.3965
4.7993
17.1101
6.7823
9.7374
38.8312
12.6097
13.6840
12.4219
8.9851
12.0423
30.8202
14.6049
20.7557
29.5167
53.5299
34.1805
6.1839
28.3140
4.4042
26.0438
9.5871
41.8915
16.3370
13.7841
23.1839
17.9232
9.1436
15.6132
14.4780
6.4088
14.2256
13.0246
12.6484
13.4471
21.5238
33.1324
17.8409
23.0750
19.9398
22.3080
28.9474
16.7675
19.2942
34.1443
27.0162
25.3587
36.8830
23.9369
32.2053
15.4913
7.2964
27.4000
6.6306
38.8608
24.1151
38.3856
42.3525
-2.6434
19.2402
34.4835
28.9866
5.3969
14.6126
29.0133
19.4402
22.2162
0.5937
28.7880
38.0876
17.0922
1.3081
34.9202
7.3210
43.1164
34.4264
25.4950
8.3188
22.7070
30.5208
10.1365
29.3277
32.1941
18.2957
40.1448
16.5504
33.5979
20.8474
29.1253
4.7008
22.7901
20.1144
26.6571
20.5498
11.8491
37.1762
36.0029
5.0860
41.0330
17.3490
2.6919
22.4315
20.4324
22.3490
43.4890
21.1281
-0.9751
11.7649
31.2233
11.1870
37.3245
36.9469
13.0232
11.2284
5.3432
1.1757
20.7925
19.5878
10.9427
13.9089
9.4692
8.8597
17.1209
19.4672
6.4163
15.9021
24.3923
19.3603
27.4845
14.3482
41.5617
25.7980
19.1221
7.7928
12.2852
20.7414
39.3689
13.8481
24.9322
12.7302
3.7688
24.5815
32.5406
36.7551
21.8421
2.1677
11.5275
21.0620
12.3282
15.0856
22.7425
42.6451
16.7909
3.7330
56.7816
14.7428
11.0478
16.7243
46.0524
12.0751
6.6305
12.9966
35.1221
27.2619
11.2220
15.7191
27.1063
13.3626
13.1492
17.6169
46.2254
26.9556
37.2787
13.3717
32.7378
46.7466
13.9637
24.9261
2.7236
6.5239
16.1685
33.5299
-2.0106
23.6322
33.0302
36.0670
-3.2066
13.9736
24.5895
18.5796
6.7450
10.3830
-2.0979
29.4276
11.8526
14.7390
19.2373
20.6622
25.4117
24.8790
5.7377
33.2512
4.8145
31.2609
27.9847
7.6106
25.2145
13.6172
-6.3506
7.9777
4.5625
7.9323
14.3808
-6.6321
14.8751
19.8872
11.0494
20.6368
26.0748
19.1407
21.2135
35.0892
33.1450
54.9748
13.3333
18.3323
22.5633
11.3270
41.6635
6.2829
17.2824
34.3506
6.7657
18.3492
49.1972
10.5711
24.6919
10.2877
23.0601
2.2212
12.0425
9.3907
11.6894
41.2745
19.5501
12.8002
30.7936
21.2848
14.8679
15.7540
13.6752
33.1757
22.1596
20.7170
19.9061
21.8199
34.4177
11.2621
12.9280
22.0024
26.2325
15.4693
22.5520
16.5563
25.3756
24.3980
9.8216
9.6121
22.6001
11.6405
12.9006
20.0024
11.0846
23.4413
17.2460
18.3722
-3.3389
19.6867
19.7401
20.8244
21.8429
27.3817
22.2466
21.3444
19.4662
20.8465
29.1243
20.0058
36.9118
20.3112
29.2960
16.2491
29.0633
29.3032
21.6477
21.3929
48.0543
20.6244
15.5110
14.7299
19.0867
13.1255
16.6605
25.4731
24.2996
20.4527
13.3271
11.4349
16.0694
23.9751
22.0470
14.0227
1.8575
-0.5884
18.7864
5.3325
33.9360
5.2504
19.4797
20.5901
19.3148
13.0178
10.3965
10.5876
33.6853
13.3212
15.5009
17.3210
3.4659
12.7757
16.4353
24.2220
35.7366
13.8703
20.3712
13.1375
20.9628
18.7748
12.6242
14.0731
15.3892
14.4544
9.0378
13.5998
14.7387
25.9277
-4.1251
13.2455
18.5876
16.5088
27.0841
7.6585
-2.4799
12.4993
16.2239
40.1539
9.8803
21.6374
24.4975
10.2918
27.6565
16.2338
22.0040
5.6331
43.6681
25.2343
18.4768
11.5811
15.0206
16.4034
16.8832
14.2118
14.1139
19.9245
58.2986
20.7634
23.0154
18.4553
15.0506
31.7017
34.1578
28.6703
4.4490
13.3824
18.9152
7.9661
18.0802
20.1903
26.3675
26.9476
12.7256
35.1946
29.9944
14.3384
8.9606
19.9452
26.9926
13.7360
9.2343
13.8386
24.9224
11.3322
13.5990
15.5665
9.0704
24.1106
7.7571
19.6703
16.8285
23.9662
1.1405
6.8534
17.8908
9.1786
7.8233
33.9410
25.9767
23.1580
14.4135
6.2482
8.9711
31.4022
6.4853
25.3766
9.6425
22.2123
4.1648
33.1064
24.4330
2.4125
10.8491
38.2309
1.9094
