46.5607
32.6420
24.9105
37.3466
25.7043
31.8260
33.2080
39.0829
33.5867
37.0869
28.2387
23.4641
36.2146
36.7415
37.5101
37.8776
36.5343
34.5794
44.7657
27.5405
41.3953
35.4686
37.7800
41.3601
32.2579
32.1929
43.4629
43.4109
34.6791
38.0270
36.1645
33.1544
36.7971
41.3724
33.0090
32.5989
38.1685
30.7377
23.0572
53.5103
32.3024
28.0484
46.6979
28.7194
28.0765
41.4577
32.8138
49.5923
48.2914
30.8601
28.2263
28.6434
21.9585
42.9998
30.5708
26.3174
27.5270
48.9685
28.8601
38.3171
46.0934
36.1372
41.0796
36.2164
30.8822
34.8282
35.3988
21.3526
31.8820
22.9072
31.5313
31.9572
40.9147
43.5606
72.0022
31.6572
29.2587
29.5002
32.0122
33.3551
23.5230
27.5463
34.9286
50.6242
24.7617
31.3050
40.3968
20.1815
27.7977
45.5536
19.9467
31.2796
37.3482
28.4142
34.1327
47.9776
33.1743
36.2520
44.1143
30.4294
35.8381
33.8351
22.1739
48.1887
32.8050
36.0775
28.5528
31.3465
38.4937
24.9725
25.3928
24.7417
27.0115
24.5935
36.9578
43.5326
26.4699
33.7128
51.6774
25.0379
25.8907
41.0719
35.3771
27.1635
40.0781
25.8189
37.3959
45.0458
38.1623
24.4428
33.7328
49.3646
34.3602
38.8107
42.5027
33.4548
26.0753
87.7878
30.6990
39.2037
29.9333
37.1389
32.1369
37.1730
25.9705
41.0662
54.0996
30.4785
31.9302
26.9643
32.8401
28.6706
31.6323
31.0132
35.8898
25.0695
27.8979
61.8119
41.8597
24.0540
52.8841
44.2179
38.2166
31.5097
24.5319
32.4586
48.5824
40.8751
41.0678
31.5880
49.7551
27.5242
30.9568
21.4911
36.0084
34.4484
31.1149
44.1612
30.4292
42.8690
30.5891
31.5736
33.2528
26.4309
26.7205
29.8209
30.5929
44.8552
34.2257
46.8284
22.4794
33.2186
43.3076
50.6117
20.4824
27.3971
40.3998
35.5081
60.2522
20.5861
21.8759
51.1818
34.5211
19.9296
30.6585
37.3900
47.8063
48.4726
26.3374
37.2846
22.3952
28.6260
45.9631
36.8773
25.0358
35.7266
29.6981
30.0412
20.4817
32.3596
31.7310
28.1249
35.7627
28.9854
31.7627
26.4605
27.9769
23.4388
27.4188
33.7624
16.8482
24.2818
28.7873
28.5856
24.0740
35.1441
33.5734
43.7369
22.1513
55.3640
45.6904
30.5483
29.0169
31.4717
34.1098
34.7670
46.5888
25.5662
42.1225
27.4957
37.7207
25.5357
38.4131
51.7256
40.8846
55.7931
25.4824
29.4530
30.5196
29.0097
22.1011
20.6327
24.9248
33.3884
31.2223
41.3507
30.1613
46.4769
38.5393
26.6711
31.3308
31.7997
52.1206
28.7649
27.4068
35.4767
39.7844
33.6817
36.7900
47.9775
27.8108
23.4466
22.2323
28.8681
65.5815
37.0072
67.1001
29.1421
43.0602
31.1281
30.8007
28.8555
48.2163
52.1907
34.7282
42.1916
23.8463
33.4358
21.2479
29.7535
20.2603
37.9183
54.6281
23.0444
40.1040
51.2620
34.0794
38.4015
37.1964
24.5322
26.7521
39.9186
34.0957
41.3541
37.9089
38.1257
49.0722
20.9270
38.8655
27.5659
34.0850
38.0940
48.9546
22.2825
30.6754
33.4445
45.5060
35.1997
24.3827
25.9764
45.0384
40.4025
39.5144
32.8144
31.4018
23.3402
31.7978
24.1915
27.8747
44.4710
29.3884
33.9122
26.4513
39.0615
35.0010
37.8534
33.7607
30.1759
26.6428
24.9899
39.1306
33.6237
28.6908
65.8972
64.1347
29.4151
32.9977
33.3685
38.5774
42.2270
31.2779
29.6674
33.4883
26.2071
59.7734
23.0377
24.3277
22.7823
25.6007
20.7274
22.9419
34.1257
34.1929
45.3734
30.7710
35.5913
28.0089
25.5835
41.1905
28.1233
33.5788
38.5950
37.0813
33.0179
19.3370
32.3327
23.6453
33.1314
61.7277
41.6720
31.1283
39.8521
36.4325
28.8735
28.5468
41.5149
36.8774
35.8591
31.9008
42.2024
24.4428
50.6855
38.4701
19.4852
30.7636
31.0088
36.4424
28.5150
36.8802
26.9365
31.7267
34.1386
13.1702
32.6675
44.7994
20.4647
30.7163
42.1472
25.2896
29.1335
32.5944
44.2989
23.6019
39.0256
28.9951
30.5569
19.3925
15.2687
33.9252
21.5103
25.6779
20.0736
35.9351
31.6366
41.9938
22.6852
35.0305
36.4954
36.1145
36.6966
30.5387
30.7814
22.1644
45.6266
37.7015
39.3476
36.7340
25.1923
36.9688
41.6417
21.7578
33.1345
40.6648
36.3921
40.8573
28.3298
25.4038
33.5127
54.8704
38.9018
43.2667
38.5889
23.7363
33.6864
36.6207
39.4774
23.0804
22.4437
31.4320
30.7035
46.5358
48.9841
32.6718
37.1435
25.9486
32.2248
29.1253
34.7046
45.9946
32.0621
33.4326
51.2942
33.2587
28.7119
37.7836
33.9172
25.9860
41.5255
50.3007
43.7175
29.8266
31.3376
32.5925
32.6233
37.1701
27.6888
29.5801
24.4115
41.2857
44.8100
31.6319
28.2456
37.1316
27.2708
43.6315
30.2677
25.0685
28.0125
24.7982
24.8357
38.8005
24.4630
44.7049
33.1911
33.4671
30.5294
39.0367
36.8889
29.9359
23.5964
23.8304
31.0320
38.5991
59.0701
26.4273
32.0250
32.1249
34.1895
35.1896
35.2291
49.8046
34.3871
43.7584
34.9891
35.9466
27.3528
41.4334
38.4239
45.8132
36.0202
39.5354
30.1570
25.7060
46.8523
40.0002
35.8953
30.7530
50.2256
31.3260
32.3609
27.6332
44.0358
29.8484
37.6923
44.1631
39.7259
24.5951
32.5238
31.4707
41.5612
34.7153
31.7410
38.3482
51.8817
38.4909
26.3988
32.1210
33.9958
14.5131
29.1199
44.6831
26.6566
16.4542
23.4529
22.9567
62.4968
40.6565
56.8254
44.2325
49.1362
27.8939
43.0307
26.9635
35.1384
29.2391
40.8302
37.6696
42.0006
41.7910
30.5396
30.8353
34.3601
22.3752
28.9329
62.8868
29.7532
26.0377
35.7770
33.7446
31.0500
36.3790
43.7030
42.1223
32.1904
49.9264
25.1688
29.5878
42.0864
56.4343
29.7582
37.6272
33.3875
27.8249
28.5747
34.0382
30.8729
34.1270
31.3191
28.1353
41.6568
31.1013
32.1308
22.7165
23.9009
38.3768
39.5071
46.6513
38.8499
41.6087
31.9659
53.0279
33.9171
33.8767
44.0028
36.9078
39.5211
35.7625
36.4166
38.1183
36.7250
51.6114
31.3732
38.4010
38.7880
62.2031
26.5003
24.5793
33.8405
29.8944
24.1121
36.0976
44.9615
22.8908
28.5486
26.1546
28.6443
32.1615
39.6664
31.5277
37.4346
24.4359
49.5437
37.8147
29.5187
32.7524
41.6588
28.0939
37.3135
27.4705
24.7845
34.2453
24.0655
33.0676
36.0017
41.3194
28.4155
29.6076
36.6541
32.4458
43.2100
36.3237
25.3346
44.4213
25.2227
28.3212
45.4164
22.4035
52.5336
36.0954
38.1193
35.4159
34.2368
36.8071
26.1425
22.2291
46.9794
30.1180
32.2973
24.5429
33.9627
30.4135
57.8490
17.1455
31.5718
38.0277
27.3890
28.9769
27.0388
37.6698
43.7914
46.6649
30.3354
40.9720
43.5731
30.6044
34.2683
34.9694
28.5073
33.4298
34.0258
27.3096
51.1593
49.7345
21.6436
49.0272
40.2001
35.4792
41.2141
28.6914
27.0222
30.1864
44.6617
31.7106
48.8908
34.1715
35.0635
29.3202
21.7817
44.7604
57.9160
23.8540
25.4481
36.0408
39.4909
30.0480
52.6055
25.8207
22.5647
24.6461
29.5114
32.4609
40.8367
37.4575
28.9881
31.1212
25.7233
32.0151
26.9733
38.5073
27.1122
21.2803
32.5890
28.8147
39.7428
34.1649
36.8725
17.5720
29.8462
25.1135
40.3471
31.2719
35.2900
31.8682
21.7687
32.8472
26.1025
31.2677
24.9749
24.9274
51.8245
38.0753
34.6502
46.1241
32.5835
17.6613
34.2929
34.9298
33.0068
27.7330
29.7169
33.5215
22.2589
24.9756
27.2660
47.7306
32.6195
36.7224
63.2647
24.6668
30.1650
25.8647
48.9566
22.0272
38.5843
31.2505
33.3157
31.5463
46.5381
38.8982
24.7660
40.3603
18.0664
28.8436
43.3041
34.7968
33.1431
31.6319
43.0464
38.1474
24.3055
26.9328
40.1671
28.5644
32.5500
24.2591
31.2297
49.4615
41.6271
29.1527
29.9949
54.5369
27.3628
49.9969
30.5967
29.1980
51.2620
42.3087
30.6928
27.6461
55.0090
46.3177
54.9085
33.8706
40.7545
32.4911
45.1891
39.4197
24.6547
25.3815
31.4527
32.2722
35.5444
36.2320
40.0715
26.7398
38.3167
35.9523
27.1024
21.2165
28.7858
22.1202
40.4038
30.7271
42.8757
43.5760
22.1357
29.6039
31.9400
32.6307
44.7341
28.3875
26.5107
34.3528
31.0417
46.6461
32.4102
31.9379
37.4865
48.6368
23.2392
25.4086
36.4767
34.3029
59.8647
42.4395
27.8547
30.1835
44.7525
28.0774
33.0385
57.6274
30.6307
36.9187
34.8169
36.0674
26.6776
36.7501
36.9809
33.4181
51.9649
54.1519
33.5149
46.5203
37.4983
39.1007
51.0385
34.1990
29.2325
34.5995
28.8427
39.8177
33.5352
29.2131
62.7457
33.1700
28.0517
41.8379
41.5619
24.4229
43.3979
25.3431
46.0458
53.6279
47.1717
42.1193
34.4988
30.6455
26.6035
29.3873
27.1404
35.8630
39.1611
32.6331
34.8151
41.8563
31.0932
36.9193
31.1601
34.0175
31.5609
46.0499
31.9933
47.6549
27.4600
25.5684
42.5303
30.7475
30.1629
36.9447
43.1797
48.2190
35.9777
26.1661
22.4115
25.7819
22.9844
37.2941
33.7023
35.6547
32.7985
41.0376
40.7356
41.6270
40.2723
29.2640
29.5782
40.0342
39.8568
38.4462
25.6302
32.5026
19.7004
22.9170
26.9983
35.7514
29.1025
30.3849
39.9271
28.1320
32.1677
49.3929
37.0076
46.7925
28.0589
24.9245
33.8987
43.1862
23.9133
32.4494
23.8252
39.8006
25.7192
41.9594
26.6458
35.3079
29.7647
40.9988
27.4489
34.6149
32.3237
30.4097
28.6458
35.3355
47.1455
43.5025
28.3202
78.3233
34.9564
37.7945
33.0040
36.1995
35.9529
31.4101
34.5129
56.5889
27.8612
38.1965
30.8973
33.4240
34.0321
31.4603
39.1822
21.0957
43.3604
52.2442
34.8964
27.4954
34.7678
28.3537
35.4447
21.4586
39.1027
30.7779
23.6017
27.3095
26.5888
41.4901
31.9518
29.2966
21.5883
24.2594
29.9723
27.7078
31.5651
37.8454
28.3361
34.2977
34.2646
40.8328
32.5077
46.0055
32.1724
50.8011
37.2801
65.6922
21.2673
41.0544
46.1145
47.5897
51.0506
39.9783
34.4009
44.1694
31.6264
42.6999
26.6430
27.4827
23.3729
34.2266
31.7008
34.8655
27.0429
44.4772
34.9071
31.8792
42.4489
44.2956
23.9169
38.7978
22.7312
23.2136
38.0587
29.5185
35.2640
50.0413
40.9739
29.2007
39.3518
26.0526
39.4911
37.2831
43.4141
26.1365
25.2019
28.8747
39.9864
27.7858
29.8511
47.3555
28.5121
41.9163
31.1343
44.0970
37.8906
47.7009
37.7608
39.5956
58.2475
31.2058
18.4325
32.7392
35.1759
29.6055
37.2634
24.2270
43.7385
50.5457
37.0550
31.1745
42.1613
29.1076
40.3218
23.4989
38.5777
37.5315
32.1142
35.2768
31.6698
26.8243
47.4829
36.2547
37.7873
30.4994
25.3961
34.3566
36.8932
50.1542
41.7041
39.5038
38.5254
30.8999
30.6181
30.7740
40.2586
35.4029
30.0192
27.8201
32.3644
35.8843
36.3607
31.4153
51.1867
41.3634
43.6618
39.6934
22.2207
25.6737
29.5645
32.5448
46.3788
57.3122
25.3414
26.7186
31.8908
26.0868
35.8679
25.3247
45.7104
40.6315
36.4547
34.9900
25.6468
27.8838
36.7405
31.6359
36.2129
28.2855
21.3593
36.7513
24.5617
51.2517
32.4861
32.2082
36.7538
32.4452
39.1188
35.8085
19.3041
31.1688
41.1897
32.8445
31.1328
39.1348
26.1686
39.7029
32.3884
35.3716
36.7188
30.0637
22.4385
42.1250
31.9753
44.7525
26.1355
35.1220
26.7261
23.2013
17.6568
35.2281
49.7616
38.2923
37.0607
29.8421
24.1605
45.8677
33.2739
41.9433
38.2306
36.8997
35.4059
33.0860
38.0292
42.0893
29.4555
22.6819
43.9900
27.3581
47.3803
46.8158
46.0296
41.6966
29.5768
36.9956
32.1130
25.3022
32.8696
33.6354
38.4833
34.9147
49.5551
33.6203
39.3280
29.1116
44.1582
32.1716
28.2760
39.4377
32.7178
42.3088
35.7943
28.8765
45.2084
29.4806
22.8401
45.8852
47.2030
35.8160
28.8473
43.7063
32.1467
24.9584
31.9123
40.8772
47.5560
37.0725
25.3019
21.8651
51.1284
21.4035
49.9348
44.3668
27.2719
50.3060
27.9248
36.4177
28.5254
32.4612
39.7858
38.4598
21.1901
22.8130
36.4800
53.1685
36.4414
43.8075
35.1983
26.4773
25.8642
34.3315
27.7054
31.1784
37.0940
34.7824
37.0499
27.7454
46.5665
31.2245
17.3824
37.4993
36.3412
23.9241
27.0520
32.5108
36.0653
38.1455
31.8442
26.8364
57.6513
23.6266
43.1670
33.3874
30.8655
36.2800
35.2436
25.9105
32.6113
36.3034
42.6538
28.3689
24.9937
26.1316
57.9255
36.5300
47.3593
33.1980
33.7872
38.6070
36.7323
39.7530
25.6090
43.7000
45.4547
40.9458
31.4242
43.6918
29.9241
23.4342
20.7207
36.0332
21.1113
47.6097
40.0151
37.7272
27.9997
20.8031
37.1067
43.9424
29.3468
42.8015
32.7514
21.8190
29.0693
68.6841
34.9117
50.6814
34.1117
40.5260
56.9860
78.3564
35.1273
33.3180
37.6313
27.5781
36.9013
23.3538
26.3896
35.3284
34.4746
17.9953
43.6656
64.5344
30.4214
35.4041
31.2211
25.7401
45.8801
29.0049
37.5452
43.3453
38.4229
68.2805
17.7537
41.1364
32.5362
40.4366
32.5866
35.0469
30.2721
41.9259
30.6352
78.4643
24.8743
28.8701
59.3564
33.4975
33.3076
33.3355
29.0674
18.3224
30.0021
48.7680
35.9221
29.7275
28.0186
28.3766
40.4433
36.1515
42.8069
45.0156
36.3765
25.5719
35.8458
37.7896
25.1760
35.1421
33.0227
29.3092
42.1118
44.0997
30.4622
25.9074
31.0278
29.5219
27.1377
24.8826
39.1394
31.8618
54.6077
31.6029
47.7576
59.2980
52.8233
39.2858
34.8086
24.5164
18.3304
17.3591
23.1163
47.6378
41.6708
34.7597
38.2226
29.5758
26.0672
41.2665
17.7804
48.7908
20.3751
33.1883
43.0952
60.9887
32.7838
34.6292
43.0629
31.5626
31.4310
38.3977
49.8007
48.3932
48.5383
30.9849
31.2960
34.8520
21.0619
34.5187
28.1540
33.7012
31.9749
28.3257
34.5945
43.4727
30.4813
33.2454
25.3807
29.3680
37.1261
63.3185
30.8916
35.8119
41.7078
58.1013
42.9538
36.6381
31.4217
41.2776
36.9126
41.3968
31.0403
34.5101
33.3089
22.9998
34.6300
22.4750
41.3238
24.8502
41.3305
33.8371
25.2714
47.7131
28.2375
29.7363
27.9103
29.8192
43.5023
41.0649
28.6299
45.0026
42.5173
33.8480
27.4352
33.3356
24.2904
32.5614
27.5976
31.0313
27.6370
40.8550
28.5581
27.7273
23.1405
32.4122
33.9640
32.2305
21.0063
36.5757
33.9141
23.1122
39.5279
37.7717
28.3565
53.4941
44.5881
23.1501
44.1574
37.4428
26.2143
35.1513
37.2170
39.5153
35.7918
40.1140
30.8483
32.0215
26.6980
29.8845
33.6502
28.4120
36.3772
38.8450
36.5706
32.5892
18.7592
36.9289
32.4931
27.7508
33.5339
18.5604
34.9265
55.4251
29.3213
31.0217
31.4961
38.1207
21.3972
30.3953
27.9598
33.4327
45.2102
29.9579
33.6288
32.6548
36.0724
33.3860
32.5911
30.6690
31.4102
37.0827
30.5735
36.5743
25.2414
26.5111
41.5553
52.4953
35.4852
28.5926
45.9584
39.2215
31.1598
35.6954
26.0668
30.1301
27.8869
30.9060
22.2669
29.9423
25.7639
17.8091
24.2734
25.3121
18.3256
28.2733
19.3994
58.1962
48.5494
30.2012
29.7623
35.6514
26.4536
35.6943
22.8128
27.1329
39.2162
45.6045
68.2604
25.9689
27.0170
43.2028
26.3128
29.8614
33.1870
34.3384
25.9082
23.8769
36.2572
28.8263
29.4872
18.8894
33.1015
30.2120
25.5820
27.9659
39.1807
34.0102
28.5085
24.3044
33.6268
47.9667
22.2752
46.6683
48.3082
35.2771
50.0788
51.7426
28.4144
42.0991
34.0923
77.6588
42.4021
39.2084
29.8955
36.7853
35.7374
18.4578
23.6614
22.5537
23.9048
13.7350
12.9510
29.5430
24.8603
61.7555
35.5813
22.4534
33.4339
37.6668
56.0619
44.9754
30.5482
38.9013
45.6619
25.7776
37.6538
41.7605
38.9574
37.0617
27.9247
36.5171
45.2897
31.8430
18.4140
25.1993
31.0804
61.7961
31.2956
35.4412
28.8908
33.4749
41.9056
27.1722
44.3615
31.4099
26.6886
32.9528
27.3895
16.8430
29.8333
32.7877
47.8783
29.4610
47.1217
45.4584
22.1821
32.9083
34.1887
32.6998
29.9743
33.7705
25.8871
37.6686
35.3941
28.0230
30.3107
30.7348
35.3252
57.1826
33.1551
28.7666
28.4364
47.3145
31.9814
25.7262
32.7069
35.4777
39.1758
35.1665
33.6801
31.1453
70.9179
30.1225
38.6123
28.8942
42.4003
23.7663
53.0164
31.7664
51.1871
37.8715
26.6980
31.0893
29.8354
32.4921
31.3508
32.6623
36.4309
50.2535
40.6562
49.0010
32.0973
41.3295
28.6843
40.7664
25.8872
46.2240
33.7303
51.8391
36.3707
59.7280
49.1026
42.3262
37.5064
41.9233
28.1899
29.2580
18.2180
45.1155
32.1370
46.6793
68.5447
26.7824
26.8629
30.1676
20.9393
39.7009
38.2559
36.0250
36.9794
26.3567
31.2797
26.9509
33.6139
28.7588
30.4822
19.6960
29.6064
35.6792
36.8954
35.2428
25.7022
47.0136
31.7529
38.7829
45.9796
28.4644
32.2158
42.3656
23.8196
41.8872
35.9857
30.4905
27.7431
36.2745
36.6171
37.1176
33.7491
33.6328
33.7048
56.7962
44.6183
37.3817
30.2583
72.6562
35.3010
17.8567
28.2933
41.1381
20.6282
21.5020
34.2024
38.4651
39.3245
30.3765
44.2147
30.2997
51.0632
33.1360
27.1013
50.5097
28.1514
30.7821
39.0085
19.2669
49.9978
34.1840
30.3723
41.5194
34.6324
19.7843
30.7334
29.6759
16.8287
21.9922
27.5148
36.7174
30.0010
40.0078
38.9586
38.4145
44.6539
48.1590
39.2048
38.1193
37.9530
29.4365
37.2726
34.4785
43.3434
24.9682
38.9931
28.2020
26.9692
28.8235
27.7286
27.0235
47.7098
39.0600
36.9873
32.6092
25.8503
36.3600
55.1204
44.8092
27.6890
28.0438
36.9509
33.5256
36.9463
42.6007
29.8662
45.3749
33.1279
40.9364
68.6972
29.5003
34.1737
34.2597
40.4882
24.9311
34.9907
10.7645
46.0675
22.0541
27.8600
50.9689
31.3428
24.1218
36.4366
26.5524
28.4968
23.3300
34.1482
27.6144
72.5343
25.4291
20.9054
29.4091
24.1236
24.6942
37.3062
32.8756
28.5715
45.2950
45.7508
26.9116
50.4326
32.8147
29.5839
27.4873
34.3589
32.3698
33.1644
38.6169
38.3268
24.9244
44.1188
29.3200
25.2523
42.8653
30.8303
35.2913
32.9596
34.3853
39.0696
37.3349
19.1883
35.9375
41.5439
41.4792
26.3053
43.3518
35.9940
33.0521
38.0976
34.6528
40.0380
28.9707
30.3561
32.4115
32.6691
38.2443
33.7587
38.9292
22.2271
19.5274
35.2847
43.6384
40.8778
37.0964
38.0154
28.5826
29.4078
38.6104
38.1965
21.7296
34.6642
31.5678
26.4692
35.0013
40.1109
21.7382
31.0160
35.0594
29.0964
33.8778
41.6910
40.7091
28.9757
40.9925
56.5813
23.4328
36.6107
36.7337
29.9507
34.4232
28.9175
27.8782
44.1703
33.7194
58.7035
44.6779
35.2726
46.4685
30.8369
28.2839
45.6408
31.7268
36.1342
27.8836
25.5114
30.4055
40.6315
48.3974
33.5794
50.3361
37.7995
31.2304
36.6040
37.4840
35.4292
52.3888
40.4825
46.6641
37.7709
48.4071
54.0580
47.8096
50.9709
53.2480
48.9356
27.0361
33.5100
28.4113
30.2557
47.4321
24.4123
31.1225
39.8816
43.1009
46.2632
37.7674
28.7107
34.6263
40.1571
41.7388
45.5555
38.1212
39.7562
60.2794
32.6669
53.0079
21.8868
42.0866
44.8445
30.9771
36.3033
40.7360
31.4280
32.4730
30.5390
30.1206
40.4402
31.6810
42.1045
24.4309
40.6395
24.9104
27.2712
58.5321
48.9333
43.7685
24.3830
29.9134
42.5413
37.7324
24.6627
39.2773
30.4708
34.5320
43.8473
23.8980
32.5732
49.3652
34.2332
39.3714
30.0484
41.1481
21.9018
30.8324
29.9419
32.5407
41.1566
21.7027
40.8959
63.1330
25.7782
49.2129
39.0118
49.2330
73.8753
32.3533
23.8638
26.3659
22.5003
32.9332
48.0407
42.5450
41.2736
26.7784
29.5204
42.5093
34.7636
36.1843
23.5307
28.8822
32.2747
42.3859
31.6777
59.6555
43.1227
52.4017
42.7501
25.3939
30.5206
34.8218
32.1516
23.2306
29.7904
47.3692
37.9570
33.7313
56.2034
26.8769
29.0334
31.1817
29.4855
46.4226
41.0236
27.0102
33.3010
28.7660
37.4708
33.7205
31.7033
32.1357
31.9357
27.5946
30.4458
28.5360
65.3230
37.3706
40.0140
35.7242
32.8928
22.2950
26.3900
33.6524
27.0932
19.1006
28.3134
23.0064
22.1347
31.1755
36.8865
23.5637
33.9822
33.0965
28.3889
18.7276
31.5459
31.7293
29.5632
31.9269
36.1934
32.3948
37.4184
17.0739
35.9343
33.6306
37.0537
44.5622
35.0942
29.5115
29.9989
32.6857
34.6149
61.0741
22.0032
27.3560
40.5054
37.3589
45.4985
31.9132
24.0559
33.0063
45.2389
41.3779
21.0921
33.3359
38.5090
42.7842
31.9403
35.4673
46.3673
34.4807
25.0666
28.1078
29.9396
19.1603
51.1388
53.3032
27.4617
33.4368
32.8093
42.6482
23.8726
31.1531
29.1440
41.6489
35.1124
32.5585
38.7497
32.6477
29.3938
27.8786
30.7596
33.4974
28.0939
50.9346
38.1449
38.0450
33.7924
44.7557
36.5466
38.6694
47.9037
22.1187
44.9153
35.7880
41.8866
36.1586
24.8214
41.2166
37.6057
22.7123
20.3536
22.8436
47.6310
41.1945
37.7149
31.3985
29.3277
37.0303
26.2545
48.1543
39.6186
22.6936
20.3909
63.2945
26.9416
35.0003
35.7033
32.2086
39.5133
34.5306
29.2040
43.8632
44.2559
25.9462
36.1663
38.0589
31.5257
43.9632
33.3927
27.2069
37.3210
38.7824
35.7874
28.4177
36.1874
35.1381
52.4689
31.4983
29.6417
41.0002
37.5713
27.0776
20.3718
38.5074
28.8586
29.8996
22.0899
29.6001
31.0061
38.6464
41.3368
28.5765
29.9650
40.9164
65.1631
27.8930
27.9320
26.5018
28.8264
60.8415
29.3026
37.4326
36.3034
32.5638
29.1209
28.3878
34.0831
36.3052
35.8567
40.2410
37.3551
28.6082
35.8882
29.8030
27.9796
30.3559
38.0411
36.8981
48.0075
29.5965
41.6496
30.0473
30.8770
22.7294
26.5513
32.8786
34.9859
32.5187
26.6472
46.7225
25.4798
24.6272
41.7236
34.5251
30.6760
40.6999
46.8868
28.2277
37.3752
33.8145
41.6008
31.3206
49.4133
45.8207
29.7670
33.9079
37.6038
52.7153
34.0336
25.7422
28.2322
42.8746
45.8544
37.9037
36.3782
42.4759
37.8888
49.0710
31.8439
49.5649
36.5525
29.7494
26.2304
38.5751
31.6004
22.7594
23.0984
44.6343
32.0481
31.8760
21.0345
29.4328
37.2218
42.4704
36.5921
35.3619
26.7202
31.5667
34.9634
22.8930
29.0592
32.5818
23.7879
36.2625
30.8295
36.0777
29.0406
26.9617
48.9924
34.5797
33.3972
24.5166
42.1594
27.6444
40.6747
69.3619
22.1999
25.6822
36.1186
43.1581
29.5147
24.7732
33.6923
28.6360
33.1147
38.5988
38.8288
39.9136
38.1138
45.6985
26.4714
25.2447
32.1248
38.4454
38.8293
34.2514
35.3264
57.7522
31.9623
26.4827
26.5360
36.6308
37.1624
54.9816
42.0320
33.2180
43.3784
36.0102
19.5993
43.0276
32.4075
31.3661
34.9045
36.9492
26.4172
33.1903
38.8276
40.1698
33.5902
45.3566
28.8490
30.3509
38.3117
32.5239
35.3151
43.8002
41.2307
39.2013
24.9711
44.5212
51.4150
44.0759
44.5286
32.7703
35.9170
36.2822
21.4780
29.6895
31.6701
39.7673
28.5150
17.3198
31.3503
21.1568
33.4409
61.9869
36.7816
34.3404
36.5774
34.9910
42.7039
51.3186
45.3134
36.3123
37.9343
35.2190
45.1934
35.0059
23.9743
31.1111
39.7076
29.1525
32.0268
27.2957
27.8580
28.6927
33.0848
40.0143
37.4305
32.3982
51.6601
29.6514
43.7529
29.4137
37.4587
30.8090
33.8727
57.7104
32.5053
28.6786
34.2560
27.4418
43.6123
43.3158
29.6458
47.9480
36.1593
35.9512
13.1186
47.6504
41.3986
30.9576
32.9025
26.1390
41.2283
31.1214
23.9344
29.8820
42.2167
30.4412
60.0504
37.6764
46.0718
32.4504
35.9271
43.0479
26.7793
24.0315
28.2930
53.4574
38.2679
29.3565
49.6445
38.0432
42.3124
46.0507
28.2127
29.8781
37.7006
33.5135
31.7665
40.2727
42.7482
42.7421
34.7763
37.6856
35.0848
37.9539
35.3344
42.9197
28.7909
20.7553
21.8176
25.6225
33.9602
35.2744
41.4226
32.2674
31.1747
24.1716
34.2067
28.0533
32.5174
31.0325
34.2113
24.5390
48.6100
31.7208
28.8833
27.7369
28.9558
33.3715
33.5911
34.1564
39.7924
33.1135
37.3275
34.4136
26.2808
41.6664
36.4773
30.6496
34.2810
33.4540
25.8130
29.4697
35.2439
31.6836
43.3049
46.4317
31.2970
35.3008
29.0295
40.0277
22.2942
47.9227
28.8789
35.6698
50.5790
22.5275
46.5433
46.0588
10.7864
26.9120
26.3203
17.7099
26.3051
27.4505
43.3706
52.9626
42.1533
36.3237
53.1264
40.7006
38.0556
21.2461
49.6456
27.6779
27.4675
28.5138
24.5593
28.2103
22.2030
26.7426
35.4946
57.5779
33.2175
28.5290
43.3229
25.4595
45.9045
27.4946
43.9691
72.9030
31.3095
32.2260
34.2025
34.3279
33.6495
34.7237
32.5671
34.7228
50.9512
38.5225
30.0790
33.3573
35.5608
29.7446
27.5797
29.7550
44.1754
43.5375
22.0809
56.6617
22.1448
36.1688
41.6148
23.7824
44.7881
44.4330
30.1640
37.6968
43.5130
26.3981
50.7607
39.4938
24.4588
54.1953
34.2575
36.4973
38.4895
26.2884
40.7493
31.1190
39.4429
31.8412
37.7455
35.6353
44.3583
30.8744
31.8741
34.4170
39.0469
31.4195
36.9886
28.5035
30.0617
26.0329
23.1328
26.5724
33.2244
30.9309
32.4437
38.1641
25.3702
49.8366
34.9196
32.8804
43.7519
45.3440
18.8769
37.4409
36.2231
45.6691
35.4152
36.0592
36.6752
40.7883
21.8305
41.0755
32.6417
32.2189
47.0637
27.2006
33.5236
62.7981
34.2520
19.1339
28.9067
33.5995
25.5497
41.1614
33.4216
27.0106
36.7023
42.4372
25.0557
33.2118
39.7516
33.5060
38.6312
38.6126
22.2060
42.5552
33.9911
50.3712
34.9102
56.7097
27.4290
21.8758
30.0689
28.7867
28.3951
32.4811
38.1962
30.3034
38.7215
30.1911
29.6242
29.0529
25.0752
29.5962
28.2214
44.2783
43.9017
35.4311
20.8030
25.4589
36.1299
31.0354
40.5387
42.9503
30.4494
36.6948
56.2674
50.3485
20.2995
29.6753
24.3623
40.8030
30.2156
32.9495
37.7210
35.4621
34.7676
20.3546
23.9288
31.5122
38.0311
30.9479
24.3720
28.0490
31.2160
45.7066
28.5420
54.2334
49.8349
31.4832
25.3004
34.2114
21.1942
33.5875
25.3333
43.6189
36.8805
46.9286
41.1180
40.2295
30.1762
29.3659
28.9713
55.5197
30.1000
48.0928
19.3371
28.5142
51.5514
44.6306
32.9729
27.0405
44.0838
40.1202
40.2037
48.0031
37.7870
34.3797
24.5224
50.2679
26.7821
27.6308
35.6412
42.9931
30.8470
34.8779
40.4629
38.8825
54.5555
43.3426
38.1739
41.2917
20.5206
28.6749
38.4094
29.9354
28.7069
36.2228
45.6683
33.8269
34.7701
35.9089
30.7387
35.9673
51.7897
32.3094
49.8312
38.6280
34.4103
48.7034
45.7608
32.9133
40.6938
28.5608
24.6426
32.7795
20.1076
42.2136
33.8077
32.7114
32.0097
30.4364
35.0479
31.5488
48.0930
29.5363
31.0631
32.1406
32.9017
29.3878
28.7158
21.5138
43.4801
28.0921
21.5949
23.3073
35.8532
26.3100
31.1735
40.8976
31.7387
30.9028
47.9532
21.2430
30.4774
27.5180
26.8654
34.9444
37.6595
34.8691
35.7477
43.3777
36.7982
43.2951
30.1338
34.1111
48.9735
43.0707
35.8385
31.1611
22.4703
34.7321
30.3352
33.2839
31.4034
35.7625
39.3371
32.8738
21.5697
25.8206
40.9352
25.8012
38.1575
61.6137
48.8463
33.5267
28.1385
28.1417
27.8584
30.0234
24.9499
35.5863
31.2172
34.7457
42.6885
34.9629
33.4500
30.8120
26.4439
27.2516
28.4926
35.8879
39.9474
32.8458
45.9991
48.3769
27.3279
47.1633
24.8268
31.4985
31.7510
49.9752
27.5985
53.0088
48.8754
34.9408
33.3732
28.2447
31.6284
31.6074
37.2047
42.4549
27.3462
30.2509
28.3276
21.2450
40.0747
31.1183
27.5605
39.0805
31.2692
46.4112
57.5697
36.7387
40.2767
62.4161
31.3873
36.5871
33.5058
30.0773
34.5902
37.8541
30.8394
27.0582
28.2491
19.4712
36.2125
32.9692
35.0662
38.9632
65.6095
28.3007
39.9112
36.2363
42.2092
26.1917
27.0015
48.2139
26.9712
40.0048
38.2538
31.6005
29.1465
57.6149
37.4376
37.4030
24.0537
50.7339
52.4242
31.1578
24.3812
52.5037
40.6569
38.6276
32.1449
28.2753
36.3468
36.5397
30.8555
34.0712
30.3025
28.6727
53.2064
31.0382
34.0941
17.8862
26.1004
33.4903
37.0311
27.6024
25.9204
26.5867
28.3218
36.3541
43.1349
31.7153
45.1014
36.3151
40.7642
31.3047
24.8534
33.4951
30.4698
27.1466
25.4203
44.6435
34.5170
20.6600
33.4430
30.0412
44.1294
32.6195
36.7706
22.1338
19.4093
61.4043
40.7639
32.5095
24.6182
40.2339
27.8178
30.6911
46.2198
36.8762
48.4106
39.3147
61.6953
31.6921
32.8258
35.6099
38.0502
24.3846
32.1408
24.2945
50.7502
34.5151
28.4199
32.7992
24.2947
31.6403
38.3528
35.4746
44.7734
25.4337
33.1084
41.3407
27.3270
34.2201
29.3727
37.3667
51.0337
32.8974
26.4268
31.0748
36.9180
45.1500
37.5298
91.3839
32.9247
21.2979
25.7479
47.6512
40.0752
52.0813
32.1942
56.3672
32.5209
32.2946
33.7352
21.7861
23.5171
27.4189
26.0632
34.8492
36.1346
23.4938
34.7424
46.9757
34.4555
43.2018
29.9370
27.0777
38.6777
30.6197
22.9409
30.6968
34.2227
32.8729
32.5612
30.5517
43.8133
35.7983
29.7580
24.6139
27.2924
33.7871
41.1825
51.1160
27.6661
35.1587
37.6490
34.2008
24.4147
35.3607
28.8333
47.8087
31.8238
45.1962
25.5437
44.3985
40.3685
32.7800
48.7736
26.1391
50.6812
33.4818
30.8422
36.3759
35.3340
35.0977
33.2187
35.1872
30.6863
21.1615
34.4743
43.3180
32.8440
28.4919
35.3005
40.0569
31.8586
35.8027
37.0928
28.7893
30.5046
32.8519
36.9644
43.8177
49.4894
31.5783
32.8931
38.1329
44.4114
30.6011
37.4071
25.3334
47.0923
40.1185
35.7347
33.4630
39.9932
41.3752
22.9312
45.6075
34.7503
34.4329
31.6140
31.9935
47.0299
50.8730
56.2963
33.1307
41.8686
45.5777
40.9237
54.4327
32.5938
31.3596
34.4705
23.7454
35.2568
36.2707
27.6307
39.4278
34.9834
23.9134
36.5245
31.1100
32.4215
28.0337
28.8389
23.8292
27.4252
39.3127
25.4990
32.1502
45.2576
27.8194
27.5728
35.8554
33.7654
47.6702
38.5308
38.1764
29.3201
32.1678
27.1796
20.2371
33.7147
32.9973
25.3320
29.6522
31.6996
38.2924
26.7158
42.9397
33.5021
28.2301
32.8554
32.9482
36.1405
25.8317
27.6553
26.0412
48.7075
34.6350
33.6262
30.5932
34.7097
43.4059
33.3857
35.1144
36.8986
49.1194
32.3042
31.8804
28.8650
20.2911
41.7018
26.4283
33.6561
32.1697
31.9899
24.0309
31.0652
36.0709
32.6249
30.7511
31.6326
29.1002
43.9077
45.2116
37.3139
48.3283
55.4831
33.6269
43.9327
33.8265
23.7481
31.5718
77.3172
42.6211
41.9706
33.4230
21.4674
36.5491
27.6799
34.8533
33.7028
29.2108
26.3151
47.5331
44.2561
40.3009
22.4590
26.0225
41.7035
48.1200
42.9669
27.7206
33.3040
39.3714
30.0837
34.2951
37.8220
26.6537
40.1512
38.7722
50.8265
36.6931
22.6867
28.7362
37.8739
29.8027
19.2825
39.3261
34.4351
22.7998
34.7766
29.0921
30.6753
34.3592
43.0121
56.7344
44.6198
39.1057
37.6661
27.4488
32.0519
36.6069
25.3073
27.4953
26.1488
27.6874
26.6709
42.4398
42.4043
65.3375
19.9324
45.8042
30.0302
33.6119
28.2183
29.6480
29.1145
29.9672
36.1970
29.7092
25.5579
36.4993
30.1467
32.4262
32.5411
55.2341
22.4831
44.5700
27.8046
30.0771
38.7109
23.7045
40.5837
31.7652
18.2798
30.2957
31.0586
30.5815
32.6636
46.3226
43.4975
29.6811
27.8657
30.3985
30.6518
34.9665
42.7272
48.5928
30.7732
37.4349
40.0954
23.0711
32.8298
35.4046
28.0584
28.2244
34.8607
33.3028
33.4992
39.3575
32.5166
34.2674
44.7639
31.7550
35.9058
34.7409
29.0584
37.7174
39.3515
45.2918
33.4399
29.6784
50.3770
32.1960
25.3225
30.6446
28.4115
21.5546
29.9165
33.8328
32.0377
41.0532
59.7814
22.7645
31.5715
34.7538
27.8556
21.3243
27.2537
23.7430
41.5661
21.5293
25.7055
36.4379
33.5442
18.2305
30.9664
37.6788
34.2938
24.8481
43.1219
39.0826
35.6842
43.1735
27.5659
38.9581
31.2373
42.7475
31.8470
25.7070
35.2675
33.6447
36.3640
36.4477
35.8041
40.1275
27.1605
21.7823
38.8294
27.9896
34.9571
24.4737
29.6411
25.1235
31.2527
29.6817
41.2197
31.7086
44.0985
33.1248
43.8583
36.9180
38.3749
37.2225
36.1441
24.8621
30.0342
37.7065
18.2807
45.4090
40.3040
37.5056
30.2097
29.4906
31.6865
42.7510
28.6854
24.1537
24.7243
43.3977
21.2831
35.5739
27.0148
57.3791
39.8217
35.9575
36.9694
33.1290
38.3750
23.3675
37.0109
55.8622
25.5142
39.8592
30.9945
30.0509
43.6081
23.3487
34.4016
30.4517
38.6836
30.5506
67.9685
58.8761
31.1217
35.3125
28.4015
35.3110
27.7466
27.8853
30.8698
34.7222
43.9320
26.7407
28.0148
31.8856
29.4926
36.6543
37.8389
32.7943
35.2102
30.0338
18.5630
26.9478
25.3331
31.5781
11.8814
27.5922
34.4380
37.5931
28.8594
42.6670
32.5509
17.4295
24.9377
27.0258
62.4633
29.1947
38.8890
23.2918
38.1011
29.5549
30.6207
43.0039
25.5674
32.4143
30.7041
34.5594
20.7773
31.2467
32.8920
35.0094
51.4760
38.6647
27.6386
30.1232
35.5309
25.4988
29.4070
42.6062
33.9616
35.7538
32.2522
32.3037
30.3732
44.7288
30.8601
28.6184
16.8232
33.5616
39.4602
24.2816
30.4439
29.7384
34.2239
52.3421
23.1924
26.5127
30.4926
38.6485
46.2725
28.2631
26.3679
29.9201
33.2404
42.5743
55.7515
40.6932
30.0685
37.9898
31.2667
27.1503
31.7184
37.8161
29.5221
24.4538
36.9003
28.0693
31.4878
44.3711
30.6695
34.1528
36.6660
39.6046
36.4902
32.7528
34.5854
29.9245
53.1691
31.5673
31.3535
33.8963
40.9121
38.7924
53.7471
31.0554
36.9141
36.1076
33.0044
31.8594
47.8421
47.2253
27.7400
25.1021
18.8675
34.6651
32.8332
26.2433
36.0197
27.7240
32.3876
38.3559
42.6511
47.1411
40.5547
43.2560
32.1218
53.0815
22.5195
35.2444
23.9823
22.8477
32.0858
29.6531
33.1778
39.0298
29.0938
49.1476
31.3676
23.3473
35.7380
34.8561
28.9232
37.1910
29.6535
32.6471
27.6836
26.9995
57.8131
20.9735
27.8544
34.6722
34.5755
35.6911
43.5536
32.4164
47.9932
30.7680
48.2708
31.3530
33.1177
31.7934
29.4687
15.4757
22.4604
32.0506
30.3264
27.9661
40.8392
29.4877
34.9229
32.9539
30.3811
39.2692
60.7906
32.6852
31.1799
44.6880
30.7850
37.9212
27.1168
27.1703
31.5919
36.0076
32.6885
31.7559
33.7755
45.5509
49.2143
43.0092
35.9836
24.8834
21.9490
31.9601
28.6502
32.9311
31.1289
31.2606
26.6097
40.8919
22.1821
23.8048
26.8130
35.6558
33.7577
29.7318
43.0754
29.3315
34.2267
26.8900
32.8200
31.0725
30.7333
31.8297
40.5301
32.0424
38.4110
43.4555
33.9101
52.2330
21.7647
28.3280
36.9523
25.5737
40.6925
26.4103
31.7021
28.3462
18.5654
27.7195
45.0594
34.7159
43.9539
35.6780
23.1693
36.0882
48.0457
36.7957
40.3827
33.3442
57.3880
40.2229
27.1209
48.1573
31.4865
19.3026
31.5546
34.7143
22.3122
29.4252
20.8211
38.0534
26.0010
22.9469
34.4264
40.2394
31.9718
29.7432
36.8555
31.3051
26.6083
33.2061
55.2906
37.1439
25.5752
27.8804
36.2390
28.5336
31.7649
42.2498
31.6530
32.6669
29.2654
35.7715
22.3831
31.4264
20.8543
31.4095
39.6984
28.6496
44.5368
36.6323
31.6640
47.1246
43.3414
41.6576
24.8227
34.8076
33.3930
43.2531
28.5878
37.8851
69.4476
27.2072
21.4639
26.3150
42.5305
26.2405
22.1353
31.2037
26.4016
40.2684
28.1639
31.7471
40.0666
30.9555
45.5059
34.7804
39.1925
32.1879
38.1346
55.5796
44.8371
27.7906
24.9548
36.3491
33.7736
23.6517
38.4629
40.3578
36.4323
45.9196
39.3582
24.7595
30.1690
30.2324
31.8141
38.2395
28.8041
34.8858
32.1170
49.0458
31.4515
40.7235
26.5105
25.9353
32.4971
37.5818
33.6771
33.3624
33.6110
27.5027
41.0068
38.0579
34.7917
22.2693
37.6685
34.3335
43.2863
43.7792
31.4773
40.9685
29.6469
34.5202
39.3333
25.7113
32.5789
46.2039
21.0163
27.4655
35.5732
31.6619
23.2261
41.2287
24.4357
31.3434
37.1219
42.1144
38.6165
48.8685
32.1026
18.1070
23.8329
33.8383
29.0072
50.9703
43.0086
31.2933
44.6088
29.6463
31.1979
27.2692
35.1350
39.0116
30.9771
21.4852
23.2588
31.7537
32.2235
25.9304
33.4761
32.0274
35.4403
36.0374
33.5048
31.0206
32.6463
29.9167
28.6599
41.2689
34.6104
33.2297
29.8405
36.1633
27.7612
28.5480
26.5380
30.8086
50.0465
43.9681
49.7564
24.8280
22.3605
24.3282
40.9773
35.3600
27.9817
28.0448
33.0369
42.6410
28.2217
36.4307
34.7572
28.6780
33.4914
13.5838
30.7016
35.2599
37.2732
38.5989
28.5097
41.5835
46.4197
35.3941
43.1313
59.0415
49.1941
24.8627
33.1849
28.0786
21.5605
44.2641
34.6192
42.2615
29.6430
28.1617
31.0792
32.4019
52.7669
22.4996
24.9927
25.7296
30.9727
27.6790
41.1871
28.3236
29.9700
30.9305
30.6785
29.9661
30.6214
42.4539
41.5174
29.3236
26.5340
26.0346
29.4474
41.8257
27.0014
29.7799
27.2646
42.1994
27.9770
39.7718
23.6774
48.9198
27.4150
28.7912
43.1403
33.1256
36.4921
45.4549
34.6666
34.4758
27.8022
45.2884
36.2401
32.9213
53.8799
27.9149
40.5132
20.3105
26.5315
33.4049
38.8833
22.4614
29.8985
22.3769
38.3163
26.9837
34.5915
30.7853
43.4672
31.2796
22.8703
19.1747
38.5631
33.5604
38.7581
29.3082
34.5843
37.7521
39.4324
37.1476
26.5250
42.8805
44.0176
32.3502
29.5544
37.4332
26.1780
40.9978
37.2294
44.0576
30.1203
26.6406
44.0827
27.2495
27.1817
30.7328
34.6716
42.9946
29.2600
40.7527
32.3788
35.9522
28.8691
32.7226
26.6198
36.0330
30.8288
25.9718
25.9081
19.3825
36.5506
29.4774
35.0099
36.4896
31.8233
34.6047
34.8049
42.6711
28.8637
30.0876
41.6900
43.0380
27.8863
37.6211
39.0599
36.3341
32.9610
50.8506
22.7362
51.3837
29.1616
40.6498
49.3513
29.1545
38.6390
41.3469
37.5108
31.1963
33.2682
30.7963
27.0438
23.3418
25.2106
46.4311
36.2762
31.9913
24.3475
26.9654
29.6149
38.5931
28.0261
41.4201
35.4224
27.5489
37.1242
21.7605
22.0916
34.8964
41.8613
26.5456
27.4036
29.5089
48.3575
26.4050
24.2903
39.5359
41.9498
39.1637
28.2975
49.7764
35.0524
25.3743
36.4173
32.9759
27.0438
34.5562
36.9626
27.0875
23.4551
32.2043
25.4902
33.1808
30.6956
39.7462
22.4124
34.1554
42.5388
29.9393
20.8395
27.6147
26.1555
18.7883
34.1753
57.4716
32.2273
34.3650
39.4295
44.2813
27.7139
25.8846
20.6991
28.5707
36.2226
26.7148
24.0901
20.9086
53.1902
37.5866
63.5728
33.2091
28.6196
46.5859
34.7941
38.8659
53.4497
29.4232
46.8937
33.8299
33.9267
43.6852
37.3348
41.2461
30.6294
22.7622
38.6776
27.9693
54.0218
37.2223
39.1226
34.8353
34.7397
34.5292
34.8970
41.8092
29.3181
59.8357
31.3230
38.3465
33.8495
28.3952
22.3604
31.4394
26.1959
13.9944
21.2538
60.9386
37.6581
40.5136
24.6461
31.8322
21.7859
23.5128
63.4070
35.3362
43.6775
33.0868
35.4934
34.9587
28.5929
50.7125
22.1504
30.9190
27.7883
33.2506
25.3609
33.4490
34.1385
28.3961
35.0318
35.0034
26.1865
33.2419
41.3778
36.5304
51.6402
23.9364
27.4909
41.9679
35.2047
73.5837
29.4178
25.0177
37.7829
35.5282
29.9195
32.6446
25.5584
28.7713
37.8615
35.3971
32.8436
40.8103
38.9689
32.8265
56.9849
30.0553
49.3709
35.9622
29.6620
31.6065
19.9324
21.8341
35.0775
35.5738
34.6960
53.0058
46.1411
25.5461
39.1824
33.9055
48.8671
33.9068
28.3742
33.4428
26.8280
32.6075
67.3729
30.3785
28.4899
28.1067
34.5028
36.0258
32.4866
18.7658
36.5570
26.5724
43.7096
32.7650
40.4083
36.8737
47.4894
64.3166
30.2619
25.9606
21.9120
28.8797
24.9060
37.1952
23.8804
40.4933
40.5114
29.9577
29.2786
37.8150
33.3068
30.1167
32.5782
36.0547
28.8109
31.7453
27.0450
23.0627
39.6111
54.9214
34.0092
30.4961
37.8570
36.2180
37.9796
36.8065
25.6948
32.1128
41.5524
43.8431
32.9451
34.5135
35.1938
36.0542
36.6431
35.0832
24.1427
51.4170
25.6906
30.7110
27.7251
31.7704
41.3584
28.5724
39.2871
33.5629
57.6547
17.3475
33.2510
24.3731
24.0843
26.0927
17.2868
29.4598
23.8646
53.1302
19.8166
28.9663
20.8982
38.5075
33.7044
30.0728
43.5818
28.2096
30.1571
31.7930
47.5162
28.0267
27.0797
38.9046
41.2426
67.9834
34.5044
42.0192
36.1481
32.6735
33.4902
28.8574
26.9368
42.9804
40.6658
41.9015
34.7822
38.3374
34.6377
32.4806
30.3035
41.5317
57.1259
33.8630
29.6532
58.0646
29.8604
25.7683
39.4606
37.1842
40.7946
36.2485
24.2449
23.6401
30.3667
16.6364
39.1325
38.2766
30.4661
24.7010
43.3703
40.2441
24.2886
26.6267
29.5987
25.8405
24.6385
26.5326
20.9357
25.0131
50.4198
26.9688
27.4307
27.6548
38.0799
28.0890
42.1813
27.2752
46.0909
23.9196
36.6027
38.5633
34.3919
32.0693
38.9899
27.8425
19.8860
24.7370
45.2533
29.2391
47.2085
23.8230
69.0641
35.9062
40.7208
35.2997
41.4148
34.0408
38.1188
39.0297
34.3500
37.9414
45.6876
48.0591
34.9396
51.2785
29.3027
34.5441
34.4158
35.0580
34.7251
45.7145
29.6443
21.7840
38.2836
32.5203
28.3262
42.4880
36.2789
29.8669
27.4942
27.8082
38.1750
47.3416
40.6547
34.2634
54.4190
30.7588
27.6840
20.8123
80.5460
31.7709
49.8795
27.1011
55.3015
30.8067
35.0793
45.6603
42.5058
37.1926
41.5315
17.0343
18.4060
40.7584
26.2977
22.4458
53.9952
32.1868
38.1230
28.3489
22.3264
31.0679
47.3346
32.2174
39.1768
40.2424
68.3121
35.7862
33.1724
50.1298
28.3585
38.3177
30.1134
56.3750
31.3248
28.4306
37.0593
33.1784
26.2767
38.2975
33.1418
28.3504
38.3404
24.9181
25.5291
39.0235
34.3369
43.2683
36.8562
34.7382
37.5075
34.9450
45.6258
32.0183
30.5169
47.4775
55.1233
45.1660
51.2361
36.3991
40.5575
30.3303
34.2002
37.8359
36.2015
56.6481
36.5321
54.8991
61.1500
22.7419
34.5745
49.8905
37.1598
22.0706
26.3332
49.9734
39.3423
37.7170
25.1078
49.3581
59.6718
23.9186
36.5207
45.6477
25.4202
52.8627
45.3330
38.1999
23.9356
32.1651
43.3722
40.5717
48.5077
48.7535
27.8138
49.1796
30.2554
54.7750
34.5956
48.6388
26.5351
34.2001
29.9625
41.6592
35.1603
22.9695
52.1764
44.1168
34.5788
52.3101
36.0728
19.3138
35.7081
30.6815
39.2182
60.3737
36.3011
26.1987
30.3778
54.2849
23.6167
45.3210
57.8370
26.4823
26.4633
26.4144
23.1050
37.3912
45.2287
30.2697
26.5143
28.2891
22.6433
41.1068
38.6908
31.4976
28.5204
33.0397
29.6684
49.0304
31.7500
42.4960
44.7184
37.0025
32.2905
30.3619
35.9702
43.6463
30.9746
34.4058
35.0382
26.4461
33.6502
46.2534
48.8489
39.9362
25.5495
28.1782
42.4996
29.9855
31.5286
40.2535
50.4762
38.9457
27.6685
72.5432
27.4560
25.1669
32.8893
70.5472
37.0413
34.4599
31.5541
55.9199
40.5752
29.9491
31.1134
41.0494
30.2442
27.5059
28.3573
61.0898
33.6268
50.2363
31.2253
43.0169
58.8907
29.4420
43.5524
36.6443
32.4225
34.0283
38.7220
26.6081
34.9303
51.6274
53.7978
27.3858
38.2588
46.6799
30.3321
29.0573
32.3953
25.6793
48.9164
29.0680
37.7359
29.5649
28.0772
41.9497
43.8793
27.1327
43.3596
24.5164
50.9637
42.4924
21.7533
40.2580
21.5550
24.5418
27.8840
28.1182
25.2681
28.3387
21.2529
31.2042
37.7217
32.9586
36.2502
43.3020
37.4478
30.8575
46.0467
41.5021
68.6191
27.2056
32.1509
34.3247
31.8312
58.4290
25.6949
35.3160
49.1704
28.3457
32.7284
60.3051
30.4213
30.5472
29.0438
34.3924
22.3847
29.0161
21.0184
32.2553
57.2620
35.1348
26.5275
37.9284
40.6495
35.0716
33.1963
29.8413
56.4536
44.4494
35.1909
36.0346
36.5653
44.5362
26.9165
29.6234
39.6994
37.9214
29.2673
40.0450
31.1782
38.9013
34.4246
33.3125
30.6576
28.9692
36.9378
37.0612
39.6514
37.6620
39.5190
31.4625
35.9214
28.1881
38.9556
31.8684
32.0543
35.4660
35.1015
38.0736
41.8251
38.5534
33.5438
40.7223
28.9474
44.9518
40.9598
46.6237
28.4045
38.5242
54.3426
35.3115
35.5585
63.6963
43.0082
32.6728
28.5455
34.8752
24.2268
35.8345
42.0981
41.6195
34.5567
29.0698
24.9397
41.3392
33.7380
49.7648
32.7704
17.7081
18.3526
29.8458
28.3047
52.1731
24.7447
33.2439
35.6615
35.6558
24.3939
27.6468
25.9734
50.4614
38.5151
38.1741
33.3818
22.0617
32.9179
24.8876
42.5327
50.9988
36.6990
29.3109
30.2869
40.5131
32.9200
36.3352
27.2870
35.6750
26.2354
26.8285
34.4689
31.4476
43.5183
21.0876
25.7851
33.7199
28.6846
39.0330
26.6192
19.8081
39.2048
28.4392
45.5413
27.1885
40.4981
30.2430
23.5648
35.1129
34.2433
38.2738
20.8473
53.3606
43.3472
34.1112
32.1801
37.7651
34.2144
36.7033
36.9066
33.4749
31.7416
73.8058
38.0765
34.7499
32.3589
34.9272
46.5741
44.7441
42.2321
23.0061
30.3214
34.6127
29.4689
33.7643
30.2558
41.0302
44.3530
26.8269
44.8189
40.9924
28.3257
32.0562
29.3153
39.9735
42.2141
29.0878
21.8086
45.9173
28.3123
29.0180
39.7379
27.4254
40.2235
25.9626
33.0626
26.7488
33.2632
31.0864
34.0187
36.8596
24.6310
24.2817
39.9991
38.3744
43.6282
31.8515
26.2565
32.1779
49.0631
21.2620
38.8462
28.7775
32.9186
26.8527
43.6959
37.9455
28.8724
26.3255
44.5981
17.1893
