10.2184
10.6187
49.1616
21.7604
24.4255
25.9965
10.8492
24.2045
9.1201
21.4461
17.2539
30.3252
28.8182
17.0101
26.9891
19.7124
20.5505
18.3544
28.3664
10.9643
36.4066
26.4090
37.5565
27.6825
26.3967
23.7391
47.5254
26.2983
24.2409
29.7162
34.4893
13.8993
21.1992
25.7018
56.0066
41.0940
20.2509
20.5309
18.8098
28.4635
28.4437
16.5540
19.6839
21.1290
28.9911
34.1349
31.1365
12.0364
21.0622
29.3463
56.2485
43.5059
35.8910
19.3932
3.0272
26.6738
23.0303
15.4865
18.9160
32.2016
27.7228
22.0387
26.6205
20.3794
20.5801
23.4368
32.6898
28.7823
25.4062
23.3149
58.4516
14.6735
31.6745
37.3700
40.6166
23.3685
18.5175
52.1367
15.4316
32.8626
26.0612
39.7218
30.4666
22.7956
15.2466
35.9685
20.9996
16.3933
19.7490
16.2532
25.0851
31.7167
24.1313
27.7847
23.8210
11.7019
35.7145
12.9883
35.6382
33.6031
19.7402
15.3514
54.9185
10.8062
17.2681
16.4864
25.1414
30.5814
37.1930
13.3940
49.4899
35.4884
39.8804
28.1462
22.1728
33.1508
29.8463
26.6898
20.5483
12.2986
22.6408
27.6034
15.7033
18.5920
34.1011
12.8248
38.3115
35.4795
34.3131
40.0878
10.4246
22.4104
19.0427
35.3351
24.4238
25.0782
39.6396
35.0404
15.1869
46.0780
15.1544
26.6198
1.2240
41.5543
25.2502
26.5836
29.7249
31.5201
15.2535
32.3827
23.1812
13.4934
22.7014
32.5148
45.9055
31.6523
34.4539
26.4938
26.6238
35.1143
18.6429
37.8024
31.0999
27.0650
51.6069
17.5120
12.8241
27.9606
9.0526
34.9829
45.8672
32.4171
23.5947
33.7746
21.0503
19.5785
31.3336
47.1220
27.1967
7.5809
32.2921
12.1135
18.8623
29.4608
20.6209
39.6223
33.0973
24.7746
53.0698
27.5670
22.0352
27.5787
22.0796
21.9671
34.1389
17.8404
26.9492
49.9902
36.4328
36.9882
25.2803
2.2182
40.9583
13.9435
21.2369
25.6320
43.3794
7.5547
29.5656
27.5159
26.5052
37.5769
34.6711
33.7566
28.0924
26.9556
38.8154
28.4051
15.3817
47.6324
17.7777
15.8805
17.0729
27.1348
13.6916
45.7785
45.6977
27.3815
22.1443
10.6672
28.1330
23.5361
24.9420
25.8832
33.1965
33.6879
15.9838
48.5411
27.0225
41.5648
14.0699
23.9262
60.6205
33.8987
12.7826
15.8596
31.7118
13.0339
15.3937
10.8255
20.4553
30.0084
43.1945
19.7586
22.5251
15.7181
44.0041
20.8146
22.5670
23.7193
10.2412
22.4279
28.0568
17.8940
16.1076
25.6355
7.5440
38.7698
29.2890
14.4731
30.9790
40.6479
21.7673
11.5647
24.6912
9.5116
25.4275
26.6334
20.9006
48.8796
17.5022
25.4227
14.3330
4.1843
28.1514
31.5140
12.5120
28.1024
20.8586
5.4521
28.4521
16.9807
6.1481
15.8046
25.6211
18.1312
34.7602
10.7068
33.4469
19.1806
17.5530
23.1066
14.5087
39.3869
37.6220
24.4095
31.5660
15.3873
28.7506
22.1974
19.6476
23.2596
25.7667
27.6216
28.6154
41.9337
21.0083
31.3931
33.7790
25.2328
29.6970
41.5811
31.1597
38.3531
20.9445
19.1425
13.6079
12.9415
11.5743
39.1112
45.9520
22.5250
21.7231
33.4215
27.6404
17.7257
5.3388
18.5990
65.2608
23.7514
28.1275
12.4514
34.4368
40.7475
31.0289
25.7536
24.9186
21.0123
36.2190
23.9047
18.7439
12.7105
5.3471
27.5150
24.4327
30.8886
27.8837
28.1376
39.0827
11.2658
34.6344
38.4550
33.4156
28.6656
24.9558
29.8406
60.5673
50.6389
29.8250
15.5297
17.5213
24.1427
14.6570
23.7012
13.4745
31.5083
19.7218
27.2557
33.0560
33.0491
44.7521
46.2374
38.4109
30.6618
43.1288
15.9636
16.8998
23.6041
34.4929
11.8197
10.2098
33.6321
18.6567
29.2497
-0.4599
-0.4922
39.8833
13.6850
26.0302
19.1928
23.3531
27.7279
33.2976
26.4481
35.8843
35.2050
24.0870
17.3924
35.0605
17.5417
31.2585
7.4556
31.2162
17.9164
37.6749
25.8621
28.2098
35.2648
22.7105
21.3920
41.7072
17.9742
20.4476
18.8934
27.4974
17.6590
13.7939
19.4382
23.3619
23.7783
22.8126
27.4956
25.0110
18.9018
32.7079
33.6686
29.3838
38.8272
15.6863
25.6546
12.5069
17.3519
14.6868
35.1705
17.6776
19.3618
21.3375
21.9130
17.8694
14.3077
9.4682
32.9454
23.6355
23.6621
27.1617
12.1144
23.7127
20.5623
31.7942
5.9443
28.3057
13.7484
33.4003
23.2834
29.1478
29.5427
25.8325
10.9588
14.9611
5.5301
26.0851
14.4806
18.5153
26.1914
18.7745
41.0909
42.4030
24.7122
35.1291
24.1713
25.4793
30.4756
25.6940
19.8252
24.6097
24.9218
37.3135
27.5059
13.5678
37.9508
36.6603
20.5724
31.9113
38.5880
22.0820
23.7084
22.2646
22.6908
26.7294
28.6845
28.4679
17.5160
14.1353
26.5602
32.0946
29.6733
22.9209
21.6256
23.8135
15.6409
27.1824
17.9093
20.2498
10.7998
33.0632
20.1003
38.9495
57.3227
9.4896
29.5751
16.9015
21.7979
20.0912
19.4348
17.9160
19.8964
22.7207
28.4453
27.5624
35.8376
3.9944
16.9831
14.9738
20.6371
20.9435
25.1008
20.4795
37.8473
17.3474
10.4368
21.7396
32.8819
18.2094
7.2855
8.5657
18.8634
40.1982
20.8544
40.4141
14.5522
31.8992
22.0637
39.9942
23.4753
34.5710
27.7346
46.2093
21.8385
23.7684
35.4616
12.0989
24.2177
13.1792
11.2148
15.3796
26.8876
24.7935
34.1374
36.9643
25.9567
-1.3339
25.5147
20.0603
19.9901
19.4024
25.5110
18.5116
37.9946
43.1500
20.8091
35.6102
34.8790
22.1309
25.3587
27.6860
18.2418
48.7604
25.6104
13.0355
23.1090
43.2603
29.2784
13.2420
20.0581
21.5542
22.6044
45.2607
27.9766
21.5643
30.8790
20.4003
24.0954
22.8043
22.5113
19.4285
24.3903
31.1777
36.9170
32.4584
8.8230
20.6863
42.4390
31.5394
23.4349
44.4209
15.3360
22.0392
23.9049
18.2628
16.9781
23.5971
22.4900
30.9410
44.7231
18.1120
36.8394
8.2101
15.6120
23.9782
39.1125
10.7547
25.7068
15.1008
40.3519
34.7623
34.3351
40.5121
19.3268
18.9181
38.3918
17.2430
34.8996
19.1932
31.2885
18.3468
13.0921
23.3905
15.7638
26.8851
36.2400
11.1140
32.3816
35.6456
15.0493
27.0737
36.6868
34.7471
24.2397
37.8589
36.8915
38.7726
27.3961
34.3479
15.3551
28.1065
21.6386
11.9383
26.9336
35.8535
24.1851
28.0613
18.8845
21.4714
21.8016
27.2919
22.2839
22.7900
30.2640
23.7269
14.9242
28.9711
22.3946
28.0853
23.4764
11.0177
24.3106
22.1820
18.1715
19.9898
24.8016
32.9731
12.9838
8.0296
22.3880
39.2453
42.7112
42.3183
32.6447
19.1853
27.2974
23.0918
11.7227
28.5688
35.3777
16.5117
19.0684
33.7988
52.3115
10.6259
21.5205
22.8336
15.7745
12.9139
18.0989
40.6394
27.1571
12.9205
29.7639
22.1120
25.2589
27.8017
31.2765
41.2380
32.3351
17.5548
31.8378
15.6930
17.9481
6.5919
19.1616
42.0190
39.1234
50.3590
34.0580
19.7517
17.6167
24.7621
22.7482
27.1862
-7.0961
31.3758
32.2621
8.5478
12.8803
18.7430
26.9731
17.8694
32.4705
15.0027
6.9184
4.7902
40.7252
8.5960
18.7689
35.4223
19.3510
39.0998
25.6086
35.7709
22.8943
28.6537
33.4934
10.3668
31.2912
13.6763
45.7376
25.8566
19.1413
53.9148
22.9421
25.8382
28.5760
18.3181
27.5016
39.9273
36.1774
26.6915
14.4526
35.3565
15.0431
24.8036
32.2484
16.6808
49.1652
23.4719
13.0922
33.4909
22.2724
20.6507
19.2856
16.8485
23.8156
30.3936
19.9132
19.9022
46.9987
36.7810
18.7479
17.7792
23.4835
36.6072
18.5056
28.4177
28.8417
34.9367
9.6850
16.6010
14.0174
29.6367
22.2231
45.2924
25.9323
20.2262
32.7105
23.3528
20.4125
9.2574
25.9642
33.2200
38.4993
21.9941
24.9782
4.5568
29.7172
38.8350
44.5963
25.9452
28.5484
15.8044
28.0032
24.1249
52.4006
19.5316
10.4437
15.2827
46.2906
34.4539
25.4655
21.6590
22.9993
23.5038
29.8405
29.8195
29.7807
39.6880
20.8033
26.6265
36.3136
38.9305
11.6917
30.9203
37.5290
11.4570
15.2172
6.1945
17.9459
1.4544
13.3600
32.0491
7.7259
15.9830
18.2330
20.4496
32.0934
31.8308
16.4117
16.0414
13.4322
17.5236
30.3922
9.4470
13.8729
15.9398
16.3461
22.5023
23.0365
37.6348
22.6149
10.1242
25.1740
13.3383
22.2305
14.8042
23.8704
43.5856
20.0984
26.0943
13.0987
20.2159
30.6883
15.3708
21.7785
22.4664
20.5446
36.1707
14.0088
28.5774
1.0669
17.4478
36.6048
41.9212
15.3573
23.4725
27.2379
17.1636
47.7284
25.7110
32.5631
28.4672
25.1384
23.4415
31.0614
29.1180
23.8686
29.1999
33.8875
23.9374
28.2775
36.9361
2.0227
31.0940
18.4644
19.0784
14.2574
25.5800
42.1808
20.2247
19.9612
35.7557
21.1521
35.0208
23.6499
13.6543
15.8515
24.0241
24.9147
21.6293
41.6988
15.3744
21.6893
24.9210
31.1792
28.0777
19.3429
44.7308
12.4304
12.2669
25.1091
25.6513
66.5884
10.1474
14.0315
11.0889
34.4636
33.0537
28.8777
23.1949
26.1916
3.4685
17.9088
6.5287
28.1456
19.8424
20.5472
16.9073
20.5942
21.7228
29.6168
28.0194
26.3639
25.8176
26.0391
22.1751
23.6822
29.7348
18.7900
26.2480
23.7528
20.2952
20.7816
20.1428
17.9509
7.6731
28.1462
21.9226
39.4018
30.8978
21.9978
24.7964
18.7153
6.7887
16.3821
26.4557
26.9986
28.7377
9.8721
32.3531
12.8350
21.0626
15.3271
22.8761
55.9288
23.1920
31.9572
21.3269
34.9588
33.0469
24.0170
19.0871
35.9784
14.4127
35.3017
5.9367
29.5960
30.2378
23.7149
45.0243
21.9736
30.9551
20.5352
17.6982
12.1090
28.7624
19.2117
15.1590
39.0414
28.5287
14.6687
15.9472
46.4784
23.1523
31.6853
30.3110
37.8261
26.2750
27.7404
13.5494
19.8966
23.8911
13.5694
30.0872
51.0003
31.9307
21.2121
23.1945
27.7802
25.5409
23.3157
13.8751
17.5550
21.3013
35.2969
22.5956
19.7145
25.5448
21.4949
23.8071
34.7929
14.2350
22.3596
13.9811
30.6779
29.2253
33.5503
27.9640
34.1373
34.8806
31.3494
27.5452
19.3515
22.5519
32.9198
28.9759
54.9357
22.1033
22.5896
12.2123
32.6279
45.1058
17.8660
48.2286
11.0887
31.1215
52.5318
38.8111
33.3128
13.4829
23.2186
34.4340
16.9719
22.7833
19.5827
22.9991
27.6172
34.4950
22.7114
33.3929
24.9162
6.4554
19.6419
28.5316
23.5711
22.5781
42.0322
27.1326
25.7724
33.1967
30.4383
21.6163
13.3549
43.5247
11.5797
20.1794
39.3577
28.5472
29.7962
-2.1367
29.2645
16.6024
22.3128
18.1582
28.9027
18.5029
23.1435
36.6944
24.1057
20.5722
26.7143
26.0364
24.3432
26.2107
32.6340
10.7511
7.2136
19.8743
6.2389
17.6640
33.6471
42.5961
26.6855
25.6512
17.2891
12.2675
12.2785
16.9409
32.7157
58.6778
27.0904
20.5861
14.8009
10.2613
10.9221
54.9540
19.7460
33.8970
41.8070
21.6680
21.7056
2.3806
15.6867
17.0462
30.2245
-9.6548
26.6005
30.2567
15.8274
31.7262
18.8034
31.2617
28.9791
20.8318
29.3510
22.6721
11.8957
19.2071
16.3145
14.1046
17.0423
19.4958
22.2169
29.0386
23.1429
34.3974
21.5018
25.6398
30.0631
22.3846
30.5961
25.5769
17.0455
26.2270
75.6666
27.8976
27.2903
25.1161
29.4096
34.5029
21.7685
40.8230
0.3881
37.2925
36.1625
21.7678
56.2148
31.1292
26.3091
24.7654
24.2123
17.2698
38.7058
16.1247
48.9894
35.3994
18.2512
31.7345
18.1031
25.0151
29.2036
22.6457
28.9151
18.3110
10.1885
14.1564
10.1943
46.4856
17.3526
34.2353
33.1795
28.5789
34.9213
33.1950
21.5608
23.8417
42.1587
22.2280
11.1367
24.0331
22.5960
23.0904
17.3857
16.9004
34.7388
26.7980
36.2756
16.6898
39.9592
20.3783
31.1554
30.6690
18.6771
20.9180
13.4026
52.2751
30.7222
13.8721
54.6009
19.3521
31.6764
29.4136
18.6887
25.5449
25.0818
61.7962
37.5516
23.7731
28.7902
32.2316
19.9975
27.1026
13.1041
32.8981
44.8961
18.9423
20.8565
36.1623
21.8828
17.5089
2.9194
24.2273
17.8848
29.8545
32.1246
24.2756
35.2883
40.4279
28.4367
22.7677
33.7006
20.0733
27.0613
15.5058
15.3150
43.8007
16.7384
20.7513
27.8775
30.2888
31.0167
13.9817
44.8000
25.8867
13.6469
30.7235
23.4082
21.4027
11.6515
28.6687
17.9483
16.6414
28.0826
48.5425
27.4903
20.6374
24.6041
30.2703
33.1115
43.6191
62.1876
20.5364
39.8668
19.9965
12.6901
13.6596
18.2282
17.0441
35.9289
12.9084
10.0940
8.0236
24.7901
31.0932
8.3427
21.7256
37.9398
40.9401
41.4192
13.1318
13.4054
8.9728
16.8157
23.0913
19.8186
12.4547
19.2327
21.3603
29.2374
20.8055
29.7885
23.0927
23.1350
13.1553
6.3042
17.6104
9.2287
19.7964
14.5168
10.4003
49.5288
25.8561
24.7791
25.2441
31.5971
27.3466
26.3025
22.7950
33.5876
14.3297
30.5554
37.9348
16.3040
-3.7145
20.3169
18.5136
21.4327
34.4759
22.1317
16.9615
18.9111
37.6003
26.7803
4.5949
21.3595
35.5645
34.6924
12.9818
19.0034
28.0095
17.7806
25.4387
15.7686
19.5980
30.9950
51.8210
15.3976
9.2524
12.7210
24.9581
19.8650
9.8467
15.5525
31.1600
23.5304
10.2341
27.5913
19.9104
21.6581
15.2350
48.3702
17.9009
28.9883
16.0752
13.9331
22.8700
13.2754
7.1885
35.9941
46.0854
7.0479
17.3028
9.3907
28.4602
16.1486
23.2842
9.0112
10.4528
11.8419
21.0635
21.1497
54.6856
22.7225
18.1219
26.8668
25.9283
25.4333
44.7123
30.2427
25.8562
34.2817
15.8739
8.0846
19.6310
24.4675
27.0614
30.2730
22.3039
16.1272
28.3640
28.6826
24.5843
12.3916
14.4680
10.1883
23.3340
21.1860
16.5482
15.7729
30.4195
31.2232
25.9283
29.4531
46.7517
31.1111
22.8906
31.8475
26.1385
6.7819
22.6063
43.5311
32.4740
12.8944
23.1396
34.6629
23.7887
22.9025
8.9347
23.5800
30.2456
31.9152
25.2339
34.4380
27.5479
28.3518
17.0658
31.5203
25.4348
35.3748
20.7671
27.7963
38.4267
19.5189
16.3323
34.9275
34.1247
21.5939
28.5423
26.9254
22.7079
24.0644
39.7885
12.8441
16.5905
18.8403
33.7361
11.7050
19.8861
8.9852
43.7480
20.7845
32.7781
23.7489
44.9965
37.8970
30.8731
24.3321
42.4289
33.2491
29.0569
33.1285
34.7137
21.1531
13.7452
14.8082
19.2939
23.9211
10.3026
16.0025
32.3149
37.7658
37.3379
10.1731
40.1821
43.3217
14.9708
20.1786
23.0384
11.5118
25.6826
6.0675
19.5928
59.0962
22.8667
18.9570
28.8550
18.8087
30.5431
25.8763
17.0176
16.3995
36.4690
17.4799
28.9021
30.5117
18.7007
14.5592
23.1241
34.7375
16.9987
30.7359
24.6410
36.6068
25.8492
8.0720
36.4436
27.9844
18.3300
29.2691
31.5672
16.5029
34.7891
32.6554
24.7583
10.7893
27.1346
27.0423
13.6338
19.6653
50.1301
29.4613
34.6055
18.3060
55.7704
11.2275
26.3410
24.7325
29.7134
32.8265
14.4314
11.4128
33.0186
44.3276
49.0111
7.8707
8.4407
23.7184
21.7910
34.6332
17.5517
24.0051
5.4653
27.0850
32.9780
27.4808
0.8355
10.2814
24.1453
30.1053
33.8856
43.3095
33.5465
17.0645
32.3250
5.0559
7.9242
36.0956
29.2849
12.6580
26.7883
30.7867
31.7875
21.6928
28.0491
20.6398
20.6027
31.8795
32.1047
10.8452
25.0951
30.7934
46.4678
44.2854
14.9363
27.8447
13.4735
19.8638
5.4037
15.2249
22.5366
26.2623
44.7608
41.1696
29.3366
34.1518
28.8010
42.5472
67.0075
16.3814
30.4258
22.8389
28.9467
32.3965
18.6669
16.4806
21.8192
19.6658
28.0506
23.4789
25.3751
31.0595
31.8537
30.1944
60.1786
23.8699
23.5309
36.0422
22.7958
14.4384
29.6140
19.5313
16.8028
33.2792
23.3609
20.6724
20.8889
17.6683
17.4595
26.5273
13.4465
27.7983
30.3585
24.6843
25.3906
20.3706
17.5483
18.4139
28.0580
16.9266
22.1903
26.0977
28.1085
23.0016
24.4927
26.7809
68.9682
21.9843
21.3992
13.4695
36.5730
44.3532
14.2251
20.2126
29.6952
42.7023
14.2767
13.6875
20.2809
25.0715
37.5789
12.3151
32.2248
37.2730
28.0220
30.6743
20.7300
29.2936
19.3149
19.7117
41.2026
25.7131
20.4383
36.4702
7.6236
10.8377
11.3152
61.5114
19.0985
24.7226
3.6076
29.0824
26.2639
16.6309
32.4212
28.1094
35.6082
24.3346
15.5851
48.9950
16.5717
25.3423
28.5692
33.6761
33.3368
14.1510
29.8108
33.2539
17.8673
22.9847
18.3294
12.7954
8.6492
21.6507
14.7197
35.9931
21.2559
37.9363
48.6144
49.2158
6.5204
37.4081
31.4634
20.6420
50.6461
25.3069
34.0849
28.5701
25.7346
40.9693
9.3973
26.6337
35.4025
10.4532
42.4824
22.7429
9.5062
19.8775
38.9239
33.2422
46.3925
19.1393
22.3136
33.1143
25.9331
12.9585
20.7539
1.7184
39.5628
7.4023
25.8531
18.5022
22.0452
20.6944
21.6647
27.2324
25.9292
19.8467
38.1221
16.6613
6.9278
27.7803
16.7366
49.1908
31.4421
6.1347
17.8533
24.8625
16.9924
14.3670
11.7370
36.0064
27.2925
5.2126
14.9934
15.7565
35.7409
21.0781
32.6198
30.3673
46.2399
27.1326
24.6844
15.0620
31.5279
34.1101
26.4248
14.6592
21.2871
10.0359
41.2776
59.1940
19.6686
10.0577
22.8363
24.4226
20.8835
39.4357
23.4817
28.1350
10.2629
49.5903
9.8939
10.7098
23.9952
18.0027
19.9550
37.6845
28.7753
56.5566
24.4024
30.6490
18.0973
20.3192
30.8071
32.2251
22.0642
21.9043
33.2772
10.4910
28.0506
13.4127
23.6745
19.3489
20.7954
14.9575
15.8341
31.7819
30.9853
16.7095
27.1943
35.9096
14.3716
35.1780
57.7463
17.9140
25.3180
19.2480
19.9565
19.2927
14.4042
21.8287
22.1515
29.5015
14.3127
29.8300
25.7344
16.4566
27.2403
6.8989
31.1111
4.7342
35.3030
24.2142
47.6930
34.2730
25.1539
19.9519
39.8140
25.4386
15.5468
22.5958
47.5136
1.2619
19.5518
2.6614
3.6260
26.1551
22.4290
17.4721
27.6874
19.7611
17.3552
30.2531
26.3908
13.2645
51.2303
22.0479
36.5452
27.5254
24.1682
19.8062
12.6326
23.2434
30.4701
20.9961
24.8794
21.1051
20.5788
17.7550
28.8151
13.5083
17.7343
12.9346
21.6633
22.0168
41.8620
20.8204
22.2547
36.1980
24.9096
16.7305
38.3153
19.0665
26.7166
15.9654
23.1867
34.5200
19.2968
16.3629
50.1703
35.9080
20.8426
23.8814
25.4180
40.4151
48.5819
40.8506
18.5131
21.8744
35.9929
21.6676
30.2756
32.9830
25.5351
10.6897
30.0229
21.5802
15.7588
38.8779
17.4960
27.3962
22.5862
5.3368
24.7709
8.4284
43.0080
23.7919
30.0773
28.3636
24.0479
19.2946
37.7676
30.1890
15.5722
5.3928
18.1287
18.7547
-6.5657
30.8366
32.4631
17.8820
23.4075
21.3211
15.5175
31.8968
29.8929
38.5581
27.4697
39.9058
10.4439
49.2777
33.0279
17.9298
21.6950
22.9699
30.9044
26.7725
12.7553
17.3874
25.0510
31.1088
18.4839
23.1252
41.1507
26.0955
50.4765
36.2454
18.0057
44.0360
40.3142
29.1552
16.5266
23.4344
18.0752
16.9799
31.9934
50.0392
19.4920
26.2796
8.3989
11.7467
25.9083
15.3553
34.0628
36.0195
15.4104
26.3610
19.4990
22.5758
32.9241
31.9107
33.2718
36.4102
19.4596
32.8527
15.7415
15.3448
25.0561
25.6291
18.5542
20.4709
32.1026
-6.2238
1.2758
25.7246
29.5172
28.1683
12.7851
21.7855
36.4808
29.5731
24.0271
24.6085
32.9570
32.6516
27.2133
33.2630
13.9826
18.4387
19.0647
24.9397
27.8866
37.6286
-1.1321
30.0596
39.5686
15.2135
33.7363
29.0999
21.2519
28.9181
13.8621
19.8102
31.8331
34.1198
3.5175
24.0720
17.5815
24.7081
18.0661
15.5057
26.4250
28.8385
29.6650
19.7007
6.4907
24.6698
7.3295
25.5638
16.6888
15.1416
16.3776
5.6576
47.9728
14.5504
20.8622
16.9420
32.4471
31.4840
33.6967
26.2568
13.2411
34.4808
45.1077
14.5092
36.0226
16.0941
36.1745
27.4368
23.8954
16.3085
42.0100
12.6725
25.6805
15.3060
12.5749
30.2220
23.6296
7.1228
28.8690
27.1399
29.6198
28.5307
24.5825
30.9480
47.1638
4.7771
25.9811
21.4287
17.6161
42.9588
20.8991
20.0111
24.7952
10.9319
34.5928
10.9722
21.7935
23.7010
11.8946
22.7620
5.4166
35.3002
18.6150
17.6350
23.9995
39.8107
15.4605
19.1231
26.9485
13.6095
18.2632
25.1478
37.8705
6.9838
23.8044
20.6714
5.9135
39.4703
26.2119
14.1808
15.5713
19.9169
11.7907
38.6788
26.6901
13.9952
25.7981
21.9070
17.3630
29.7195
