22.6735
20.0387
31.4888
51.3454
49.3885
24.5676
23.0222
49.0223
31.1612
25.3044
24.0051
13.2150
22.9232
13.5521
14.5710
48.7923
34.1128
24.3103
18.4278
16.7612
34.1134
49.1885
31.6986
32.3078
23.7194
24.2628
17.5887
44.1988
31.0544
19.3620
49.7364
20.5713
27.5238
50.2193
17.0636
16.3429
14.3097
14.8580
3.0935
43.4934
23.5295
24.2931
3.9557
20.2052
14.6315
-7.2329
21.2350
25.0527
17.7343
29.5257
39.1100
50.4319
29.2364
38.9113
22.0929
17.9533
39.7453
25.2849
22.2259
11.1601
45.7696
14.8346
15.4072
31.4696
22.1555
21.4051
18.7443
18.6798
27.4350
19.1490
38.2780
7.5797
34.7538
27.9020
33.5475
9.4283
24.0483
27.6719
23.9143
16.9801
22.5036
19.9339
5.0816
34.9450
22.3348
47.1616
22.0705
17.7716
31.9056
25.6654
51.6088
21.6397
23.7130
19.3542
27.4536
18.6921
17.0402
14.3020
13.2911
33.1693
14.3328
23.9483
12.6232
33.3616
9.3360
31.5814
3.0583
35.2469
22.3379
34.8076
7.2281
44.9461
25.0282
21.7218
19.6888
12.3388
25.7588
41.7124
27.5537
10.1616
19.0384
13.0108
32.8182
31.4427
25.2464
50.8429
19.3872
33.9634
20.0937
22.5147
24.9731
13.7304
29.0755
35.2001
46.4228
33.2977
22.0390
17.9948
15.7944
20.2409
24.8878
9.4168
15.1842
9.1205
25.0765
28.6381
17.1054
22.2703
54.3042
20.6702
8.7675
28.3287
9.3485
29.1611
32.9780
17.1261
26.1667
37.9853
16.1375
21.2637
22.1113
14.5031
22.1289
31.9906
20.2983
27.6809
17.7608
16.2626
33.9010
20.6542
19.2393
22.2092
25.2315
21.1932
24.4623
29.0732
22.2886
20.4919
11.1425
22.3766
17.3823
28.4667
8.8347
28.2335
5.4377
20.2565
18.0701
33.2272
46.2736
30.4453
73.0340
16.6042
24.4203
28.5797
37.5530
11.5608
27.1450
25.5407
37.4340
26.3385
24.2566
23.4628
22.0460
36.3476
19.5999
22.2519
28.8532
24.9047
33.8240
17.8975
9.7650
18.9421
19.5662
27.1730
25.5311
10.3963
46.6523
18.6088
22.2280
13.8880
39.0029
17.8379
19.2494
21.5891
22.4717
21.9001
21.2140
21.3517
21.7366
24.9272
29.8884
22.6938
19.9378
21.5244
22.4247
42.4256
10.9584
18.5125
12.5810
25.2980
22.3131
20.3061
20.4518
18.3745
39.9221
15.0267
7.5598
16.3654
14.2085
34.9643
29.5033
41.7159
21.2855
24.9674
21.0811
35.5101
19.4262
44.1216
25.2544
13.6751
39.7197
45.1152
25.5152
17.8516
16.8240
17.4678
25.4881
28.0779
30.7984
13.7210
21.7300
11.3460
21.8381
24.9335
62.1586
29.4135
43.8374
7.1538
33.8538
22.1838
39.6045
56.4253
34.5965
31.0965
22.3822
28.3789
22.4947
28.8628
23.3258
25.9317
38.2849
33.5871
33.2985
19.2555
9.3634
-1.6687
14.9015
11.4589
4.1461
27.4586
32.1236
33.5702
23.7793
39.3339
33.4448
21.0813
14.9580
14.2752
11.2681
18.7562
39.6783
20.0914
29.4872
31.8755
33.6345
36.1733
18.4596
26.6215
27.8388
30.7265
33.5111
4.5507
24.9638
15.6415
2.0413
48.5715
28.0115
16.1498
26.6849
31.4028
21.7055
23.0777
17.4514
24.8544
18.9133
22.6795
15.7110
16.8076
22.9247
21.7480
42.4795
26.3743
23.5995
9.9975
25.6214
19.9114
30.8425
20.4270
17.4190
22.4731
17.9773
16.3515
6.3638
22.5506
35.7821
24.9168
16.5216
8.8190
17.7856
18.7916
37.4587
6.6812
21.9642
32.0822
21.8632
22.7597
21.4351
14.4397
15.5118
27.2895
48.8011
27.9091
26.0112
35.9203
27.9184
43.0546
40.4747
24.6208
24.0098
18.4333
35.8743
30.1746
36.2671
18.6613
20.5604
34.2383
23.9092
44.8574
33.0826
9.7377
26.2081
8.1872
22.7758
14.0210
51.9715
19.3565
34.5795
30.2248
54.2997
15.1466
11.9478
20.7318
13.0978
43.6979
17.7496
22.5077
14.0795
24.0601
36.8436
36.5692
32.2394
30.2878
29.7837
8.5755
21.9322
21.7459
19.6611
27.3690
30.6940
20.7310
8.8675
14.2944
17.4218
29.7609
25.0034
36.0206
8.6135
15.2909
49.8418
30.8661
40.6627
16.4444
18.0368
17.5562
22.5080
20.7284
38.5886
18.2867
20.8607
14.7635
3.9369
24.2064
26.2016
19.5118
25.6164
18.0412
21.0902
31.0316
33.6751
18.4546
10.4022
17.3965
27.0650
44.7553
27.6030
22.6123
18.3263
30.2686
21.8522
17.6136
12.4285
36.8801
33.9290
36.1627
30.9801
23.2733
26.7934
10.6430
13.0905
21.1687
27.8119
26.9923
21.2402
25.5305
23.8275
42.8295
28.2437
28.2861
23.2426
24.8680
42.9623
39.9558
22.8083
25.9691
11.4611
20.3733
18.6819
32.0848
13.2830
23.0636
26.5300
5.4391
45.3464
26.3908
29.1627
46.3439
19.5991
45.5433
23.1459
20.7347
18.9580
16.1293
24.3735
33.6676
21.1526
39.2879
25.1274
31.9349
10.5320
36.3457
26.9669
41.3025
44.2898
26.2139
25.7253
52.9546
19.0698
11.0445
16.7075
27.7748
28.9190
22.6399
28.5114
29.2468
17.2299
28.0823
33.1188
20.8144
38.2909
28.9384
39.9603
40.5201
30.9622
19.9342
24.3252
12.4348
27.3532
10.7392
0.9620
36.8574
25.2273
26.7632
15.2859
18.9324
31.5721
18.5113
12.8217
14.9377
25.7518
23.0733
26.9675
23.1010
25.9110
27.7885
23.8834
40.2523
31.6337
23.4131
33.0212
19.0036
39.2246
17.9816
18.7913
25.7810
33.0049
27.1345
24.7685
26.6658
35.5341
16.8928
31.4885
17.7875
22.6987
26.9977
17.9933
39.1940
12.3199
17.8350
31.1086
16.2643
12.4116
27.5991
36.0683
8.6715
27.9998
22.6424
23.0545
26.2634
20.5323
38.3676
19.0370
22.7247
18.3424
25.1811
6.1156
32.5617
21.7145
24.1193
9.7170
32.4105
16.0767
26.4279
38.9233
20.8969
20.0627
18.9687
31.6638
26.1763
20.1853
23.2108
30.3783
31.9289
24.4360
12.7918
27.6463
25.1896
27.2015
17.4971
29.7882
32.9151
9.8563
33.8878
19.9167
24.8205
21.0145
20.7080
19.2769
18.7334
32.4840
21.8614
16.9251
20.8876
27.8797
21.1235
20.1886
16.5490
27.3074
20.4128
22.2534
17.1610
19.3036
17.7176
30.2376
21.8164
14.4307
34.7901
26.3149
23.4085
8.1541
24.7385
21.9954
12.0472
27.2096
21.1545
17.1913
25.5145
20.6355
20.2759
43.6415
31.9342
26.0625
20.5827
44.9345
13.1220
29.0763
19.3808
33.5683
33.3440
24.1771
12.1687
25.2572
45.5765
17.7209
49.0515
9.2304
23.9108
3.2133
12.7171
32.0737
63.9189
30.9050
37.3290
33.2853
29.0045
12.1510
36.0926
16.7420
23.0941
11.4135
28.6320
16.9927
61.7039
22.1378
12.7457
9.1498
28.2490
2.3155
12.4134
21.2421
16.6276
59.5622
11.4020
25.3299
37.9481
22.2119
21.3742
26.9057
3.6848
24.8482
19.1258
24.3226
12.7703
23.2267
18.8487
33.4930
9.8291
16.0160
22.6974
5.4896
17.6657
21.1503
17.2399
5.8694
33.7010
45.4753
23.5978
22.9203
19.0626
17.4702
30.2682
10.5186
22.2972
15.8044
18.1862
33.0476
34.6547
29.6289
9.6842
15.5748
23.6250
9.2418
36.3485
46.8179
22.2732
32.2468
18.8262
30.2085
5.9026
32.8640
40.1122
22.4278
7.4890
26.1316
26.1307
41.6620
23.8510
20.1230
13.2405
17.6338
15.5700
27.1523
24.0999
29.4146
16.4026
17.1108
53.6199
26.0327
13.1653
30.6911
0.1229
5.6749
10.1541
5.6621
41.2512
37.6964
23.5021
37.5453
19.6924
48.4833
42.8311
35.7562
13.0084
16.5195
21.6094
25.8527
15.1172
16.2110
38.0345
1.1505
17.4052
30.8049
28.6375
14.5221
33.3801
16.2572
32.3232
25.8105
17.8812
25.1630
44.5137
31.0482
29.6779
22.8725
45.8405
31.1115
21.8125
13.1939
31.5282
25.7507
44.8834
20.8891
16.8398
24.4074
29.7583
28.2627
33.5754
20.7186
41.9956
23.6896
27.2769
26.2772
25.8314
20.3868
22.5304
54.0697
13.3889
13.0668
34.5582
30.2003
18.5124
21.3278
16.5965
32.9414
19.1766
11.3300
10.1417
13.0563
28.6035
15.9210
26.7834
20.2033
7.8140
13.1322
31.3096
14.9097
35.8815
15.7419
38.5052
21.4969
1.8472
22.4495
27.2539
13.6293
17.1827
30.0781
22.7188
20.5437
24.0759
25.0827
16.7549
38.5914
20.3684
25.6379
4.4014
21.0261
22.2713
45.8859
18.4507
23.9710
17.8634
8.5906
39.6459
16.1643
30.2800
23.5994
27.3192
17.7273
39.8685
20.5107
13.0102
37.3230
24.6692
18.7160
34.0350
32.4117
33.6533
43.1596
18.9703
20.0960
39.0364
25.5177
26.3165
26.4371
24.4441
26.1187
24.6450
-0.2426
21.3134
11.2407
28.0219
23.4405
20.4947
56.3914
32.7388
37.0637
21.2828
36.6312
17.0511
33.4853
9.7282
12.3612
19.5735
13.1498
22.4990
18.8491
27.7260
12.8614
26.2232
13.5784
21.1633
-2.2957
8.6113
15.1981
31.2929
23.1630
26.7509
13.5542
31.6280
29.9366
24.3144
39.8963
19.5945
26.8187
8.3254
22.3336
23.6934
20.3548
27.1709
30.3819
7.2421
23.3405
14.4484
62.0279
52.0252
26.8883
24.3925
26.9844
29.7813
32.7723
13.6545
31.5580
14.3056
19.3353
30.2385
19.5916
34.2665
38.3063
22.7988
20.9146
14.7646
12.5132
18.9746
29.3655
35.7642
39.0936
32.9449
28.2372
27.6963
13.1814
40.7375
45.6047
15.5098
35.0045
8.1057
10.5810
31.9997
40.2799
21.3265
20.0103
12.4954
15.4493
20.5556
-0.0086
18.4092
28.1321
33.9746
39.3260
31.0354
21.1522
35.7099
25.4480
28.9950
46.1273
28.0488
44.7659
33.5867
32.4404
39.7305
30.8437
32.5336
24.4065
14.5564
43.6006
21.6966
14.1500
33.1127
19.4566
34.4551
17.7594
33.8496
23.0883
15.0080
10.4083
21.4525
27.5134
13.4602
7.0229
30.0649
22.1057
18.1432
12.7195
19.0237
34.9534
29.3755
20.9647
18.3390
33.3434
14.1013
59.9852
22.1205
35.1773
35.6878
16.6086
20.3115
53.0864
14.1214
29.3462
28.4769
18.9796
28.7122
34.3850
19.6621
30.3863
20.3499
-6.5389
28.1190
22.8233
32.2337
25.6161
20.6001
16.2490
20.1533
21.6724
47.0917
40.4546
38.8210
21.7613
20.5547
10.3772
5.4046
16.4794
16.3022
21.3840
23.8182
29.9477
19.5530
-4.4475
31.7884
11.9948
34.7812
30.4121
21.8942
35.2860
38.6820
36.7428
26.0450
41.5708
22.5651
21.6576
28.9788
36.4314
29.6441
38.4069
29.9868
41.4122
20.8186
20.2498
20.9071
27.5487
18.1976
30.7140
23.7909
18.9121
38.0671
16.6468
37.7301
17.1638
17.6048
22.2214
27.7667
16.5306
32.5261
44.1151
39.8877
21.0489
10.8270
30.0283
45.3660
18.8506
17.3356
26.5054
8.4013
18.1189
15.6315
22.2416
19.8099
17.3358
22.2775
26.9573
29.4795
25.1333
23.1944
19.4831
20.8558
24.0595
16.5790
18.4388
23.5820
7.6422
3.3404
21.5275
23.3889
21.3256
15.6077
28.3189
18.9353
46.1175
17.2606
36.7017
20.0676
19.7448
38.8087
28.3783
6.7271
34.1949
18.8365
35.1598
23.4551
24.3616
24.4456
5.3703
44.4704
21.2438
12.7366
12.5800
31.0754
9.7768
27.0444
32.0936
23.3112
17.3473
23.5732
23.9126
27.5392
17.3943
40.5826
13.3248
8.9912
10.3013
40.3767
22.4010
23.4236
33.6036
46.4193
21.9546
41.0590
36.8306
29.0985
20.1640
32.2754
6.0579
25.1592
14.0727
27.9255
19.5305
37.2097
18.0930
29.7546
25.3304
26.3008
35.6535
26.9766
11.3288
51.4892
33.7404
31.2853
30.1888
27.0987
12.8633
25.5066
29.0359
25.3216
17.5994
17.5557
35.3943
47.7062
31.2323
40.4946
38.5795
23.6199
11.8423
15.9139
31.8960
18.3998
27.0805
24.3711
21.3374
27.9140
34.5311
34.0718
23.2506
57.8025
31.3923
35.8619
25.3234
27.7269
30.5663
23.3262
15.8666
36.7118
22.7835
27.5829
13.5079
19.9433
26.6336
7.2318
22.4579
38.0761
45.7722
11.2057
23.1502
21.7751
19.1390
25.6962
54.7246
26.4852
29.5820
18.1774
14.1023
31.3932
20.3322
14.9123
24.7802
16.5427
51.6878
29.8187
26.1096
52.2520
20.1085
30.4607
22.9620
17.0054
51.5456
12.8498
17.3486
17.1395
13.3416
3.9755
21.7666
7.3673
20.7620
61.2955
17.4701
8.3791
19.8140
31.9216
37.3737
18.8927
9.4094
17.1890
13.7115
4.5324
-0.9461
21.9230
12.7277
36.5670
25.5440
16.9060
21.3800
5.5255
22.5873
35.9003
21.8891
21.4843
16.5761
12.4664
19.0306
28.0646
30.9805
19.3139
34.3306
8.2145
32.5876
26.0364
29.0498
9.7341
15.8578
7.2033
22.9370
30.1652
17.4264
15.9973
28.1686
28.1372
14.8400
29.4307
40.8055
15.5774
46.9675
30.4109
7.2590
12.9203
1.3575
6.7571
24.0692
39.7812
35.8787
35.8967
21.1027
23.7119
15.2578
23.4302
23.3305
19.6549
17.2689
44.9979
27.7112
36.7116
13.3387
20.7036
17.5456
11.8058
26.4444
32.1183
19.1264
29.6416
27.4385
20.5957
27.7073
47.9178
33.5307
27.0637
43.9964
9.2268
19.8890
7.7036
32.0665
31.9920
6.9958
21.8642
11.8424
26.8565
21.2925
23.5785
47.7272
13.3932
18.3556
23.1596
28.8896
22.5865
27.1194
20.7453
14.6584
40.3380
28.2764
26.8966
34.2673
11.5263
20.8174
22.1566
9.0973
22.5420
4.5022
15.3107
27.6558
25.9184
37.7653
13.8396
29.2454
18.3241
33.1177
61.3152
27.6875
20.4993
23.6103
25.6298
35.8749
18.5423
20.1146
11.6186
29.7650
9.7130
16.5113
23.4381
20.7572
26.1144
35.0362
21.1437
19.7210
28.5731
25.7266
24.4055
14.2424
41.6306
16.8734
24.6024
25.7140
33.3864
21.2358
20.2034
20.0351
12.3244
25.5369
24.7555
27.8775
33.9768
35.6704
39.6489
19.4916
33.5504
69.5588
29.3959
23.2035
50.3980
44.5265
16.0209
16.9856
20.4957
-0.2199
29.7689
20.5485
27.2315
7.9492
36.2844
16.7301
25.9004
16.5921
25.5505
31.9232
11.8629
17.4578
20.9320
13.0983
42.4565
29.7431
25.4612
35.4862
22.0229
33.7040
67.8160
28.1838
24.4166
7.9398
37.4940
24.2294
32.6521
49.9250
12.8910
17.4639
33.2116
27.7163
13.2410
20.3141
13.0492
46.3252
40.8083
17.7417
22.0057
8.5636
21.8307
24.7157
43.6138
34.5245
20.9176
36.2094
44.5986
24.1106
17.1622
15.5385
46.3912
30.0232
16.5433
43.9651
12.5155
21.4236
31.5482
20.2991
11.6037
28.4964
37.7989
25.0065
20.8826
16.7037
13.5633
15.9287
18.8629
20.1769
15.5527
32.1953
20.0715
36.8786
10.8715
34.7268
17.7828
29.6401
13.0738
14.0733
27.0027
16.1789
23.6825
15.0161
9.2075
13.9533
28.6894
46.7257
33.6188
39.1149
39.2969
11.3816
19.2444
37.2387
28.5094
39.8225
37.8218
21.5231
33.8317
23.5280
26.9348
27.6444
19.8685
21.2636
-1.3802
15.0761
32.6691
19.7139
34.2086
16.7183
10.9717
18.5047
36.9660
26.9734
26.1551
37.4752
46.3750
24.5096
41.1366
26.2294
30.0129
12.2046
30.8170
23.0277
16.1592
19.2108
24.6572
23.0287
13.0843
24.6761
30.9738
23.2194
13.9423
13.0569
16.9148
4.6283
51.4751
29.8595
29.8715
15.3979
17.9859
18.6095
16.5180
41.1936
21.1394
21.7684
12.9088
15.9412
37.6296
13.7623
8.6758
10.6008
25.5685
73.6591
12.4756
19.1609
14.4896
15.3638
28.6401
28.1454
11.7175
51.7543
16.6870
49.6387
27.0289
14.8056
29.1608
33.0681
28.1284
12.7987
23.9202
32.6361
11.7469
20.8665
28.1573
18.1757
35.1583
22.9798
40.3063
18.8479
13.2055
27.1189
14.1136
15.5203
36.7805
14.2755
20.1532
29.2203
19.7527
54.8023
28.3306
40.2040
23.6860
18.9065
19.5489
17.8739
30.2307
34.5985
5.5604
25.0978
17.4843
27.9768
27.3598
24.0707
28.2072
39.3905
16.4869
23.2268
65.7775
11.0454
26.9720
15.9918
33.4270
23.0502
25.7511
26.4792
18.0251
22.8376
34.3936
27.9407
29.7456
37.4579
26.6537
43.6248
17.9571
28.1226
33.2248
57.7221
28.1250
15.2349
11.1710
25.1889
35.8159
16.3715
29.4822
21.8114
23.4945
23.6421
40.2729
43.1575
30.4034
22.2652
49.6048
20.2066
14.5243
34.2656
10.0241
4.7905
17.1423
24.7845
26.5804
24.5700
29.2623
30.8300
21.9657
29.0080
16.1194
21.6391
44.9068
17.0534
22.3129
44.5558
27.4066
41.6281
20.3507
42.1339
19.9569
21.1211
48.7698
20.9902
36.4097
35.0413
29.3309
9.5054
23.9998
33.7763
34.8973
16.9981
23.2719
25.7349
14.7784
13.1162
12.1809
38.7719
36.0742
18.9456
38.4818
29.1869
11.0189
15.8140
27.6598
34.9031
10.7950
28.4844
45.2193
45.6461
16.5331
22.5564
34.9411
49.7084
38.3049
22.4165
21.4310
15.3889
22.6697
31.4620
28.5237
5.4056
17.9998
27.5453
43.7064
25.9287
22.5573
15.1187
21.0882
17.7792
12.4590
15.1964
35.8244
28.5024
-3.6985
25.1544
13.6806
23.9378
51.0783
16.5645
33.0573
21.1572
28.9657
10.8648
19.7134
21.2341
18.5402
32.7181
25.2689
59.3982
32.8809
36.7640
23.2266
49.8384
31.2386
32.2481
25.8630
31.3472
21.3824
27.6219
22.6805
14.7316
31.9149
16.4028
17.7111
28.7070
25.1956
19.6009
34.4449
17.2441
37.7721
14.8858
20.1213
8.0471
56.0472
36.8804
22.4503
22.9673
24.7560
15.6425
10.8566
23.0933
44.0410
23.6056
11.2437
21.7633
25.4385
34.8687
15.3089
5.4725
20.7147
24.6262
44.5856
24.2302
14.1887
7.4198
18.9738
22.4026
22.9804
22.7632
21.1325
14.5320
13.7473
20.6204
20.8389
33.2031
24.0785
15.0588
34.2811
35.2103
14.6520
38.4051
17.1792
39.5754
28.1899
10.5918
28.5417
27.6993
50.8164
26.2272
29.2316
18.4878
30.6691
18.7704
44.3895
40.6577
17.4148
26.7680
32.6616
41.8328
13.6970
23.1885
34.2360
25.1732
18.8208
17.1763
21.2179
29.7272
23.0263
13.2147
21.2189
26.3448
32.0906
20.9239
32.2181
28.7533
19.2776
9.8016
37.5738
31.5822
15.5052
26.5461
21.4048
35.1440
31.7887
15.0850
21.3313
23.1193
28.6852
27.9677
61.8354
43.4974
13.0536
24.3416
23.1025
26.9734
44.1033
31.2400
38.6926
50.3997
23.0116
16.7787
35.3184
28.3300
22.8535
26.1927
13.1427
30.4479
37.1825
13.9852
13.2419
25.2825
19.9122
18.0594
16.3084
25.4357
20.8054
40.4293
23.6945
18.5420
24.8482
27.1333
19.1494
26.4556
24.5774
22.0575
37.6171
34.3178
23.1418
15.6472
26.1995
9.8573
23.8327
26.6838
1.8569
29.9772
31.0720
31.1691
23.2322
13.8749
21.0762
13.0046
26.1712
21.4164
34.9799
24.9572
40.3387
20.2094
23.5989
24.6682
37.4998
29.1788
21.9515
29.6397
21.5637
34.5615
24.2624
18.4047
26.8536
32.4100
38.2630
12.6264
10.4248
19.8831
10.9339
19.1349
8.7513
16.5048
20.9666
37.4348
28.2687
23.9260
23.6381
14.0885
16.8745
36.0130
32.2465
29.9598
30.4616
63.1229
16.8039
25.9073
22.0517
14.3815
21.3690
19.3767
17.0314
3.0054
52.3141
30.1200
43.6335
14.7702
25.8632
13.5125
22.1510
20.5314
27.5243
33.4798
19.5500
31.5218
20.7544
18.7125
25.2027
22.6681
22.7641
36.5507
16.0300
41.4813
15.2646
21.6007
39.8982
22.3667
43.7842
28.5132
19.4447
15.9166
37.6408
26.7753
30.1198
34.3767
24.4531
24.5797
14.1589
10.1449
26.3712
8.4943
30.5502
30.0967
19.8861
16.6148
37.2863
25.9844
22.5516
38.1666
28.0066
14.8355
23.0198
28.4065
21.3806
37.2735
27.1031
30.4657
20.7338
29.2775
14.8801
19.0076
9.5577
18.1507
20.9939
43.8231
30.6045
14.5872
17.4779
29.7257
25.4912
40.5996
24.7455
18.9067
44.6337
16.2449
14.6073
13.5127
32.6609
38.8321
11.4262
8.7416
12.4203
16.8761
28.2052
23.6476
8.9890
34.8142
17.3970
20.7967
28.0415
34.1809
10.9762
49.3988
39.6420
18.0974
18.3960
19.4988
32.4214
26.4490
24.1042
8.5363
14.4134
21.8166
24.0938
34.5377
14.7057
29.8402
9.1889
20.0288
32.5878
45.4590
15.5334
24.2073
29.7277
23.9056
29.2310
29.2843
20.5343
17.0054
24.5619
29.2351
23.1989
21.6028
19.0772
9.6503
21.5856
13.7693
42.3608
41.0775
32.2570
17.2906
19.1094
10.8015
9.1887
16.3775
18.7244
19.0127
26.6763
8.1729
