20.6475
20.6475
20.6475
20.6475
20.6475
20.6475
20.6475
20.6475
20.6475
20.6475
20.6475
20.6475
20.6475
20.6475
20.6475
20.6475
20.6475
20.6475
20.6475
20.6475
20.6475
20.6475
20.6475
20.6475
20.6475
20.6475
20.6475
20.6475
20.6475
20.6475
20.6475
20.6475
20.6475
20.6475
20.6475
20.6475
20.6475
20.6475
20.6475
20.6475
20.6475
20.6475
20.6475
20.6475
20.6475
20.6475
19.1839
20.6475
20.6475
20.6475
20.6475
20.6475
20.6475
20.6475
20.6475
20.6475
20.6475
20.6475
20.6475
20.6475
20.6475
20.6475
20.6475
20.6475
20.6475
20.6475
20.6475
20.6475
20.6475
20.6475
20.6475
20.6475
49.0738
17.7751
20.6475
20.6475
20.6475
20.6475
20.6475
20.6475
20.6475
20.6475
20.6475
20.6475
20.6475
20.6475
20.6475
20.6475
20.6475
20.6475
20.6475
20.6475
20.6475
39.6508
20.6475
20.6475
20.6475
20.6475
20.6475
20.6475
20.6475
20.6475
20.6475
20.6475
20.6475
20.6475
20.6475
20.6475
20.6475
20.6475
20.6475
20.6475
20.6475
20.6475
20.6475
20.6475
20.6475
20.6475
20.6475
20.6475
20.6475
20.6475
20.6475
20.6475
20.6475
20.6475
20.6475
20.6475
20.6475
20.6475
20.6475
20.6475
20.6475
20.6475
20.6475
20.6475
20.6475
20.6475
20.6475
20.6475
20.6475
20.6475
20.6475
20.6475
20.6475
20.6475
20.6475
20.6475
20.6475
20.6475
20.6475
20.6475
20.6475
20.6475
20.6475
20.6475
20.6475
20.6475
20.6475
20.6475
20.6475
13.4712
20.6475
20.6475
20.6475
20.6475
20.6475
20.6475
20.6475
20.6475
20.6475
20.6475
20.6475
20.6475
20.6475
20.6475
20.6475
20.6475
20.6475
20.6475
20.6475
20.6475
20.6475
20.6475
20.6475
20.6475
20.6475
20.6475
20.6475
20.6475
20.6475
20.6475
20.6475
20.6475
20.6475
20.2412
20.6475
20.6475
20.6475
20.6475
20.6475
20.6475
20.6475
20.6475
20.6475
20.6475
20.6475
20.6475
20.6475
20.6475
20.6475
20.6475
20.6475
20.6475
20.6475
20.6475
20.6475
20.6475
20.6475
20.6475
20.6475
20.6475
20.6475
20.6475
20.6475
20.6475
20.6475
18.5398
20.6475
20.6475
20.6475
20.6475
20.6475
20.6475
20.6475
20.6475
20.6475
16.5688
20.6475
19.0534
20.6475
20.6475
20.6475
20.6475
20.6475
20.6475
20.6475
20.6475
20.6475
20.6475
20.6475
20.6475
20.6475
20.6475
20.6475
20.6475
57.5634
20.6475
20.6475
20.6475
20.6475
20.6475
20.6475
20.6475
20.6475
20.6475
20.6475
20.6475
20.6475
20.6475
20.6475
14.8735
20.6475
20.6475
19.1923
20.6475
20.6475
19.4455
20.6475
20.6475
20.6475
20.6475
20.6475
20.6475
20.0246
20.6475
20.6475
20.6475
20.6475
20.6475
20.6475
20.6475
20.6475
12.1385
20.6475
20.6475
20.6475
20.6475
20.6475
20.6475
20.6475
20.6475
20.6475
20.6475
20.6475
45.9966
20.6475
20.6475
20.6475
20.6475
20.6475
20.6475
20.6475
20.6475
20.6475
20.6475
20.6475
20.6475
20.6475
20.6475
20.6475
20.6475
20.6475
20.6475
20.6475
20.6475
20.6475
20.6475
20.6475
20.6475
20.6475
20.6475
20.6475
20.6475
20.6475
20.6475
20.6475
20.6475
20.6475
20.6475
20.6475
20.6475
20.6475
20.6475
20.6475
20.6475
20.6475
20.6475
20.6475
20.6475
20.6475
20.6475
20.6475
20.6475
20.6475
20.6475
20.6475
20.6475
20.6475
20.6475
20.6475
20.6475
20.6475
20.6475
20.6475
20.6475
20.6475
20.6475
20.6475
20.6475
20.6475
20.6475
20.6475
20.3190
20.6475
20.6475
20.6475
20.6475
20.6475
20.6475
20.6475
20.6475
20.6475
20.6475
20.6475
20.6475
20.6475
20.6475
20.6475
20.6475
20.6475
20.6475
20.6475
20.6475
20.6475
20.6475
20.6475
14.5916
20.6475
20.6475
20.6475
20.6475
20.6475
20.6475
20.6475
20.6475
20.6475
20.6475
20.6475
20.6475
20.6475
20.6475
20.6475
20.6475
20.6475
20.6475
20.6475
20.6475
20.6475
20.6475
20.6475
20.6475
20.6475
20.6475
20.6475
20.6475
20.6475
20.6475
20.6475
20.6475
20.6475
20.6475
20.6475
20.6475
20.6475
20.6475
20.6475
20.6475
20.6475
20.6475
20.6475
20.6475
18.0904
20.6475
20.6475
20.6475
20.6475
20.6475
20.6475
20.6475
20.6475
20.6475
20.6475
20.6475
20.6475
20.6475
20.6475
20.6475
20.6475
20.6475
19.4463
20.6475
20.6475
20.6475
20.6475
20.6475
20.6475
20.6475
20.6475
20.6475
20.6475
20.6475
20.6475
20.6475
20.6475
20.6475
20.6475
20.6475
20.6475
20.6475
20.6475
20.6475
20.6475
20.6475
20.6475
20.6475
20.6475
20.6475
20.6475
19.0973
20.6475
20.6475
20.6475
20.6475
15.5657
20.6475
20.6475
20.6475
20.6475
20.6475
20.6475
20.6475
20.6475
20.6475
20.6475
20.6475
20.6475
20.6475
20.6475
20.6475
20.6475
20.6475
20.6475
20.6475
20.6475
20.6475
20.6475
20.6475
20.6475
20.6475
20.6475
20.6475
20.6475
20.6475
20.6475
20.6475
20.6475
20.6475
20.6475
20.6475
20.6475
20.6475
20.6475
20.6475
20.6475
20.6475
20.6475
20.6475
20.6475
20.6475
20.6475
20.6475
20.6475
20.6475
20.6475
20.6475
20.6475
20.6475
20.6475
20.6475
20.6475
20.6475
20.6475
20.6475
20.6475
20.6475
20.6475
20.6475
20.6475
20.6475
20.6475
20.6475
20.6475
20.6475
20.6475
20.6475
20.6475
20.6475
20.6475
20.6475
20.6475
20.6475
20.6475
20.6475
20.6475
20.6475
20.6475
20.6475
20.6475
20.6475
20.6475
20.6475
20.6475
20.6475
20.6475
18.0865
20.6475
20.6475
20.6475
20.6475
20.6475
20.6475
20.6475
20.6475
20.6475
20.6475
20.6475
20.6475
20.6475
20.6475
20.6475
20.6475
20.6475
20.6475
20.6475
20.6475
20.6475
20.6475
20.6475
20.6475
20.6475
20.6475
20.6475
20.6475
20.6475
20.6475
20.6475
20.6475
20.6475
20.6475
20.6475
20.6475
20.6475
20.6475
20.6475
20.6475
20.6475
20.6475
20.6475
20.6475
20.6475
20.6475
20.6475
20.6475
20.6475
20.6475
20.6475
20.6475
20.6475
20.6475
20.6475
20.6475
20.6475
20.6475
20.6475
20.6475
20.6475
20.6475
20.6475
20.6475
20.6475
20.6475
20.6475
20.6475
20.6475
20.6475
20.6475
20.6475
20.6475
20.6475
20.6475
20.6475
20.6475
20.6475
20.6475
20.6475
20.6475
20.6475
20.6475
20.6475
20.6475
20.6475
20.6475
20.6475
20.6475
20.6475
20.6475
20.6475
20.6475
20.6475
20.6475
20.6475
20.6475
20.6475
20.6475
20.6475
20.6475
20.6475
18.7917
20.6475
20.6475
20.6475
20.6475
20.6475
20.6475
20.6475
20.6475
20.6475
20.6475
20.6475
20.6475
20.6475
20.6475
20.6475
20.6475
20.6475
20.6475
20.6475
20.6475
20.6475
20.6475
20.6475
20.6475
20.6475
20.6475
20.6475
20.6475
20.6475
20.6475
20.6475
20.6475
20.6475
20.6475
20.6475
20.6475
20.6475
20.6475
20.6475
20.6475
20.6475
20.6475
20.6475
20.6475
20.6475
20.6475
20.6475
20.6475
20.6475
20.6475
20.6475
20.6475
20.6475
20.6475
20.6475
20.6475
20.6475
20.6475
20.6475
20.6475
20.6475
20.6475
20.6475
20.6475
20.6475
20.6475
20.6475
20.6475
18.4844
20.6475
20.6475
20.6475
20.6475
20.6475
20.6475
20.6475
20.6475
20.6475
19.6204
20.6475
20.6475
20.6475
20.6475
20.6475
20.6475
20.6475
20.6475
20.6475
20.6475
20.6475
20.6475
20.6475
20.6475
20.6475
20.6475
20.6475
20.6475
20.6475
20.6475
19.9642
20.6475
20.6475
20.6475
20.6475
20.6475
20.6475
20.6475
20.6475
20.6475
20.6475
20.6475
20.6475
20.6475
20.6475
20.6475
20.6475
20.6475
20.6475
20.6475
20.6475
20.6475
20.6475
20.6475
20.6475
20.6475
20.6475
20.6475
20.6475
20.6475
20.6475
20.6475
20.6475
19.4187
20.6475
20.6475
20.6475
20.6475
20.6475
20.6475
20.6475
20.6475
20.6475
20.6475
20.6475
20.6475
20.6475
20.6475
20.6475
20.6475
20.6475
20.6475
20.6475
20.6475
20.6475
20.6475
20.6475
20.6475
20.6475
20.6475
20.6475
20.6475
20.6475
20.6475
20.6475
18.3899
20.6475
20.6475
20.6475
20.6475
20.6475
20.6475
20.6475
20.6475
20.6475
20.6475
20.6475
20.6475
20.6475
20.6475
20.6475
20.6475
20.6475
20.6475
20.6475
20.6475
20.6475
20.6475
20.6475
20.6475
20.6475
20.6475
20.6475
20.6475
20.6475
20.6475
20.6475
20.6475
20.6475
20.4069
20.6475
20.6475
20.6475
20.6475
20.6475
20.6475
20.6475
20.6475
20.6475
20.6475
20.6475
20.6475
20.6475
20.6475
20.6475
20.6475
20.6475
20.6475
20.6475
20.6475
20.6475
20.6475
20.6475
20.6475
20.6475
20.6475
20.6475
20.6475
20.6475
20.6475
20.6475
20.6475
20.6475
20.6475
20.6475
20.6475
20.6475
20.6475
20.6475
20.6475
20.6475
20.6475
20.6475
20.6475
20.6475
20.6475
20.6475
20.6475
20.6475
20.6475
20.6475
20.6475
20.6475
20.6475
20.6475
20.6475
19.4471
20.6475
20.6475
20.6475
20.6475
20.6475
20.6475
20.6475
20.6475
20.6475
20.6475
20.6475
20.6475
20.6475
20.6475
20.6475
20.6475
20.6475
20.6475
20.6475
20.6475
20.6475
20.6475
20.6475
20.6475
20.6475
20.6475
20.6475
20.6475
20.6475
20.6475
20.6475
20.6475
20.6475
20.6475
20.6475
20.6475
20.6475
20.6475
20.6475
20.6475
20.6475
20.6475
20.6475
20.6475
20.6475
20.6475
20.6475
20.6475
20.6475
20.6475
23.3957
20.6475
20.6475
20.6475
20.6475
20.6475
20.6475
20.6475
20.6475
20.6475
20.6475
20.6475
20.6475
20.6475
20.6475
20.6475
20.6475
19.3467
20.6475
20.6475
20.6475
20.6475
20.6475
20.6475
20.6475
20.6475
20.6475
20.6475
20.6475
20.6475
20.6475
20.6475
20.6475
20.6475
20.6475
20.6475
20.6475
20.6475
20.6475
20.6475
20.6475
20.6475
20.6475
20.6475
20.6475
20.6475
20.6475
20.6475
20.6475
20.6475
20.6475
20.6475
20.6475
20.6475
20.6475
20.6475
20.6475
20.6475
20.6475
20.6475
20.6475
20.6475
20.6475
20.6475
20.6475
20.6475
20.6475
20.6475
20.6475
20.6475
20.6475
20.6475
20.6475
20.6475
20.6475
20.6475
20.6475
20.6475
20.6475
20.6475
20.6475
20.6475
20.6475
20.6475
20.6475
20.6475
20.6475
20.6475
20.6475
20.6475
20.6475
20.6475
20.6475
20.6475
20.6475
20.6475
20.6475
20.6475
20.6475
20.6475
20.6475
20.6475
19.1913
20.6475
20.6475
20.6475
20.6475
20.6475
20.6475
20.6475
20.6475
20.6475
20.6475
17.3029
20.6475
20.6475
20.6475
20.6475
20.6475
20.6475
20.6475
20.6475
20.6475
20.6475
20.6475
20.6475
20.6475
20.6475
20.6475
20.6475
20.6475
20.6475
20.6475
20.6475
20.6475
20.6475
20.6475
20.1793
20.6475
20.6475
20.6475
20.6475
20.6475
20.6475
20.6475
20.6475
20.3276
20.6475
20.6475
20.6475
20.6475
20.6475
20.6475
20.6475
20.6475
20.6475
20.6475
20.6475
20.6475
20.6475
20.6475
20.6475
20.6475
20.6475
20.6475
20.6475
20.6475
20.6475
20.6475
20.6475
20.6475
20.6475
20.6475
20.6475
20.6475
20.6475
20.6475
20.6475
20.6475
20.6475
20.6475
20.6475
20.6475
20.6475
20.6475
20.6475
20.6475
20.6475
20.6475
20.6475
20.6475
20.6475
20.6475
20.6475
20.6475
20.6475
20.6475
20.6475
20.6475
20.6475
20.6475
20.6475
20.6475
20.6475
20.6475
20.6475
20.6475
20.6475
20.6475
20.6475
20.6475
20.6475
20.6475
20.6475
20.6475
20.6475
20.6475
20.6475
20.6475
20.6475
20.6475
20.6475
20.6475
20.6475
20.6475
20.6475
20.6475
20.6475
20.6475
20.6475
20.6475
20.6475
20.6475
20.6475
20.6475
20.6475
20.6475
20.6475
20.6475
20.6475
20.6475
20.6475
20.6475
20.6475
20.6475
20.6475
20.6475
20.6475
20.6475
20.6475
20.6475
20.6475
20.6475
20.6475
20.6475
20.6475
20.6475
20.6475
20.6475
20.6475
20.6475
20.6475
20.6475
20.6475
20.6475
20.6475
19.1276
20.6475
20.6475
20.6475
20.6475
20.6475
20.6475
20.6475
20.6475
20.6475
20.6475
20.6475
20.6475
20.6475
20.6475
20.6475
20.6475
20.6475
20.6475
20.6475
20.6475
20.6475
20.6475
20.6475
20.6475
20.6475
20.6475
20.6475
20.6475
20.6475
20.6475
20.6475
20.6475
20.6475
20.6475
20.6475
20.6475
20.6475
20.6475
20.6475
20.6475
20.6475
20.6475
20.6475
20.6475
20.6475
20.6475
20.6475
20.6475
20.6475
20.6475
20.6475
20.6475
20.6475
20.6475
20.6475
20.6475
20.6475
20.6475
20.6475
20.6475
20.6475
20.6475
19.4611
20.6475
20.6475
20.6475
20.6475
20.6475
20.6475
20.6475
20.6475
20.6475
20.6475
20.6475
20.6475
20.6475
14.4039
18.9914
20.6475
20.6475
20.6475
20.6475
20.6475
20.6475
20.6475
20.6475
20.6475
20.6475
20.6475
20.6475
20.6475
20.6475
20.6475
20.6475
20.6475
20.6475
20.6475
20.6475
20.6475
20.6475
20.6475
20.6475
20.6475
20.6475
20.6475
20.6475
20.6475
20.6475
20.6475
20.6475
20.6475
20.6475
20.6475
20.6475
20.6475
20.6475
20.6475
20.6475
20.6475
20.6475
20.6475
20.6475
20.6475
20.6475
20.6475
20.6475
20.6475
20.6475
20.6475
20.6475
20.6475
20.6475
20.6475
20.6475
20.6475
20.6475
20.6475
20.6475
20.6475
20.6475
20.6475
20.6475
20.6475
20.6475
20.6475
20.6475
20.6475
20.6475
20.6475
20.6475
20.6475
20.6475
20.6475
20.6475
20.6475
20.6475
20.6475
20.6475
20.6475
20.6475
20.6475
20.6475
20.6475
20.6475
20.6475
20.6475
20.6475
20.6475
20.6475
20.6475
20.6475
20.6475
20.6475
20.6475
20.6475
20.6475
20.6475
20.6475
20.6475
20.6475
20.6475
20.6475
20.6475
20.6475
20.6475
20.6475
20.6475
20.6475
20.6475
20.6475
20.6475
20.6475
20.6475
20.6475
20.6475
20.6475
20.6475
20.6475
20.6475
20.6475
20.6475
20.6475
20.6475
20.6475
20.6475
20.6475
20.6475
20.6475
20.6475
20.6475
20.6475
20.6475
20.6475
20.6475
18.5518
20.6475
20.6475
20.6475
20.6475
20.6475
20.6475
20.6475
20.6475
20.6475
20.6475
20.6475
20.6475
20.6475
20.6475
20.6475
20.6475
20.6475
20.6475
20.6475
20.6475
19.8620
20.6475
20.6475
20.6475
20.6475
20.6475
20.6475
20.6475
20.6475
20.6475
20.6475
20.6475
20.6475
20.6475
20.6475
20.6475
20.6475
20.6475
20.6475
20.6475
20.6475
20.6475
20.6475
20.6475
20.6475
20.6475
20.6475
20.6475
20.6475
20.6475
20.6475
20.6475
20.6475
20.6475
12.1721
20.6475
20.6475
20.6475
20.6475
20.6475
20.6475
20.6475
20.6475
20.6475
20.6475
20.6475
20.6475
20.6475
20.6475
20.6475
20.6475
20.6475
20.6475
20.6475
20.6475
20.6475
20.6475
20.6475
20.6475
20.6475
20.3011
20.6475
20.6475
20.6475
20.6475
20.6475
20.6475
20.6475
20.6475
20.6475
20.6475
20.6475
20.6475
20.6475
20.6475
20.6475
20.6475
20.6475
20.6475
20.6475
20.6475
20.6475
20.6475
20.6475
20.6475
20.6475
20.6475
20.6475
20.6475
20.6475
20.6475
20.6475
20.6475
20.6475
20.6475
20.6475
20.6475
20.6475
20.6475
20.6475
20.6475
20.6475
20.6475
20.6475
20.6475
20.6475
20.6475
20.6475
20.6475
20.6475
20.6475
20.6475
20.6475
20.6475
20.6475
20.6475
20.6475
20.6475
20.6475
20.6475
20.6475
20.6475
20.6475
20.6475
20.6475
20.6475
20.6475
20.6475
20.6475
20.6475
20.6475
20.6475
20.6475
20.6475
20.6475
20.6475
14.7533
20.6475
20.6475
16.7332
20.6475
20.6475
20.6475
20.6475
20.6475
20.6475
20.6475
20.6475
20.6475
20.6475
20.6475
20.6475
20.6475
20.6475
20.6475
20.6475
20.6475
20.6475
20.6475
20.6475
20.6475
20.6475
20.6475
20.6475
20.6475
20.6475
20.6475
20.6475
20.6475
20.6475
20.6475
20.6475
20.6475
20.6475
20.6475
20.6475
20.6475
20.6475
20.6475
20.6475
20.6475
20.6475
20.6475
20.6475
20.6475
20.6475
20.6475
20.6475
20.6475
20.6475
20.6475
20.6475
20.6475
20.6475
20.6475
20.6475
20.6475
20.6475
18.7963
20.6475
20.6475
20.6475
20.6475
20.6475
20.6475
20.6475
20.6475
20.6475
20.6475
20.6475
20.6475
20.6475
20.6475
20.6475
20.6475
20.6475
20.6475
20.6475
20.6475
20.6475
20.6475
20.6475
20.6475
20.6475
20.6475
20.6475
20.6475
20.6475
20.6475
20.5428
20.6475
20.3101
20.6475
20.0259
20.6475
20.6475
20.6475
20.6475
20.6475
20.6475
20.6475
20.6475
20.6475
20.6475
20.6475
20.6475
20.6475
20.6475
20.6475
20.6475
20.6475
20.6475
19.0632
20.6475
20.6475
20.6475
20.6475
20.6475
20.6475
20.6475
20.6475
20.6475
20.6475
20.6475
20.6475
20.6475
20.6475
20.6475
20.6475
20.6475
20.6475
20.6475
20.6475
20.6475
20.6475
20.6475
20.6475
20.6475
20.6475
20.6475
20.6475
20.6475
20.6475
20.6475
11.2926
20.6475
20.6475
20.6475
20.6475
20.6475
20.6475
20.6475
20.6475
20.6475
17.9189
20.6475
20.6475
20.6475
20.6475
20.6475
20.6475
20.6475
20.3969
20.6475
20.6475
20.6475
20.6475
20.6475
20.6475
20.6475
20.6475
20.6475
20.6475
20.6475
20.6475
20.6475
20.6475
20.6475
20.6475
20.6475
20.6475
20.6475
20.6475
20.6475
20.6475
20.6475
20.6475
20.6475
20.6475
20.6475
20.6475
20.6475
20.6475
20.6475
20.6475
20.6475
22.6885
20.6475
20.6475
20.6475
20.6475
20.6475
20.6475
20.6475
20.6475
20.6475
20.6475
20.6475
20.6475
20.6475
20.6475
20.6475
20.6475
20.6475
20.6475
20.6475
20.6475
20.6475
20.6475
20.6475
20.6475
20.6475
20.6475
20.6475
20.6475
20.6475
20.6475
20.6475
20.6475
20.6475
20.6475
20.6475
20.6475
20.6475
20.6475
20.6475
20.6475
20.6475
20.6475
20.6475
20.6475
20.6475
20.6475
20.6475
20.6475
20.6475
20.6475
20.6475
20.6475
20.6475
20.6475
20.6475
20.6475
20.6475
20.6475
20.6475
20.6475
20.6475
20.6475
20.6475
20.6475
20.6475
20.6475
20.6475
20.6475
20.6475
20.6475
20.6475
20.6475
20.6475
20.6475
18.3564
20.6475
20.6475
20.6475
20.6475
20.6475
20.6475
20.6475
20.6475
20.6475
20.6475
20.6475
20.6475
20.6475
20.6475
20.6475
20.6475
14.4067
20.6475
20.6475
20.6475
20.6475
20.6475
20.6475
20.6475
20.6475
20.6475
20.6475
20.6475
20.6475
20.6475
20.6475
20.6475
20.6475
20.6475
20.6475
20.6475
20.6475
20.6475
20.6475
20.6475
20.6475
20.6475
20.6475
20.6475
20.6475
20.6475
20.6475
20.6475
20.6475
20.6475
20.6475
20.6475
20.6475
20.6475
20.6475
20.6475
20.6475
20.6475
20.6475
20.6475
20.6475
20.6475
20.6475
15.1610
20.6475
20.6475
20.6475
20.6475
20.6475
20.6475
20.6475
20.6475
20.6475
20.6475
11.8359
20.6475
20.6475
20.6475
20.6475
20.6475
20.6475
20.6475
20.6475
20.6475
20.6475
20.6475
20.6475
20.6475
20.6475
20.6475
20.6475
20.6475
20.6475
20.6475
20.6475
20.6475
20.6475
20.6475
20.6475
20.6475
20.6475
20.6475
20.6475
20.6475
20.6475
20.6475
20.6475
20.6475
20.6475
20.6475
20.6475
20.6475
20.6475
20.6475
20.6475
20.6475
20.6475
20.6475
20.6475
20.6475
20.6475
20.6475
20.6475
20.6475
14.1794
20.6475
20.6475
20.6475
20.6475
20.6475
20.6475
20.6475
20.6475
20.6475
20.6475
20.6475
20.6475
20.6475
20.6475
20.6475
20.6475
20.6475
20.6475
20.6475
20.6475
20.6475
20.6475
20.6475
20.6475
20.6475
20.6475
20.6475
18.7014
20.6475
20.6475
20.6475
20.6475
20.6475
20.6475
20.6475
20.6475
20.6475
20.6475
20.6475
20.6475
20.6475
20.6475
20.6475
20.6475
20.6475
20.6475
20.6475
20.6475
20.6475
20.6475
20.6475
20.6475
20.6475
20.6475
20.6475
20.6475
20.6475
20.6475
20.6475
20.6475
20.6475
20.6475
20.6475
20.6475
20.6475
20.6475
20.6475
20.6475
19.6660
20.6475
20.6475
20.6475
20.6475
20.6475
20.6475
20.6475
20.6475
20.6475
20.6475
20.6475
20.6475
20.6475
20.6475
20.6475
20.6475
20.6475
20.6475
20.4537
20.6475
20.6475
20.6475
20.6475
20.6475
20.6475
20.6475
20.6475
20.6475
20.6475
20.6475
20.6475
20.6475
20.6475
20.6475
20.6475
20.2816
20.6475
20.6475
20.6475
20.6475
20.6475
20.6475
20.6475
20.6475
20.6475
20.6475
20.6475
20.6475
20.6475
20.6475
20.6475
20.6475
20.6475
20.6475
20.6475
20.6475
20.6475
20.6475
20.6475
20.6475
20.6475
20.6475
20.6475
20.6475
20.6475
20.6475
20.6475
20.6475
20.6475
20.6475
20.6475
20.6475
20.6475
20.6475
20.6475
20.6475
20.6475
20.6475
20.6475
20.6475
20.6475
20.6475
20.6475
20.6475
20.6475
20.6475
20.6475
20.6475
20.6475
20.6475
20.6475
20.6475
20.6475
20.6475
20.6475
20.6475
20.6475
20.6475
20.6475
20.6475
20.6475
20.6475
20.6475
20.6475
20.6475
20.6475
20.6475
20.6475
20.6475
20.6475
20.6475
20.6475
20.6475
20.6475
20.6475
20.6475
20.6475
20.6475
20.6475
20.6475
20.6475
20.6475
20.6475
20.6475
20.6475
20.6475
20.6475
20.6475
20.6475
20.6475
20.6475
20.6475
20.6475
20.6475
20.6475
20.6475
20.6475
20.6475
20.6475
20.6475
20.6475
20.6475
20.6475
20.6475
20.6475
20.6475
20.6475
20.6475
20.6475
20.6475
20.6475
20.6475
20.6475
20.6475
20.6475
20.6475
20.6475
20.6475
20.6475
20.6475
20.6475
20.6475
20.6475
20.6475
20.6475
20.6475
20.6475
20.6475
20.6475
20.6475
20.6475
20.6475
20.6475
20.6475
20.6475
20.6475
20.6475
20.6475
20.6475
20.6475
20.6475
20.6475
20.6475
20.6475
20.6475
20.6475
20.6475
20.6475
20.6475
19.5123
20.6475
20.6475
20.6475
20.6475
20.6475
20.6475
20.6475
20.6475
16.5753
20.6475
20.6475
20.6475
20.6475
20.6475
20.6475
20.6475
20.6475
20.6475
20.6475
20.6475
20.6475
20.6475
20.6475
20.6475
20.6475
20.6475
20.6475
20.6475
20.6475
20.6475
20.6475
18.2400
20.6475
20.6475
20.6475
20.6475
20.6475
20.6475
20.6475
20.6475
20.6475
20.6475
20.6475
20.6475
20.6475
20.6475
20.6475
20.6475
20.6475
20.6475
20.6475
20.6475
20.6475
20.6475
20.6475
20.6475
20.6475
20.6475
20.6475
20.6475
20.6475
20.6475
20.6475
20.6475
20.6475
20.6475
20.6475
20.6475
20.6475
20.6475
20.6475
20.2979
20.6475
20.6475
20.6475
20.6475
20.6475
20.6475
20.6475
20.6475
20.6475
20.6475
20.6475
20.6475
20.6475
20.6475
20.6475
20.6475
20.6475
20.6475
20.6475
20.6475
20.6475
20.6475
20.6475
20.6475
18.7886
20.6475
20.6475
20.6475
20.6475
20.6475
20.6475
20.6475
20.6475
19.2202
20.6475
20.6475
20.6475
20.6475
20.6475
20.6475
20.6475
20.6475
20.6475
20.6475
20.6475
20.6475
20.6475
20.6475
20.6475
20.6475
20.6475
20.6475
20.6475
20.6475
19.3686
20.6475
20.6475
20.6475
20.6475
20.6475
20.6475
20.6475
20.6475
20.6475
20.6475
20.6475
20.6475
20.6475
20.6475
20.6475
20.6475
20.6475
20.6475
20.6475
20.6475
20.6475
20.6475
20.6475
20.6475
20.6475
20.6475
20.6475
20.6475
20.6475
20.6475
20.6475
20.6475
20.6475
20.6475
20.6475
20.6475
20.6475
20.6475
20.6475
20.6475
20.6475
20.6475
20.6475
20.6475
20.6475
20.6475
20.6475
20.6475
20.6475
20.6475
20.6475
20.6475
20.6475
20.6475
20.6475
20.6475
20.6475
20.6475
20.6475
20.6475
20.6475
20.6475
20.6475
20.6475
20.6475
20.6475
20.6475
20.6475
20.6475
20.6475
20.6475
20.6475
20.6475
20.6475
20.6475
20.6475
20.6475
20.6475
20.6475
20.6475
20.6475
20.6475
20.6475
20.6475
20.6475
20.6475
20.6475
20.6475
20.6475
20.6475
20.6475
20.6475
20.6475
20.6475
20.6475
20.6475
20.6475
20.6475
20.6475
20.6475
20.6475
20.6475
17.5566
20.6475
20.6475
20.6475
20.6475
20.6475
20.6475
20.6475
20.6475
20.6475
20.6475
20.5657
20.6475
20.6475
20.6475
20.6475
20.6475
20.6475
20.6475
20.6475
20.6475
20.6475
20.6475
20.6475
20.6475
20.6475
20.6475
20.6475
20.6475
20.6475
20.6475
20.6475
20.6475
20.6475
20.6475
20.6475
20.6475
20.6475
20.6475
20.6475
20.6475
20.6475
20.6475
20.6475
20.6475
20.6475
20.6475
20.6475
20.6475
20.6475
20.6475
20.6475
20.6475
20.6475
20.6475
20.6475
20.6475
20.6475
20.6475
20.6475
20.6475
20.6475
20.6475
20.6475
20.6475
20.6475
20.6475
20.6475
14.2166
20.6475
20.6475
20.6475
20.6475
20.6475
20.6475
20.6475
20.6475
20.6475
20.6475
20.6475
20.6475
20.6475
20.6475
20.6475
20.6475
20.6475
20.6475
20.6475
20.6475
20.6475
20.6475
20.6475
20.6475
20.6475
20.6475
20.6475
20.6475
20.6475
16.5669
20.6475
20.6475
20.6475
20.6475
20.6475
20.6475
20.6475
20.6475
20.6475
20.6475
20.6475
20.6475
20.6475
20.6475
20.6475
20.6475
20.6475
20.6475
20.6475
20.6475
16.3598
20.6475
20.6475
20.6475
20.6475
20.6475
20.6475
20.6475
20.6475
20.6475
20.6475
19.4988
20.6475
20.6475
18.4897
20.6475
20.6475
20.6475
20.6475
20.6475
20.6475
20.6475
20.6475
20.6475
20.6475
20.6475
20.6475
20.6475
20.6475
20.6475
20.6475
20.6475
20.6475
20.6475
20.6475
20.6475
20.6475
20.6475
20.6475
20.6475
20.6475
20.6475
20.6475
20.6475
20.6475
20.6475
20.6475
20.6475
20.6475
20.6475
20.6475
20.6475
20.6475
20.6475
20.6475
20.6475
20.6475
20.6475
20.6475
20.6475
20.6475
20.6475
20.6475
20.6475
20.5024
20.6475
20.6475
20.6475
20.6475
20.6475
20.6475
20.6475
20.6475
20.6475
19.8683
20.6475
20.6475
20.6475
20.6475
20.6475
20.6475
20.6475
20.6475
20.6475
20.6475
20.6475
20.6475
20.6475
20.6475
20.6475
20.6475
20.6475
20.6475
20.6475
20.6475
20.6475
20.6475
20.6475
20.6475
20.6475
20.6475
20.6475
20.6475
20.6475
20.6475
20.6475
20.6475
20.6475
20.6475
20.6475
20.6475
20.6475
20.6475
20.6475
20.5643
20.6475
20.6475
20.6475
20.6475
20.6475
20.6475
20.6475
20.6475
20.6475
20.6475
20.6475
20.6475
20.6475
20.6475
20.6475
20.6475
20.6475
20.6475
20.6475
20.6475
20.6475
20.6475
25.5091
20.6475
20.6475
20.6475
20.6475
20.6475
20.6475
20.6475
20.6475
20.6475
20.6475
20.6475
20.6475
20.6475
20.6475
20.6475
20.6475
20.6475
20.6475
20.6475
20.6475
20.6475
20.6475
20.6475
20.6475
20.6475
20.6475
20.6475
20.6475
20.6475
16.5935
20.6475
20.6475
20.6475
20.6475
20.6475
16.5076
20.6475
20.6475
20.6475
20.6475
20.6475
20.6475
20.6475
20.6475
20.6475
20.6475
20.6475
20.6475
20.6475
20.6475
20.6475
20.6475
20.6475
20.6475
20.6475
20.6475
20.6475
20.6475
20.6475
20.6475
20.6475
20.6475
20.6475
20.6475
20.6475
20.6475
20.6475
20.6475
20.5221
20.6475
20.6475
20.6475
20.6475
20.6475
20.6475
20.6475
20.6475
20.6475
20.6475
20.6475
20.6475
20.6475
20.6475
20.6475
20.6475
20.6475
20.6475
20.6475
20.6475
20.6475
20.6475
20.6475
20.6475
18.3230
20.6475
20.6475
20.6475
20.6475
20.6475
20.6475
20.6475
20.6475
20.6475
20.6475
20.6475
20.6475
20.6475
20.6475
20.6475
20.6475
20.6475
20.6475
20.6475
20.6475
20.6475
20.6475
20.6475
20.6475
20.6475
20.6475
20.6475
20.6475
20.6475
20.6475
20.6475
20.6475
20.6475
20.6475
20.6475
20.6475
20.6475
20.6475
20.6475
20.6475
20.6475
20.6475
20.6475
20.6475
20.6475
20.6475
20.6475
20.6475
15.9532
20.6475
20.6475
20.6475
20.6475
20.6475
20.6475
21.0091
20.6475
20.6475
20.6475
20.6475
20.6475
20.6475
20.6475
20.6475
20.6475
20.6475
20.6475
20.6475
20.6475
20.6475
20.6475
20.6475
20.6475
20.6475
20.6475
20.6475
20.6475
20.6475
20.6475
20.6475
20.6475
20.6475
20.6475
20.6475
20.6475
20.6475
20.6475
20.6475
20.6475
20.6475
20.6475
20.6475
20.6475
20.6475
20.6475
20.6475
20.6475
20.6475
20.6475
20.6475
20.6475
18.9391
20.6475
20.6475
18.6678
17.2402
20.6475
20.6475
20.6475
20.6475
20.6475
20.6475
20.6475
20.6475
20.6475
20.6475
20.6475
20.6475
20.6475
20.6475
20.6475
20.6475
20.6475
20.6475
20.6475
20.6475
20.6475
20.6475
20.6475
20.6475
20.6475
20.6475
20.6475
20.6475
20.6475
20.6475
20.6475
20.6475
20.6475
20.6475
20.6475
20.6475
26.3214
20.6475
20.6475
20.6475
20.6475
20.6475
20.6475
20.6475
20.6475
20.6475
20.6475
20.6475
20.6475
20.6475
20.6475
20.6475
20.6475
20.6475
20.6475
20.6475
20.6475
20.6475
20.6475
20.6475
20.6475
20.6475
20.6475
20.6475
20.6475
20.6475
20.6475
20.6475
20.6475
20.6475
20.6475
20.6475
20.6475
20.6475
20.6475
20.6475
20.6475
20.6475
20.6475
20.6475
20.6475
20.6475
20.6475
20.6475
20.6475
20.6475
20.6475
20.6475
20.6475
20.6475
20.6475
20.6475
20.6475
20.6475
20.6475
20.6475
20.6475
20.6475
20.6475
20.6475
20.6475
20.6475
20.6475
20.6475
20.6475
20.6475
20.6475
20.6475
20.6475
20.6475
20.6475
20.6475
20.6475
20.6475
20.6475
20.6475
20.6475
20.6475
20.6475
20.6475
20.6475
20.6475
20.6475
20.6475
20.6475
20.6475
19.9353
20.6475
20.6475
20.6475
20.6475
20.6475
20.6475
20.6475
20.6475
20.6475
20.6475
20.6475
20.6475
20.6475
20.6475
20.6475
20.6475
20.6475
20.6475
20.6475
20.6475
20.6475
20.6475
20.6475
20.6475
20.6475
20.6475
20.6475
20.6475
20.6475
20.6475
20.6475
20.6475
20.6475
20.6475
20.6475
20.6475
20.6475
20.6475
20.6475
20.6475
20.6475
20.6475
20.6475
20.6475
20.6475
20.6475
20.6475
20.6475
20.6475
20.6475
20.6475
20.6475
20.6475
20.6475
20.6475
20.6475
18.9517
20.6475
20.6475
20.6475
20.6475
20.6475
20.6475
20.6475
20.6475
20.6475
20.6475
20.6475
20.6475
20.6475
20.6475
20.6475
20.6475
20.6475
20.6475
20.6475
20.6475
20.6475
20.6475
20.6475
20.6475
20.6475
20.6475
20.6475
20.6475
20.6475
20.6475
20.6475
20.6475
20.6475
20.6475
20.6475
20.6475
20.6475
20.6475
20.6475
20.6475
20.6475
20.6475
20.6475
20.6475
20.6475
20.6475
20.6475
20.6475
20.6475
20.6475
20.6475
20.6475
20.6475
20.6475
20.6475
20.6475
20.6475
20.6475
20.6475
20.6475
20.6475
20.6475
20.6475
20.6475
20.6475
20.6475
20.6475
20.6475
20.6475
20.6475
20.6475
20.6475
20.6475
20.6475
20.6475
20.6475
20.6475
20.6475
20.6475
20.6475
20.6475
20.6475
20.6475
20.6475
20.6475
20.6475
20.6475
20.6475
20.6475
20.6475
20.6475
20.6475
20.6475
20.6475
20.6475
20.6475
20.6475
20.6475
20.6475
20.6475
20.6475
20.6475
20.6475
20.6475
20.6475
20.6475
20.6475
20.6475
20.6475
20.6475
20.6475
20.6475
20.6475
20.6475
17.9254
20.6475
20.6475
20.6475
20.6475
20.6475
20.6475
20.6475
20.6475
20.6475
20.6475
20.6475
20.6475
20.6475
20.6475
20.6475
20.6475
20.6475
20.6475
20.6475
20.6475
20.6475
20.6475
20.6475
20.6475
20.6475
13.3302
20.6475
20.6475
19.8515
20.6475
20.6475
20.6475
20.6475
20.6475
20.6475
20.6475
20.6475
20.6475
20.6475
20.6475
20.6475
20.6475
20.6475
20.6475
20.6475
20.6475
20.6475
20.6475
20.6475
20.6475
20.6475
20.6475
20.6475
20.6475
20.6475
20.6475
20.6475
20.6475
20.6475
20.6475
20.6475
20.6475
20.6475
20.6475
20.6475
20.6475
20.6475
20.6475
20.6475
20.6475
20.6475
20.6475
20.6475
20.6475
20.6475
20.6475
20.6475
20.6475
20.6475
20.6475
20.6475
20.6475
20.6475
20.6475
20.6475
20.6475
20.6475
20.6475
20.6475
20.6475
20.6475
20.6475
20.6475
20.6475
20.6475
20.6475
20.6475
20.6475
20.6475
20.6475
20.6475
20.6475
20.6475
20.6475
20.6475
20.6475
20.6475
20.6475
19.8141
20.6475
20.6475
20.6475
20.6475
20.6475
20.6475
20.6475
20.6475
20.6475
20.6475
20.6475
20.6475
20.6475
20.6475
20.6475
20.6475
20.6475
20.6475
20.6475
20.6475
20.6475
20.6475
20.6475
20.6475
20.6475
20.6475
20.6475
20.6475
20.6475
20.6475
20.6475
20.6475
20.6475
20.6475
20.6475
20.6475
20.6475
20.6475
20.6475
20.6475
20.6475
20.6475
20.6475
20.6475
20.6475
20.6475
20.6475
20.6475
20.6475
20.6475
20.6475
20.6475
20.6475
20.6475
20.6475
20.6475
20.6475
20.6475
20.6475
20.6475
20.6475
20.6475
20.6475
20.6475
20.6475
20.6475
20.6475
20.6475
20.6475
20.6475
20.6475
20.6475
20.6475
20.6475
20.6475
20.6475
20.6475
20.6475
20.6475
19.2405
20.6475
20.6475
20.6475
20.6475
20.6475
20.6475
20.6475
20.6475
20.6475
18.9365
20.6475
20.6475
20.6475
20.6475
20.6475
20.6475
20.6475
20.6475
20.6475
20.6475
20.6475
20.6475
20.6475
20.6475
20.6475
20.6475
20.6475
20.6475
20.6475
20.6475
20.6475
20.6475
20.6475
20.6475
20.6475
20.6475
20.6475
20.6475
20.6475
20.6475
20.6475
20.6475
20.6475
20.6475
20.6475
20.6475
20.6475
20.6475
20.6475
20.6475
20.6475
20.6475
20.6475
20.6475
20.6475
20.6475
20.6475
20.6475
20.6475
20.6475
20.6475
20.6475
20.6475
20.6475
20.6475
20.6475
20.6475
20.6475
20.6475
20.6475
20.6475
20.6475
20.6475
20.6475
20.6475
20.6475
20.6475
20.6475
20.6475
20.6475
20.6475
20.6475
20.6475
20.6475
20.6475
20.6475
20.6475
20.6475
20.6475
20.6475
20.6475
20.6475
20.6475
20.6475
20.6475
18.9967
20.6475
20.6475
20.6475
20.6475
20.6475
20.6475
20.6475
20.6475
20.6475
20.6475
20.6475
20.6475
20.6475
20.6475
20.6475
20.6475
20.6475
20.6475
20.6475
20.6475
20.6475
20.6475
20.6475
20.6475
20.6475
20.6475
20.6475
20.6475
20.6475
20.6475
20.6475
20.6475
20.6475
20.6475
20.6475
20.6475
20.6475
20.6475
20.6475
20.6475
20.6475
20.6475
20.6475
20.6475
20.6475
20.6475
20.6475
20.6475
20.6475
20.6475
20.6475
20.6475
20.6475
20.6475
20.6475
20.6475
20.6475
20.6475
20.6475
20.6475
20.6475
20.6475
20.6475
20.6475
19.9473
20.6475
20.6475
20.6475
20.6475
20.6475
20.6475
20.6475
20.6475
20.6475
20.6475
20.6475
20.6475
20.6475
20.6475
20.6475
20.6475
20.6475
20.6475
20.6475
20.6475
20.6475
20.6475
20.6475
20.6475
20.6475
20.6475
20.6475
20.6475
20.6475
20.6475
20.6475
20.6475
20.6475
20.6475
20.6475
20.6475
20.6475
20.6475
20.6475
20.6475
20.6475
20.6475
20.6475
20.6475
20.6475
20.6475
20.6475
20.6475
20.6475
20.6475
20.6475
20.6475
20.6475
20.6475
20.6475
20.6475
20.6475
20.6475
20.6475
20.6475
20.6475
20.6475
20.6475
20.6475
20.6475
20.6475
20.6475
20.6475
20.6475
20.6475
20.6475
20.6475
20.6475
20.6475
20.6475
20.6475
20.6475
20.6475
20.6475
20.6475
20.6475
20.6475
20.6475
20.6475
20.6475
20.6475
20.6475
20.6475
20.6475
20.6475
20.6475
20.6475
20.6475
20.6475
20.6475
20.6475
20.6475
20.6475
20.6475
20.6475
20.6475
20.6475
20.6475
20.6475
20.6475
20.6475
20.6475
20.6475
20.6475
20.6475
20.6475
20.6475
20.6475
20.6475
20.6475
20.6475
20.6475
20.6475
20.6475
20.6475
20.6475
20.6475
20.6475
20.6475
20.6475
20.6475
20.6475
20.6475
20.6475
20.6475
20.6475
20.6475
20.6475
20.6475
20.6475
20.6475
20.6475
20.6475
20.6475
20.6475
20.6475
20.6475
20.6475
20.6475
20.6475
20.6475
20.6475
20.6475
20.6475
20.6475
20.6475
20.6475
20.6475
20.6475
20.6475
20.6475
20.6475
20.6475
20.6475
20.6475
20.6475
20.6475
20.6475
20.6475
20.6475
20.6475
20.6475
20.6475
20.6475
20.6475
20.6475
20.6475
20.6475
20.6475
20.6475
20.6475
20.6475
20.6475
20.6475
20.6475
20.6475
20.6475
20.6475
20.6475
20.6475
20.6475
20.6475
20.6475
20.6475
20.6475
20.6475
20.6475
20.6475
20.6475
20.6475
20.6475
20.6475
20.6475
20.6475
20.6475
20.6475
20.6475
20.6475
20.6475
20.6475
20.6475
20.6475
20.6475
20.6475
20.6475
20.6475
20.6475
20.6475
20.6475
20.6475
20.6475
20.6475
20.6475
20.6475
20.6475
20.6475
20.6475
20.6475
20.6475
20.6475
20.6475
20.6475
20.6475
20.6475
20.6475
20.6475
20.6475
20.6475
20.6475
20.6475
20.6475
20.6475
20.6475
20.6475
20.6475
20.6475
20.6475
20.6475
20.6475
20.6475
20.6475
20.6475
20.6475
20.6475
20.6475
20.6475
20.6475
20.6475
20.6475
20.6475
20.6475
20.6475
20.6475
20.6475
20.6475
20.6475
20.6475
20.6475
20.6475
20.6475
20.6475
20.6475
20.6475
20.6475
20.6475
20.6475
20.6475
16.1451
20.6475
20.6475
20.6475
20.6475
20.6475
20.6475
20.6475
20.6475
20.6475
20.6475
20.6475
42.6155
20.6475
20.6475
20.6475
20.6475
20.6475
20.6475
20.6475
20.6475
20.6475
20.6475
20.6475
20.6475
20.6475
20.6475
20.6475
20.6475
20.6475
20.6475
20.6475
20.6475
20.6475
20.6475
20.6475
20.6475
20.6475
20.6475
20.6475
20.6475
20.6475
20.6475
20.6475
20.6475
20.6475
20.6475
20.6475
20.6475
20.6475
20.6475
20.6475
20.6475
20.6475
20.6475
20.6475
20.6475
20.6475
20.6475
20.6475
20.6475
20.6475
20.6475
20.6475
20.6475
20.6475
20.6475
20.6475
20.6475
20.6475
20.6475
20.6475
20.6475
20.6475
20.6475
20.6475
20.6475
20.6475
20.6475
20.6475
20.6475
20.6475
20.6475
20.6475
20.6475
20.6475
20.6475
20.6475
20.6475
20.6475
20.6475
20.6475
20.6475
20.6475
20.6475
20.6475
20.6475
20.6475
20.6475
20.6475
20.6475
20.6475
20.6475
20.6475
20.6475
20.6475
20.6475
20.6475
20.6475
20.6475
20.6475
20.6475
20.6475
20.6475
13.4941
20.6475
20.6475
20.6475
20.6475
20.6475
20.6475
18.9999
20.6475
20.6475
20.6475
20.6475
20.6475
20.6475
20.6475
24.2943
20.6475
20.6475
20.6475
20.6475
20.6475
20.6475
20.6475
20.6475
20.6475
20.6475
20.6475
20.6475
20.6475
20.6475
20.6475
20.6475
20.6475
20.6475
20.6475
20.6475
20.6475
20.6475
20.6475
20.6475
20.6475
20.6475
20.6475
20.6475
20.6475
20.6475
20.6475
20.6475
20.6475
20.6475
20.6475
20.6475
20.6475
20.6475
20.6475
20.6475
20.6475
20.6475
20.6475
20.6475
20.6475
20.6475
20.6475
20.6475
20.6475
20.6475
20.6475
20.6475
20.6475
20.6475
20.6475
20.6475
20.6475
20.6475
20.6475
20.6475
20.6475
20.6475
20.6475
20.6475
20.6475
18.3947
20.6475
20.6475
20.6475
20.6475
20.6475
20.6475
20.6475
20.6475
20.6475
20.6475
20.6475
20.6475
20.6475
20.1132
20.6475
20.6475
20.6475
20.6475
20.6475
20.6475
14.8548
20.6475
20.6475
19.9057
14.8587
14.6290
20.6475
20.6475
20.6475
20.6475
20.6475
20.6475
20.6475
20.6475
20.6475
20.6475
20.6475
20.6475
20.6475
20.6475
20.6475
20.6475
20.6475
20.6475
20.6475
20.6475
20.6475
20.6475
20.6475
20.6475
20.6475
20.6475
20.6475
20.6475
20.6475
20.6475
20.6475
20.6475
20.6475
20.6475
20.6475
20.6475
20.6475
20.6475
20.6475
20.6475
20.6475
20.6475
20.6475
20.6475
20.6475
20.6475
20.6475
20.6475
20.6475
20.6475
20.6475
20.6475
20.6475
20.6475
20.6475
20.6475
20.6475
20.6475
20.6475
20.6475
20.6475
20.6475
20.6475
20.6475
20.6475
20.6475
20.6475
20.6475
20.6475
20.6475
20.6475
20.6475
20.6475
20.6475
20.6475
20.6475
16.7588
20.6475
20.6475
20.6475
20.6475
20.6475
20.6475
20.6475
18.8494
20.6475
20.6475
20.6475
20.6475
20.6475
20.6475
20.6475
20.6475
16.7296
20.6475
20.6475
20.6475
20.6475
20.6475
20.6475
20.6475
20.6475
20.6475
13.1996
20.6475
20.6475
20.6475
20.6475
19.5323
20.6475
20.6475
20.6475
20.6475
20.6475
20.6475
20.6475
30.6989
20.6475
20.6475
20.6475
20.6475
20.6475
20.6475
20.6475
20.6475
20.6475
20.6475
20.6475
20.6475
20.6475
20.6475
20.6475
20.6475
20.6475
20.6475
20.6475
16.4577
20.6475
20.6475
20.6475
20.6475
20.6475
20.6475
20.6475
20.6475
20.6475
16.2889
20.6475
20.6475
19.6793
20.6475
18.2819
20.6475
20.6475
20.6475
20.6475
64.2600
20.6475
20.6475
20.6475
20.6475
20.6475
20.6475
20.6475
20.6475
20.6475
16.4797
20.2009
20.6475
20.6475
20.6475
20.6475
20.6475
20.6475
20.6475
20.6475
20.6475
20.6475
20.6475
20.6475
20.6475
20.6475
20.6475
20.6475
20.6475
20.6475
20.6475
14.9789
20.6475
20.6475
20.6475
20.6475
20.6475
20.6475
20.6475
20.6475
20.6475
20.6475
20.6475
20.6475
20.6475
19.9008
20.6475
20.6475
20.6475
20.6475
20.6475
20.6475
20.6475
20.6475
20.6475
20.6475
20.6475
20.6475
20.6475
20.6475
20.4504
20.6475
20.6475
20.6475
20.6475
20.6475
20.6475
20.6475
20.6475
20.6475
20.6475
20.6475
20.6475
20.6475
20.6475
20.6475
20.6475
20.3117
20.6475
20.6475
20.6475
20.6475
20.6475
20.6475
20.6475
20.6475
20.6475
20.6475
20.6475
20.6475
20.6475
20.6475
20.6475
20.6475
20.6475
20.6475
20.6475
20.6475
20.6475
20.6475
20.6475
20.6475
20.6475
20.6475
20.6475
20.6475
20.6475
20.6475
20.6475
20.6475
20.6475
20.6475
20.6475
20.6475
20.6475
20.6475
20.6475
20.6475
20.6475
20.6475
20.6475
20.6475
20.6475
20.6475
20.6475
20.6475
20.6475
20.6475
20.6475
20.6475
20.6475
20.6475
20.6475
20.6475
20.6475
20.6475
20.6475
20.6475
20.6475
20.6475
20.6475
20.6475
20.6475
20.6475
20.6475
19.7554
20.6475
20.6475
20.6475
20.6475
20.6475
20.6475
20.6475
20.6475
20.6475
20.6475
20.6475
20.6475
20.6475
20.6475
20.6475
20.6475
20.6475
20.6475
20.6475
20.6475
20.6475
20.6475
20.6475
20.6475
20.6475
20.6475
20.6475
20.6475
20.6475
20.6475
20.6475
20.6475
20.6475
20.6475
20.6475
20.6475
20.6475
20.6475
20.6475
20.6475
20.6475
20.6475
20.6475
20.6475
20.6475
20.4628
20.6475
20.6475
20.6475
20.6475
20.6475
20.6475
20.6475
20.6475
20.6475
20.6475
20.6475
20.6475
20.6475
20.6475
20.6475
20.6475
20.6475
20.6475
20.6475
20.6475
20.6475
20.6475
20.6475
20.6475
20.6475
20.6475
20.6475
20.6475
20.6475
20.6475
20.6475
20.6475
20.6475
20.6475
20.6475
20.6475
20.6475
16.0835
20.6475
20.6475
20.6475
20.6475
20.6475
20.6475
20.6475
20.6475
20.6475
20.6475
20.6475
20.6475
20.6475
20.6475
20.6475
20.6475
20.6475
20.6475
20.6475
20.6475
20.6475
20.6475
20.6475
20.6475
20.6475
20.6475
20.6475
20.6475
20.6475
20.6475
20.6475
20.6475
20.6475
20.6475
20.6475
20.6475
20.6475
20.6475
20.6475
20.6475
20.6475
20.6475
20.6475
20.6475
20.6475
20.6475
20.6475
20.6475
20.6475
20.6475
20.6475
20.6475
20.6475
20.6475
20.6475
20.6475
20.6475
20.6475
19.3750
20.6475
20.6475
20.6475
20.6475
20.6475
20.6475
20.6475
20.6475
20.6475
20.6475
20.6475
20.6475
20.6475
20.6475
20.6475
20.6475
20.6475
20.6475
20.6475
20.6475
20.6475
20.6475
20.6475
20.6475
20.6475
20.6475
20.6475
20.6475
20.6475
20.6475
20.6475
20.6475
20.6475
20.6475
20.6475
20.6475
20.6475
20.6475
20.6475
20.6475
20.6475
20.6475
20.6475
20.6475
20.6475
20.6475
20.6475
20.6475
20.6475
20.6475
20.6475
20.6475
20.6475
20.6475
20.6475
20.6475
20.6475
20.6475
20.6475
20.6475
20.6475
20.6475
20.6475
20.6475
20.6475
20.6475
20.6475
20.6475
20.6475
20.6475
20.6475
20.6475
20.6475
20.6475
20.6475
20.6475
20.6475
20.6475
20.6475
20.6475
20.6475
20.6475
20.6475
20.6475
20.6475
20.6475
20.6475
20.6475
20.6475
20.6475
20.6475
20.6475
20.6475
20.6475
20.6475
20.6475
20.6475
20.6475
20.6475
20.6475
20.6475
20.6475
20.6475
20.6475
20.6475
20.6475
20.6475
20.6475
20.6475
20.6475
20.6475
20.6475
20.6475
20.6475
20.6475
20.6475
20.6475
20.6475
20.6475
20.6475
20.6475
20.6475
20.6475
20.6475
20.6475
20.6475
20.6475
20.6475
20.6475
20.6475
20.6475
20.6475
20.6475
20.6475
20.6475
20.6475
20.6475
20.6475
20.6475
20.6475
20.6475
20.6475
20.6475
20.6475
20.6475
20.6475
20.6475
20.6475
20.6475
20.6475
20.6475
20.6475
20.6475
20.6475
20.6475
20.6475
20.6475
20.6475
20.6475
20.6475
20.6475
20.6475
20.6475
20.6475
20.6475
20.2914
20.6475
20.6475
20.6475
20.6475
20.6475
20.6475
20.6475
20.6475
20.6475
20.6475
20.6475
20.6475
20.6475
20.6475
20.6475
20.6475
20.6475
20.6475
20.6475
20.6475
20.6475
20.6475
20.6475
20.6475
20.6475
20.6475
20.6475
20.6475
20.6475
20.6475
20.6475
20.6475
20.6475
20.3726
20.6475
20.6475
20.6475
20.6475
20.6475
20.6475
20.6475
20.6475
20.6475
20.6475
20.6475
20.6475
20.6475
20.6475
20.6475
20.6475
20.6475
20.6475
20.6475
20.6475
20.6475
20.6475
20.6475
20.6475
20.6475
20.6475
20.6475
20.6475
20.6475
20.6475
20.6475
20.6475
20.6475
17.9070
20.6475
20.6475
20.6475
20.6475
20.6475
20.6475
20.6475
20.6475
20.6475
20.6475
20.6475
20.6475
20.6475
20.6475
20.6475
20.6475
20.6475
20.6475
20.6475
20.6475
16.7146
20.6475
20.6475
20.6475
20.0169
20.6475
20.6475
20.6475
20.6475
20.6475
20.6475
20.6475
20.6475
20.6475
20.6475
20.6475
20.6475
20.6475
20.6475
20.6475
20.6475
20.6475
20.6475
20.6475
20.6475
20.6475
20.6475
18.4485
20.6475
20.6475
20.6475
20.6475
20.6475
20.6475
20.6475
27.8045
20.6475
20.6475
20.6475
20.6475
20.6475
20.6475
20.6475
20.6475
20.6475
20.6475
20.6475
20.6475
20.6475
20.6475
20.6475
20.6475
20.6475
20.6475
20.6475
20.6475
20.6475
20.6475
20.6475
20.6475
20.6475
20.6475
20.6475
20.6475
20.6475
20.6475
20.6475
20.6475
20.6475
20.6475
20.6475
20.6475
20.6475
20.6475
20.6475
20.6475
20.6475
20.6475
20.6475
20.6475
20.6475
20.6475
20.6475
20.6475
20.6475
20.6475
20.6475
20.6475
20.6475
20.6475
20.6475
20.6475
20.6475
20.6475
20.6475
20.6475
20.6475
20.6475
20.6475
20.6475
20.6475
20.6475
20.6475
20.6475
20.6475
20.6475
20.6475
20.6475
20.6475
20.6475
20.6475
20.6475
20.6475
20.6475
20.6475
