14,8588
12,5404
20,1847
12,7489
32,2730
21,4110
11,7787
26,8879
23,3150
17,1856
20,1696
12,2825
0,5404
23,1923
-3,5669
19,0051
22,3155
14,2165
26,6848
28,8583
17,0690
21,8084
4,8173
23,5581
27,9291
19,5615
22,5850
10,1558
9,3156
17,0287
27,7254
18,4432
21,9125
14,8578
17,0823
15,8406
30,2931
15,0213
4,2679
20,4272
38,0951
22,2064
14,6053
13,7350
12,1788
12,8956
14,4311
4,8417
14,7819
23,1391
11,8383
23,5637
22,9099
20,3590
23,9726
17,1234
7,6428
11,5814
19,6498
13,0026
15,9899
13,6445
-1,6429
12,3631
7,5042
30,3019
16,5629
22,2568
48,7238
22,6056
17,9239
13,4935
10,8393
16,2352
48,6003
12,2874
12,9257
11,2726
19,0805
14,9402
21,5974
19,6461
11,1747
5,7343
16,6571
17,5618
29,2601
11,6246
11,5904
19,7217
22,4887
18,5804
29,6354
18,7444
25,5996
22,1331
10,8526
20,4326
20,2168
13,9367
16,9000
11,8962
22,7305
14,5445
9,5764
10,4557
13,2095
17,4396
28,4869
27,8229
27,5832
18,3373
19,9494
22,9513
9,3429
23,5990
20,1451
15,8936
6,1266
24,1204
11,5791
15,6391
13,5195
13,6031
21,8934
1,0928
5,5083
16,2412
20,6532
20,5453
14,2159
8,6140
24,0508
16,4202
12,1078
18,5290
12,1576
20,7915
24,9521
26,7495
28,1651
24,1873
19,7732
12,3052
15,2855
17,7762
4,3599
11,7709
29,5401
27,0191
8,9405
11,0303
15,6536
11,2779
17,9480
14,5301
9,1029
7,3291
29,4886
20,1709
12,4807
21,6327
15,5761
13,4377
14,8350
11,3121
8,7795
34,9616
16,6812
29,0624
18,6277
9,9556
32,6026
17,1340
14,6236
17,4121
10,4583
42,5949
6,3653
17,5587
16,3041
17,4492
15,4333
24,3181
12,7685
19,7156
13,8582
24,4228
5,2737
21,3740
19,0088
16,4058
16,8774
16,3584
23,6624
8,0508
12,1118
19,9324
15,3142
17,4074
26,0912
13,6920
28,1582
22,2827
6,8883
22,8023
22,5427
15,2346
10,3592
16,7236
6,5479
21,6634
14,0015
11,1299
19,6380
15,3926
23,8398
17,7732
14,7028
25,3069
13,1690
16,8880
15,8488
2,9320
15,3175
7,4273
11,7058
14,6774
3,1611
8,1309
13,2134
12,2352
19,9832
11,9119
27,9745
39,0289
25,7438
15,2072
15,5141
14,3508
21,8919
8,8032
23,4677
23,4926
9,0655
15,6737
23,2854
12,7243
14,8894
45,4861
3,0223
32,0342
28,0405
18,7198
8,1839
21,0438
29,0456
4,5231
-0,8260
0,3416
16,5348
16,0070
37,9908
20,2819
13,3502
7,5186
14,8613
15,5285
23,8780
21,0085
12,2122
18,3928
11,7994
21,7048
1,8877
24,6266
13,4952
9,4268
25,8570
25,6651
16,1667
14,8096
19,0378
22,0982
13,9048
16,1962
17,8636
1,6907
25,9890
13,8999
22,8028
17,7943
11,3949
13,0617
22,6354
12,2104
21,4395
26,5126
-0,1722
16,2150
15,3694
28,0553
12,2468
12,6996
13,1072
11,1440
15,2160
22,3543
25,8044
17,3422
13,0986
3,5803
18,4706
23,6900
12,4558
18,5451
18,4395
18,2861
19,7275
35,1123
17,7404
19,1755
9,3222
28,3974
14,5316
14,0466
26,2926
12,6087
21,9124
26,3383
19,8031
9,6380
26,0729
23,7443
21,6017
19,2615
12,7546
9,0154
6,0593
14,8168
15,5783
0,4441
16,9945
19,5373
3,8937
20,4214
17,4322
22,8955
14,6593
13,8781
4,3858
26,4851
13,8277
18,1940
22,3291
22,7771
17,3117
15,2103
22,4159
18,1131
25,4299
19,0864
24,9790
25,2360
19,7355
16,5301
4,8889
0,6353
15,0956
15,5604
15,3311
17,7817
-0,7470
24,9337
15,3386
22,2040
33,4653
17,6724
16,0377
10,0750
10,3134
17,0909
14,4816
12,8204
16,1902
10,8219
11,5560
31,6975
20,1861
19,8713
19,2282
23,4306
29,3604
16,8308
17,7965
22,9829
22,6392
13,5384
24,9531
28,0720
16,0163
11,2347
17,6812
29,3799
26,8810
16,9456
18,3707
14,2236
15,9282
23,4723
19,4213
3,2469
16,2915
19,9382
10,7344
10,3148
18,6849
17,7579
18,0745
27,9460
11,1187
24,0501
8,9704
2,8955
13,2598
7,0379
5,9453
-0,6627
10,7633
36,1264
5,8100
13,3297
13,3200
19,4979
15,4563
24,8654
24,3907
23,6099
23,2818
19,1176
20,9864
24,1005
7,1575
14,1058
16,8354
17,5930
10,2290
13,1421
12,6086
20,7567
18,4697
8,1548
19,5142
24,3274
12,5458
9,9984
6,6099
25,3302
18,6292
16,4579
9,0353
7,1808
15,1436
-3,5931
19,7271
14,5253
23,4762
12,7735
11,1572
8,8529
23,0399
22,7592
13,8085
27,7089
25,9131
18,3643
24,5819
20,0522
8,4415
18,0405
25,5252
12,4582
13,1482
12,8237
16,3821
16,1444
15,1455
12,4128
12,7777
7,4010
19,9878
28,1805
7,8764
16,6266
17,9850
13,3050
7,7975
7,1301
15,7150
19,5980
17,6708
13,0121
19,4119
8,2035
28,9085
16,5810
15,6714
16,4473
12,3583
7,3304
17,8271
43,7697
16,5103
25,2841
14,7450
21,0855
11,1382
18,6108
28,1867
9,0060
35,5983
17,8127
26,0267
10,5274
27,1007
22,8034
25,0683
20,0288
21,1764
15,4766
19,9379
9,3217
12,6836
17,4101
15,9264
19,6959
31,8483
19,8867
7,3735
20,1479
8,5187
19,6345
22,7716
-2,0512
29,2943
21,9060
14,9413
18,1646
9,3682
20,7920
3,7573
9,2463
20,0595
16,8120
24,0553
6,7108
26,5692
12,5243
22,6306
20,6779
19,8246
13,3791
20,1046
15,7876
13,0352
26,1360
15,1278
14,8920
10,1100
17,9417
26,1341
-2,1983
18,9309
28,5374
-0,4759
50,0069
13,7046
-2,2213
5,8774
15,0041
16,2158
18,0800
7,9348
6,3357
22,2759
22,6598
14,5248
15,6543
19,2959
27,3944
17,8107
15,4353
12,3943
21,2840
13,1119
16,8825
8,2328
16,6350
16,5579
17,9468
14,8526
23,8056
18,0671
44,6134
18,1827
18,8975
25,4826
19,6359
26,7533
15,5171
11,0421
57,2382
16,5751
22,3726
15,1074
12,5243
14,8178
19,8937
26,7984
13,4738
14,6465
14,3697
20,0111
11,9346
6,3324
20,9715
21,9588
12,6202
5,6967
20,9600
2,7354
18,7881
11,1813
18,1658
16,1598
21,5941
26,9556
25,0758
26,9078
8,3308
29,3590
18,8191
39,5613
11,7455
28,7328
26,4464
27,5903
23,2215
10,5753
30,3724
15,3254
23,7382
14,3843
19,0690
15,1828
20,0538
8,0839
16,3002
22,4316
14,2856
24,8025
19,8000
20,8094
25,9433
12,4351
8,0476
16,7586
12,4363
28,3333
16,5362
4,4221
18,6228
17,5832
0,7301
19,5422
18,7871
22,3895
15,2770
20,1390
8,8238
15,7059
18,7322
25,5882
11,9486
3,6851
25,0019
17,7722
23,3486
26,0693
21,9401
19,2192
23,1165
6,1526
16,5843
12,1735
16,3191
4,5820
18,1858
24,0669
12,1350
18,2839
12,9965
11,1204
18,9173
21,5010
24,7128
21,7279
21,8006
29,5209
19,9821
19,3854
-4,6880
33,1478
0,8527
7,1780
29,7664
10,1346
16,7579
35,3216
10,7643
18,0307
18,7401
23,5849
16,7721
21,9097
4,5677
28,6942
4,7436
15,4403
14,2888
11,8210
2,8395
12,5307
23,6009
5,2276
5,0534
10,8652
5,8123
18,6899
11,5198
5,3059
17,3069
21,2626
0,3021
18,1790
11,0680
13,3564
-0,1104
23,9148
22,5028
6,8039
11,0009
7,4320
31,4954
12,8772
6,6298
8,1867
14,7909
16,0819
17,9908
6,6539
21,6527
14,9221
24,0242
11,7670
26,2703
32,8516
1,9595
25,6553
11,5979
14,5086
10,0385
16,0360
24,4031
14,3240
5,1597
30,8168
17,2768
15,4062
14,9820
7,8378
17,4958
27,8871
23,6165
7,6283
21,0659
33,8659
18,9951
7,7871
6,2816
61,4154
18,6282
13,9189
6,9642
17,7195
18,9609
20,7367
11,0973
17,7406
16,4255
12,7470
13,2718
9,8848
14,0428
19,4304
42,7642
6,0345
14,9900
16,0385
22,0171
26,7027
31,1557
18,0186
20,8642
12,3406
32,4418
24,8841
24,4893
14,9604
7,0762
26,6895
16,1346
18,4444
21,1720
15,6686
19,5193
0,8778
12,6849
22,0275
20,8188
2,8065
15,5396
15,3243
17,5922
17,0987
-4,2106
14,0136
1,9046
5,1506
11,9868
26,5390
7,2330
20,6003
16,6597
18,2201
11,7890
22,8599
4,6338
12,4795
26,5636
18,4527
3,4927
20,7102
31,7860
16,3374
12,1572
23,3176
23,3132
15,5003
28,8790
28,3313
3,2486
11,4439
2,8101
14,1437
31,6922
11,5494
28,3254
18,9549
22,4192
20,5490
18,1284
23,8312
18,8709
20,0707
23,4251
20,1341
19,2688
28,1911
14,8277
30,7557
22,5577
16,4803
13,4039
-3,4395
25,9055
31,4457
25,6368
25,7776
20,7816
13,7932
28,9066
27,1130
26,0945
14,9788
20,5285
24,8392
3,0171
15,5234
12,5505
24,9355
6,7388
10,8415
14,3319
6,8210
12,7644
23,9526
10,6976
21,7957
9,0102
15,7257
14,0358
20,8452
23,7198
18,0146
15,2506
16,7497
16,7846
8,0016
19,4915
15,4898
23,6058
23,4637
20,7197
21,6971
19,4385
14,7002
23,6751
15,3430
24,0089
23,6051
14,8288
12,2129
20,1131
13,1101
20,1149
25,7081
17,2656
22,3001
8,8125
21,9868
8,4045
20,7935
20,8503
18,2206
11,3048
8,6239
9,8434
19,7969
16,9055
27,3489
27,7411
18,2147
10,7513
15,3193
21,6290
25,5362
16,8051
12,3093
15,5447
24,1593
9,0568
18,0459
24,0104
15,5277
12,7252
17,2567
15,8698
8,9805
15,0263
25,5285
14,6013
4,4085
12,0695
6,4260
19,0613
19,2623
22,0245
8,5544
27,4259
15,9108
21,4478
10,6495
22,9126
16,6546
12,3553
19,1739
14,6324
14,1939
13,6027
18,4879
17,9220
10,5474
9,5009
12,9471
5,5130
4,4929
14,8147
20,2865
14,7637
16,6207
38,5271
17,3205
11,0320
14,8470
20,1861
12,2435
29,3530
15,8487
20,3622
17,8502
7,5629
12,4817
13,8939
15,7532
7,9425
20,6205
9,2215
17,2885
11,0072
17,9531
26,7920
12,8132
15,5350
6,2403
13,0855
23,5374
16,2613
27,3497
13,6365
28,1538
16,8855
10,7114
23,1044
19,1581
11,2108
25,2089
15,0662
25,9587
-1,4789
-1,2271
17,3048
11,3900
9,8287
14,3387
10,2204
17,3309
14,3924
25,9375
0,5939
7,6894
22,3958
12,2192
10,8247
18,7577
29,6623
13,4993
20,8818
25,5090
18,1287
10,0899
10,1676
13,1446
19,0053
7,8800
21,9123
22,6916
13,9071
19,9116
20,0970
26,0719
24,6196
25,4028
15,4230
5,1506
22,8892
21,5119
15,6910
20,2479
18,5905
16,3177
4,4828
9,3031
6,2799
10,5999
18,1517
6,5555
30,9876
18,7182
12,1179
12,1522
11,3175
18,5443
15,2031
19,3852
9,8607
22,9414
18,2705
12,2022
9,7036
11,8291
14,4828
13,9769
10,8820
23,4202
12,3503
6,8080
12,0673
25,3308
49,4661
22,8086
3,2750
23,6621
22,7381
10,9794
7,6742
25,1998
20,5689
35,4967
28,1589
22,0795
23,6335
8,3484
15,1590
19,8583
14,5218
15,8591
21,9768
32,7325
24,1546
19,7151
17,8873
20,9314
17,4968
18,0493
21,6103
29,5214
9,6291
25,2086
18,9167
17,8686
19,9533
4,3091
27,2254
25,6645
20,8979
9,8107
24,1071
23,8467
19,1895
12,7252
5,2904
21,1414
9,8083
7,7978
14,7027
18,7600
10,4312
10,6102
15,3126
19,7505
21,9240
20,5564
16,8979
10,6305
22,3616
13,4682
20,5016
6,2878
6,0534
16,3037
31,7522
18,1900
17,3380
13,2451
9,8661
12,1076
11,1638
24,8216
5,8613
11,7418
17,7174
8,9488
16,3843
27,0096
12,4986
15,8112
16,6519
17,2778
12,8333
9,3353
6,8230
11,6997
12,2171
31,9699
20,4825
43,7380
9,3012
8,4449
11,4357
18,9669
7,5383
12,3016
14,0782
20,0338
30,0950
12,3204
13,1076
9,7921
0,1082
4,6859
12,9364
14,0216
22,7216
27,9944
6,3842
3,2811
4,3869
15,5327
9,9917
27,5686
12,8487
21,7941
18,1066
6,6029
21,6703
22,2191
14,6676
18,8074
30,3520
7,6371
21,3426
11,9231
5,7504
15,6289
10,9711
8,4476
22,5721
15,8379
17,8374
15,3345
11,7608
9,8708
25,5797
15,6713
27,9006
25,1251
15,5326
22,2365
22,7055
22,6170
11,1794
10,8094
7,9093
11,7521
22,8882
19,9780
18,8494
16,3293
16,5879
24,2103
22,2742
22,5331
14,6039
17,8153
25,3942
16,6968
13,5392
13,8946
13,1739
21,4404
20,4637
9,9336
16,2842
16,0828
26,5864
17,1635
12,1268
10,8423
38,0241
14,7648
31,4897
14,3906
27,3970
28,4668
15,1804
25,7633
17,7303
18,0035
16,7213
13,9969
22,4202
10,9712
9,3716
20,6629
15,6795
22,2918
21,3553
18,9365
10,0296
16,8024
22,5563
20,7548
15,9603
24,4571
16,1892
16,2184
12,9427
13,1223
2,4358
31,4990
4,8251
9,3844
4,2390
26,9974
21,3285
24,5570
11,8671
22,1884
19,1272
15,8404
11,4158
2,9734
11,9048
13,5454
11,6048
13,0175
3,9499
13,0431
12,0084
22,0472
9,0347
19,3494
11,0703
20,1848
7,2825
-5,0796
28,4172
11,9376
21,8519
13,0295
15,7528
12,2704
3,4575
7,5711
17,2680
23,7657
22,7865
5,2398
24,2859
8,7582
18,1857
23,8618
0,5301
15,5937
13,5302
5,7977
7,1503
1,2665
18,4431
23,4056
14,0644
2,8777
20,2520
20,6464
16,6402
7,4763
21,1194
9,3645
25,3014
2,0403
13,8687
14,1805
12,2097
23,0637
23,5983
19,1378
12,0545
10,8878
-0,8948
16,4651
13,9779
19,9825
12,0331
12,7651
19,1393
18,2370
-7,5304
12,3579
13,7973
0,7356
9,8510
22,7391
-2,9772
31,3687
11,0513
20,0409
6,8658
20,1534
14,0244
2,7311
23,1702
14,9098
31,3503
-5,9704
23,4210
23,1243
13,9454
19,4548
26,2567
23,8228
26,3321
8,4338
23,3258
15,9611
11,2609
15,6616
28,5419
7,8744
28,8546
23,9502
-0,1559
13,6630
20,7961
14,6000
18,3698
24,5333
3,8800
16,2334
17,6063
32,9521
21,3310
12,2675
27,3223
18,7941
31,3113
16,8097
16,9476
8,6874
16,7488
16,4114
15,1187
14,5143
15,1138
26,0937
18,9945
13,5425
28,3590
22,0821
24,0704
25,9661
17,0383
22,1533
18,8188
30,5720
11,3889
23,7915
21,5626
21,1770
18,6668
26,8867
11,6482
6,5299
20,6644
18,6565
18,8918
28,4438
16,8690
11,3059
21,0857
24,6989
2,1613
15,0798
14,9465
10,9796
32,8804
15,1330
62,8016
20,6963
14,7612
27,5022
19,9964
22,5991
16,5020
8,2547
15,7330
8,4811
17,8692
19,6769
34,1301
34,7451
2,6593
20,3225
14,6894
18,3821
7,2559
16,5972
9,1665
21,4757
13,0294
21,3102
19,5517
15,4064
15,6835
21,9763
16,9418
13,6118
18,6794
18,2965
10,9561
7,1206
3,8854
27,8821
20,1160
18,3001
22,5242
9,7478
17,2468
14,0165
15,4523
17,5123
4,9064
9,2444
11,1353
23,1629
23,9610
18,2551
27,4941
19,2142
29,3680
-4,3666
15,6344
12,0321
18,8053
10,4920
19,6749
22,5025
11,7738
21,0574
14,4319
17,6655
22,1419
24,8905
21,1134
13,5883
12,8367
18,1229
15,1172
12,2214
10,8203
16,8099
23,0335
20,1178
22,3586
21,4800
17,6354
25,3810
9,7580
14,8703
20,7000
14,0489
19,4204
9,8991
31,1866
12,6473
10,0641
10,6002
14,7442
4,0729
18,0473
2,1974
5,9157
21,6773
12,8799
8,5859
33,4129
11,0287
12,1467
28,0061
25,7238
42,3927
11,8370
21,4963
7,7555
23,2767
17,9175
25,8135
27,4012
10,8238
21,8536
11,3569
20,5656
2,3077
24,5189
23,4566
16,3356
19,3059
5,5482
22,2352
24,4338
12,5451
22,2804
22,9417
16,5633
10,9015
20,2413
21,3558
4,8912
15,2895
20,1376
14,0633
13,6224
16,6976
16,2341
19,1694
20,0972
23,2271
17,4062
21,7743
21,3810
17,9419
11,8608
25,5622
3,2040
15,9276
5,6290
21,5822
12,7575
32,8290
28,3782
17,8412
14,6388
26,2191
26,3050
24,1089
26,3428
26,3699
25,3619
9,4174
17,0810
5,8479
24,8383
18,6402
18,6975
14,9241
20,2125
20,5162
19,0098
15,8367
5,5403
15,5709
19,0859
17,6600
11,4166
20,5196
16,9083
16,9058
24,1481
13,9044
8,5138
20,3019
18,2160
6,2764
22,8804
18,3678
13,8237
12,3591
15,1516
25,7496
27,0348
2,7328
-1,3397
15,5096
5,3315
13,1054
8,9396
56,6649
21,1525
24,0819
12,6047
33,9376
16,4157
29,4763
14,9364
22,1515
21,0147
22,1429
22,9235
24,5237
17,9891
19,4382
24,1626
13,2367
17,0972
13,9158
17,2277
21,6190
17,0138
8,5088
13,2616
20,2305
19,1561
22,5490
34,0553
1,4570
14,2005
12,1099
8,0843
17,9472
13,1570
5,2956
18,5408
23,3271
16,7661
27,8070
30,8933
23,2065
14,1131
11,8680
18,5170
22,5070
5,1126
17,9953
14,6575
13,8518
11,0555
28,4711
17,9559
20,0648
17,8811
17,8909
3,6656
31,8917
7,0898
21,6616
0,6935
14,0120
-1,2866
12,9820
29,3573
25,3408
10,5794
17,3964
14,5710
32,7280
9,6730
16,6534
18,2383
9,9020
9,7073
19,8281
14,6871
11,8897
13,6789
1,3240
30,1325
15,1417
20,3970
9,2892
19,7546
23,8763
24,3243
3,4869
16,4451
14,3946
-0,3358
2,6977
14,6839
16,3513
15,1724
13,8149
-2,0065
21,8024
28,3961
9,9205
32,7120
11,5688
43,1346
22,0000
24,2998
48,0782
-1,5939
20,1281
17,5274
16,8682
23,9653
10,4735
21,5411
11,0344
16,7825
21,2896
21,8027
14,7412
14,9087
26,7493
15,4531
18,2325
2,7731
28,6093
15,8106
15,8005
23,2935
14,1591
16,5650
8,3972
17,3770
10,6681
17,9622
16,2981
34,9342
2,1350
16,8516
11,7131
29,0437
24,8846
24,3023
18,3064
22,0542
11,5573
21,7740
21,0098
14,1638
15,5788
12,6346
15,5022
18,9278
9,8582
17,8489
11,6601
8,0673
13,2531
65,1751
4,4702
5,4160
28,9857
22,5772
13,0354
20,7631
10,2846
-1,4514
13,5053
3,0681
12,2642
13,8303
16,7921
10,7953
1,5553
19,0390
22,6689
17,6655
14,0159
18,9563
29,8145
18,7966
7,2629
29,6932
19,9091
27,9161
20,4201
15,4129
19,2187
13,2577
10,8122
19,7487
16,8506
18,7006
8,5008
-0,3313
2,8833
14,5810
8,8900
25,3487
3,6185
18,6798
9,1845
19,1979
22,9006
27,0948
22,0671
7,3999
24,0460
18,7680
23,0723
16,5573
20,0056
18,9820
16,4505
5,3026
15,3720
26,6836
27,8543
7,3801
12,2005
41,1671
14,5198
17,4639
35,0278
19,6316
12,5021
3,3959
16,2853
16,5808
24,2912
25,6918
14,4579
27,1295
15,0002
13,6416
15,5554
22,8405
15,9182
7,6471
15,3055
22,0300
23,0926
12,9335
13,0245
14,4423
17,7182
17,0982
26,8480
4,7646
24,3719
21,9309
3,9408
2,4807
3,8977
9,8309
11,0409
24,2758
14,7063
12,4393
14,7621
4,8418
37,8375
13,8739
4,9632
19,3585
3,3408
14,3764
15,9706
16,3214
1,3619
20,6255
16,4878
22,5454
21,2926
19,4701
23,4127
12,4138
18,5660
16,8160
17,9763
19,8957
12,7159
21,8699
15,9113
22,7683
13,6477
9,7529
6,5019
19,7889
16,3311
8,0088
17,8787
8,6957
22,6314
24,3374
13,4542
12,9065
8,0343
10,4103
14,9887
10,8170
13,9644
19,9667
12,4720
25,0851
28,0209
13,1461
24,4094
29,7107
20,7560
13,6805
8,9247
15,9470
32,7365
4,5994
17,7451
33,7344
16,6994
6,3974
21,4576
15,5081
26,3135
15,9033
33,6527
24,7481
23,3250
10,7014
20,0497
14,9519
7,6978
14,0694
17,0860
9,4180
18,5911
17,7274
15,8499
15,0543
19,9516
15,6615
-0,1393
22,9199
22,2372
13,9654
37,7900
32,0969
20,4349
24,8246
18,7864
20,9391
15,7253
12,5904
15,2874
21,9339
29,4767
18,7853
17,4126
14,0787
55,2473
15,8935
15,4601
19,8706
11,6096
20,8174
12,1432
19,3008
21,9551
13,9946
14,0234
26,8008
18,4448
11,5024
12,6927
20,3585
2,0399
23,2065
8,8012
32,1045
-7,8136
19,1122
30,9175
15,5790
12,5478
13,4047
19,4923
22,6634
19,8514
21,8018
8,6108
20,7849
7,9252
27,8102
25,5611
8,8617
18,0838
45,5899
14,7217
8,6016
24,3325
11,0138
20,9040
10,9681
47,8940
25,8782
21,9585
29,7418
25,2121
14,9866
8,6998
22,9572
14,4986
20,7493
18,2561
15,3254
17,0642
19,8422
28,1995
11,1444
13,9545
24,1797
20,5961
31,3169
-6,8379
2,2417
24,2385
7,4142
2,1437
14,7118
19,9652
19,7801
16,3509
27,5762
10,0984
-2,1962
17,8797
6,8009
33,3515
24,1840
22,2924
20,3291
6,4260
11,9992
20,8549
26,5055
11,4358
15,7089
21,8789
21,4822
19,8402
8,1042
30,3883
12,7789
16,9434
9,8236
9,4489
22,2339
17,7879
2,7548
14,7044
9,0332
23,5712
23,4535
20,1459
18,7270
12,4778
14,4112
25,8304
18,4381
15,8083
18,1250
12,3891
7,2987
22,0758
19,5418
9,8055
21,6263
10,5947
12,2014
23,6486
31,3281
5,1163
18,6310
2,4247
15,1069
8,9964
17,8300
18,0363
19,6800
6,8752
11,5287
14,4099
4,7681
11,5268
12,6280
22,1090
18,6471
15,9957
34,3357
23,8309
25,3646
9,1074
17,4391
10,9787
26,7483
17,5258
21,9911
8,5061
24,9543
19,7965
25,3538
24,5163
21,0943
15,8391
14,5112
10,7870
18,4134
7,2560
14,9764
13,5216
3,1613
16,4886
9,6566
22,7212
16,9191
22,3452
27,0500
18,0016
34,5299
25,8367
25,8712
22,0125
21,3039
20,6151
20,3365
27,4715
21,3164
10,7811
17,6238
18,3018
17,8484
18,5830
25,2724
20,8510
9,5408
15,5550
18,2267
25,4454
16,5686
17,1723
23,1900
25,8311
13,5307
20,3677
10,1602
66,5976
14,6977
13,7718
9,5533
-3,2174
20,3708
20,3318
23,9027
18,4832
-3,4168
36,1585
5,4090
8,8062
8,4102
2,6318
19,6862
19,7124
13,8796
23,7797
4,2784
28,7656
17,6072
7,5448
22,2899
16,2677
18,4503
0,1028
10,4863
20,3169
11,9878
21,3886
16,1499
17,5349
15,2706
13,7135
13,2657
20,3827
14,9591
23,8293
20,6970
13,8197
22,2489
34,9273
13,0143
18,4509
54,7847
27,6201
10,1816
13,5688
23,2014
29,6431
26,1404
42,0104
9,2541
25,6635
8,3892
4,8563
21,0529
15,3260
25,5844
9,9193
19,9879
13,7715
2,4896
16,9432
23,7773
19,8700
20,3935
15,2933
17,4803
21,6486
12,0376
27,4191
18,8565
17,3251
24,7231
19,1343
21,7800
3,3668
18,7891
21,1141
31,2293
13,1410
22,2823
34,9607
11,8180
15,3191
17,8417
19,5712
2,7490
18,7470
10,1221
12,8940
18,6167
17,9961
24,8567
18,9013
6,5688
18,6911
14,0425
20,2014
20,3949
4,0173
28,0046
21,5452
15,2668
16,1284
15,7448
16,6618
7,6053
17,0146
3,2736
19,2373
11,7411
18,2003
4,7251
10,3598
13,4471
16,7544
9,2728
23,8154
11,9224
15,7395
15,0930
22,0349
16,5360
3,5625
25,7541
28,0604
14,0844
9,5710
12,1903
17,8301
11,4918
11,9430
22,5253
8,5803
13,1733
11,4086
13,1196
39,0177
12,6720
16,7088
14,2019
17,7261
12,6148
19,6660
19,8548
20,0681
43,5514
5,0371
24,0654
10,2475
11,2668
25,9615
14,7324
-0,5459
16,4772
8,0517
13,7943
13,1532
21,7478
13,5633
22,6103
11,4467
6,1025
5,0513
33,5141
19,8148
17,6730
7,3218
16,9099
9,4563
8,0826
17,5603
16,6709
15,9049
16,3149
21,0343
18,2870
-2,5969
20,5499
23,4831
18,8296
12,4724
11,7332
17,1978
8,3645
18,8663
34,0240
24,0849
14,4594
13,2479
29,4652
12,2200
36,6439
26,9766
5,3576
13,7586
24,5890
13,1366
14,4529
17,2096
4,8898
23,2494
25,5589
18,3801
17,9165
12,9306
28,4103
22,6376
11,4036
11,4214
23,9275
15,6649
6,0190
23,6787
12,4840
20,8133
14,2084
23,1626
4,1214
13,2531
18,6225
19,3485
11,0023
22,9007
12,0997
-3,1519
36,7697
36,3698
23,9807
20,3674
12,3478
16,9284
15,7854
6,8071
1,1297
19,7324
10,5175
6,6022
19,3790
20,3079
16,6349
26,1206
7,8870
15,8943
14,2365
21,8382
22,6003
21,5032
22,8520
10,4697
21,5342
11,9548
25,8928
17,8551
20,3209
20,6682
11,7722
16,1608
15,8569
24,9095
23,1393
19,1308
22,0128
11,0329
12,1285
14,8479
21,6118
25,4921
2,4007
12,3565
22,5217
8,9746
11,5574
9,0748
21,1928
13,3369
20,2821
11,9826
20,2971
17,3243
24,2325
13,9975
11,2688
15,8456
18,3902
23,8300
31,2277
21,7512
14,9680
10,4253
27,6386
22,1043
15,3957
10,5219
10,1912
5,0112
22,4830
16,9847
14,1912
5,5762
15,4216
23,6316
16,0528
17,7931
7,0078
19,3510
29,6660
12,4661
12,0034
19,4324
4,2158
11,7705
19,6617
7,0004
24,4465
16,5021
11,7612
16,7881
21,5794
28,7319
37,1367
15,6677
17,4039
19,2535
16,5711
16,5433
19,4422
14,6241
12,6545
12,7266
3,8666
14,0348
22,0056
19,1613
23,6997
14,8160
21,6321
17,3318
17,6878
8,0306
22,0115
7,1129
40,0776
15,1968
35,0396
16,2044
12,4138
16,2491
17,3330
13,3569
14,2077
17,5681
5,9991
11,7236
14,4429
17,9421
21,0686
11,7796
8,6137
20,1979
12,1525
-0,0154
15,6633
11,4039
9,9101
21,6853
17,3220
10,7096
11,5262
14,5873
24,6500
24,1934
21,2922
21,8733
23,1203
13,4962
22,5323
-1,4860
12,8925
10,8524
20,6979
11,1431
12,5361
21,7056
17,0323
46,2215
18,8297
28,0951
16,2873
6,6193
12,8466
21,0559
9,8209
12,8883
22,8369
15,2227
8,9454
29,3414
17,5000
17,5652
16,3077
11,4493
14,9608
19,7864
25,6001
15,8107
10,0921
20,8625
9,2582
17,1808
39,6533
24,9397
14,0611
10,1711
12,2197
25,2609
13,0128
19,3328
3,0116
13,4091
21,2880
7,9244
-0,6126
28,4803
13,3876
24,2398
12,1347
24,3081
9,2533
7,1397
13,7970
11,9591
23,9748
14,7738
16,5347
23,6212
14,3524
21,6700
20,2435
39,9603
-1,1201
20,4763
22,9654
8,0336
16,6485
19,3041
24,8417
22,0267
10,7772
9,5554
11,1451
17,2044
13,9172
14,4510
17,4613
18,9427
18,3254
16,4739
18,8520
16,6643
22,2826
19,4888
22,9914
12,3834
27,9849
7,2849
24,8613
10,7824
14,8442
11,0323
11,9362
21,4086
20,2648
-10,3682
22,8863
17,2879
23,1522
17,4154
25,0095
21,2398
13,6209
12,4318
10,8116
16,9885
19,0507
29,4607
11,1171
23,3535
21,9139
13,1615
17,2592
9,6301
26,2277
22,5027
4,8930
14,7998
13,5479
23,0352
27,5825
21,3581
19,7892
16,6428
18,5466
30,8651
14,8892
17,7721
-3,2630
21,0530
28,8389
7,7788
15,2610
20,3807
16,8903
13,3894
30,4973
13,1046
18,7269
6,7290
13,0712
11,5550
30,5734
14,4492
16,3873
22,8360
16,8364
14,2866
8,7724
22,5005
16,0997
12,0757
14,9646
11,8726
12,9367
15,9053
25,1081
24,6226
21,2732
12,4298
12,1758
13,5585
19,6002
17,6887
13,8268
11,0170
35,4088
11,3647
18,4770
5,6368
15,8614
23,2708
14,1910
22,2564
12,8324
25,4682
12,5836
19,7739
8,5108
12,8478
9,3833
21,5899
29,1579
19,6864
9,2472
12,4713
18,1302
20,9392
27,7613
15,6204
5,3465
18,2682
21,3700
10,4986
9,2090
12,1134
21,3221
23,2567
20,8613
2,8597
16,8105
24,2426
11,5449
22,3330
19,2855
11,6511
3,4825
25,3237
11,2488
15,0749
18,2069
13,9967
27,4682
14,4923
17,8437
12,2333
19,0848
9,5048
23,5841
17,9637
27,9894
10,7211
18,1344
16,5219
12,6262
23,9992
12,4146
13,9992
10,3596
11,6321
20,9477
12,0683
21,1948
11,9099
14,8100
10,0806
15,6657
14,6591
13,3485
8,7747
23,0629
16,5128
6,9677
6,5930
19,4251
8,9961
13,6516
3,6081
22,7820
11,4834
0,0644
27,0736
34,5294
7,7228
23,1930
11,4799
20,0924
18,2621
8,3926
18,8864
0,4996
14,8854
26,2003
18,7683
17,0202
17,1390
12,5395
6,1661
9,8766
21,4153
18,8700
34,3639
20,3591
18,8059
18,8032
23,0522
17,6939
16,6741
7,3839
18,1887
22,3889
16,8323
9,3882
18,7722
5,6230
3,7078
12,5586
20,0106
13,0924
16,6047
11,7856
26,8172
8,0943
0,2159
15,8020
25,3076
23,2891
36,2490
17,2396
22,0559
31,4309
25,1498
26,2737
19,4644
28,8311
12,4671
24,8491
24,6827
11,5661
11,4627
17,4153
13,2162
15,3870
25,7555
8,6448
28,2388
24,2981
9,5871
17,0279
16,5288
25,0132
12,1783
7,3408
11,4740
15,0433
14,6482
19,5377
12,6820
11,0497
20,5732
8,0216
8,8857
10,4459
27,6886
23,9626
10,9185
13,3892
16,1580
9,6628
12,2841
19,7429
18,4024
16,3032
21,4665
18,5089
8,6040
31,7641
20,5933
23,4800
24,9552
16,8924
11,9500
14,9052
6,8696
24,0658
14,5963
40,3750
10,3677
22,3702
15,9385
20,2125
17,4254
31,7017
21,5173
23,4612
27,6037
19,8058
30,4766
8,4053
17,9865
17,8658
30,6628
8,0936
25,6847
14,3963
15,8195
20,4019
26,8985
11,2416
9,1853
16,7722
25,4454
5,6096
28,4646
18,1891
14,3705
22,8126
11,6047
14,4523
11,8451
9,1797
12,0589
21,8332
10,4361
0,5039
12,6505
37,0474
10,5399
8,5114
1,8703
4,2572
15,6209
25,5149
18,4066
12,3369
23,9890
7,4517
18,4486
5,7029
3,6586
1,0938
4,6601
14,6878
13,9246
14,9490
19,8889
20,2271
20,4990
22,4728
18,3618
14,9475
15,9469
14,7992
29,1093
18,6789
18,6343
18,5901
28,7764
16,0378
12,8319
31,5547
23,3576
17,8615
19,9584
18,6279
14,0309
24,8191
15,8707
15,2316
22,6808
9,6767
2,8235
13,5263
16,9340
8,2553
24,7698
22,6886
28,7447
11,2337
16,9549
7,8697
10,7071
19,5243
24,2226
21,8669
21,1928
24,3814
21,1679
12,4922
21,6038
13,0968
18,3258
21,1201
14,9219
21,4591
14,7097
22,4008
18,6410
23,2810
28,5577
11,9817
0,8555
16,6517
8,5559
13,4625
15,7213
11,4137
11,1228
9,9726
2,1034
12,9735
29,0650
13,4753
21,3518
21,5616
12,5688
-2,9568
17,9874
18,8091
5,6273
17,8174
2,9487
12,7111
22,7212
16,8272
6,9271
6,4035
28,0524
5,5833
14,8367
16,8203
17,8437
4,3428
29,7780
17,4466
-2,7895
12,1103
34,3085
7,1972
24,3625
11,8962
9,1079
15,3534
7,2891
8,2477
-16,5457
17,9476
35,1389
16,1226
24,7864
21,0945
16,2666
15,7282
15,1619
23,3650
12,6369
11,5909
19,6976
25,0297
25,3224
8,6611
24,4160
11,3441
17,4359
22,6562
17,0793
24,7221
17,0348
27,1437
11,6651
20,2448
20,6052
22,9480
14,8065
17,6229
21,0603
13,3430
6,6230
21,4169
34,8666
14,7135
16,9787
-1,5506
6,3318
22,9515
6,4153
14,4008
22,6033
5,7862
19,0978
25,6035
8,9891
19,9983
16,5369
12,8778
19,3141
15,8816
16,4289
19,6395
9,4249
15,1079
16,7514
19,0132
18,6587
11,7157
16,3919
12,9941
15,6288
20,1740
30,3674
21,0419
24,0587
9,3272
12,9856
2,4733
19,2422
21,1764
8,3042
17,9183
13,3447
24,2409
6,4536
18,0010
16,1282
36,8944
13,6593
28,5948
28,4708
13,1757
17,0231
-8,2603
17,4172
10,1745
24,9385
24,0231
23,4060
9,7930
12,8396
15,2817
31,6699
18,2555
24,1819
27,9158
25,6909
16,5928
18,1197
19,6446
25,3919
11,6703
17,9657
18,8882
12,4975
23,0616
18,7333
18,8646
17,6466
21,4056
18,6200
18,8479
24,3394
20,1163
26,7185
27,6540
19,4953
19,7572
8,1450
19,2633
28,4356
18,7732
19,0068
11,8963
3,5097
12,7806
7,1965
30,4580
22,5993
9,2506
6,4043
4,8867
0,2720
15,3152
18,2779
8,9138
18,6261
16,5087
13,9974
17,0777
1,6988
36,5451
1,1961
6,2417
28,1656
7,5739
14,0069
19,4249
19,7336
14,5817
21,4874
19,7894
25,7222
7,3778
15,0030
15,9812
14,0370
20,3138
18,4352
21,9288
15,1128
8,0472
12,4012
22,6365
26,6797
26,4201
20,7838
23,1352
18,1296
7,0801
29,3879
14,7054
14,6459
-0,1552
11,6849
2,2260
13,8687
17,8198
13,6323
26,5537
31,4719
7,0425
21,8869
16,3186
16,1127
13,2981
18,3105
15,7354
5,7066
9,4803
-5,4265
8,2851
22,9804
20,6737
26,0514
11,1709
19,8974
10,6804
11,4379
5,5777
25,1489
27,4156
21,4493
18,8193
22,3731
24,0032
32,2099
24,0747
3,2766
18,2386
17,3338
8,4485
17,1549
14,8950
17,1262
24,6366
13,3207
19,6709
18,5838
13,3426
5,8311
8,5361
24,5517
17,2813
8,6344
11,8939
17,8508
26,0130
20,8838
10,1182
23,7877
28,3598
17,6984
15,4011
14,2833
18,5309
13,6505
27,4383
10,1429
28,3796
18,6002
18,1764
10,8736
20,1406
15,9324
11,8651
17,8040
11,4931
12,8871
27,3027
21,1679
9,3303
13,9944
12,4579
7,3308
10,8883
11,4883
11,3484
25,6014
30,5359
11,2728
22,8653
11,5597
22,1666
17,1835
7,0894
14,5520
10,8446
18,1331
26,0479
16,8828
18,7934
13,7408
0,3439
26,0192
6,4604
0,5227
12,4988
19,3872
19,0322
8,5219
17,3776
21,1137
11,6554
20,5930
30,6158
18,3673
4,0101
-0,9458
16,8963
14,5301
18,9356
32,0281
-1,4522
14,2039
11,0114
10,5622
0,0908
32,4883
23,0961
20,1189
20,0242
14,6634
16,0850
7,6612
12,5375
20,4378
18,3304
8,7158
25,9121
13,8278
14,2007
20,3946
24,5818
29,3375
13,2053
22,1410
19,3699
25,9234
12,7701
11,7716
23,9919
24,0705
3,1570
17,2060
4,2232
7,0430
25,6656
13,1074
14,0309
21,6768
19,5241
12,4502
0,3077
26,1167
3,3603
5,9283
18,4108
22,5368
10,5568
23,1064
6,7272
20,3172
21,9482
21,8418
12,5101
15,8957
33,8767
13,0895
11,2573
-5,7558
18,1301
15,6457
6,9403
19,8406
10,8059
19,1610
8,7152
5,5369
10,8751
25,3500
8,1477
11,7820
10,1213
21,0686
28,7685
18,7945
16,3408
5,8501
21,9607
23,1600
14,2882
17,3122
19,7681
18,7721
15,4313
23,4345
11,5174
19,9510
24,8471
7,4555
23,7782
16,7832
23,7502
8,4079
7,9598
15,8600
7,1304
25,5708
37,4094
21,0168
3,2072
23,2536
10,1903
27,3816
21,4218
10,8483
19,7649
17,1607
37,0492
20,0956
12,4498
12,7515
12,4331
3,3214
8,4916
21,6712
20,4908
10,7282
7,6277
13,0079
16,9597
19,1728
14,8954
31,5209
29,3906
22,7089
25,4772
18,7257
7,6200
26,8979
20,3543
22,7063
17,1192
14,6349
17,6850
25,6839
10,1900
25,2511
16,7472
7,8242
23,7004
8,8057
13,4643
10,1210
31,8015
23,0910
13,8099
16,4504
16,0698
15,3396
15,9439
23,4318
8,0006
11,2970
12,5585
13,6989
20,2505
22,2518
21,1646
31,8872
15,0228
7,2595
8,9128
6,4050
11,0965
20,8437
36,2079
8,1496
18,7176
13,7350
18,5744
28,3221
22,4544
24,9549
18,1245
14,0749
29,2956
28,6921
29,1578
12,3991
1,9712
14,5851
30,6930
22,0513
42,6201
11,0124
12,8161
13,2384
11,1736
10,7567
12,6459
7,4810
19,2517
12,5078
12,1130
10,1763
17,0553
6,9093
7,9526
26,9113
19,1831
-4,3818
14,7582
28,9891
16,1246
14,5910
43,0718
19,8893
12,4867
15,6169
20,2207
-1,4283
17,3817
34,4831
21,7801
2,3826
14,7582
20,4077
26,0525
21,3022
6,5058
28,0364
7,0945
13,5853
28,8957
22,3610
4,1999
28,7562
16,9076
16,1147
14,7815
24,1727
31,2701
7,6344
18,3520
9,5774
15,8774
53,2837
9,1226
33,3863
14,4437
12,6688
18,5675
8,1245
16,9076
12,8715
-6,5298
15,8386
17,1097
17,3096
5,8721
18,0244
31,5262
5,5073
16,5977
15,3946
25,1433
10,6354
23,0487
18,6105
25,2012
21,9444
12,6228
23,1120
27,3315
35,3787
13,7167
19,0019
10,4968
21,4028
18,3352
26,4328
29,2772
22,0068
20,8404
25,8345
40,6306
36,1293
15,7788
-2,7785
20,9413
21,3615
3,0103
27,2494
8,2018
7,0760
18,4143
11,4976
6,7447
6,8075
24,4208
15,3076
8,2598
11,1131
25,1085
25,4819
22,1454
15,7756
25,7411
-2,9644
21,8166
14,4326
15,0856
17,6942
6,1102
5,0513
11,5789
16,1973
32,7160
19,7326
14,3182
4,1777
14,7556
14,8379
20,0816
22,2518
22,7799
22,1093
20,3430
13,2638
21,5048
27,7502
-0,0759
19,0455
13,3251
10,4556
11,3137
25,1974
16,3763
17,3296
17,9266
13,2905
8,0056
16,6093
14,4686
14,3356
18,3630
10,2738
18,7159
12,2446
8,2414
17,4154
27,5976
16,0688
13,5471
10,2766
8,7654
7,8805
11,5078
67,5498
10,3425
9,5687
16,6693
6,6897
10,4663
14,7109
20,3529
22,7918
17,7482
18,6930
9,8101
14,2336
15,9701
11,4909
16,0440
24,1968
10,7564
23,5907
24,4461
21,0119
11,3532
8,5208
17,2785
17,4174
17,3298
21,7188
19,3178
13,9741
16,2669
1,8564
35,9895
22,6435
29,4481
30,1461
21,8190
7,1877
15,5649
29,0867
18,9235
16,1882
29,9965
16,9853
13,8161
4,1402
27,6038
35,0868
10,0978
20,0805
12,7299
21,3988
18,2060
16,3155
18,8444
19,9538
40,2345
33,8278
23,3645
17,8812
13,2433
18,8223
13,5483
8,9720
17,0531
24,5925
16,3894
14,7479
10,3810
37,7389
20,9777
23,6819
11,0355
20,4937
36,1197
13,3068
19,3593
45,1478
26,9314
28,8519
17,7133
10,0201
14,5870
19,6519
14,8151
3,4142
12,7341
19,9352
19,0791
14,2093
23,7264
18,8827
34,2697
23,1124
17,3066
14,7682
16,6689
8,5541
7,4380
10,4545
25,9722
13,1950
32,9127
22,8709
18,0172
17,3405
8,6641
9,6509
12,5228
16,6340
15,2734
9,8237
17,8504
14,7242
9,3163
27,4328
14,6736
17,2436
22,1440
10,6290
18,1226
12,0705
14,7631
25,2599
20,8236
1,0816
15,2423
13,5809
9,5730
15,5073
24,1242
9,2773
14,3101
8,5164
14,3422
24,3796
13,6953
20,2581
24,0734
14,4354
10,2602
12,0702
12,1018
-0,2210
9,3001
11,4240
8,2312
31,5825
14,1347
20,5286
18,9630
14,8466
11,1218
24,4033
2,5931
24,9982
27,2607
8,8605
14,9413
16,8362
18,0138
16,5785
29,4429
13,0394
16,3467
12,9721
9,4889
18,5189
9,7532
21,2098
21,2152
10,1704
16,0209
18,6985
14,8262
15,6916
18,0809
13,2066
26,2237
12,8375
21,6497
12,5449
20,5633
17,1828
29,0905
23,3855
8,2440
20,3305
8,3784
15,7767
21,1716
19,0726
18,7818
37,1792
14,1093
22,7121
8,7798
14,3603
21,2807
16,4924
23,9700
24,4560
20,1676
21,0992
22,0900
22,1378
31,2545
13,2565
14,8562
18,7955
20,8023
27,1960
27,1713
10,1568
15,4842
3,0833
12,0605
9,5097
16,6326
21,8535
27,3899
22,1834
22,9387
21,9081
1,7913
23,2972
34,8639
25,0250
13,1980
20,7720
15,9315
26,7670
26,9250
10,5446
21,0326
35,4251
9,1386
16,8174
25,7075
-5,5006
2,6020
13,9777
21,2427
21,9222
19,9884
18,5603
14,0076
16,5915
18,9007
17,3666
26,5831
13,6186
26,1195
12,6603
20,3853
22,2997
10,6807
21,5925
21,4356
27,5387
36,1603
12,2987
18,4991
12,6257
15,7245
20,5420
22,1728
26,2453
21,4218
21,5384
24,2687
4,4974
17,2252
19,0958
24,2255
21,5109
13,7668
16,6277
23,9089
15,1522
29,1664
10,6204
15,1125
22,1055
15,3303
3,7909
13,5074
31,9715
20,9843
19,5595
15,9610
31,4282
16,6709
18,9049
17,5431
21,3943
10,2016
33,9211
19,7794
12,8850
9,6912
16,5248
24,4878
12,2534
9,9744
12,6033
26,5120
30,8578
21,0121
17,2319
25,1779
19,6995
53,8457
32,9694
15,6815
29,2593
22,0440
27,8403
33,0392
19,2812
26,0210
23,7841
19,4287
26,3989
11,5872
36,8419
10,5179
8,6839
24,6931
17,5499
17,9541
17,8509
1,9531
18,3739
18,9659
37,0788
16,1431
17,4919
8,0334
17,2067
16,9927
27,0477
18,3390
-2,2244
4,7915
2,2642
23,2701
10,7195
32,2658
8,9442
29,9886
26,5598
16,0625
18,4315
9,0800
7,0848
21,5969
19,9959
29,2630
24,3967
21,3444
33,9010
22,2606
22,4254
10,7913
19,2372
23,3578
-5,8951
34,4003
-1,2511
6,8819
11,5349
17,0410
6,5647
31,7291
14,8022
24,9785
8,7439
26,0845
17,4592
24,7897
23,5929
13,8374
14,2689
10,5042
14,0082
20,5021
1,6865
13,0389
16,1490
9,1522
12,1225
46,9152
17,6872
21,3380
24,8841
5,2217
24,0860
9,7958
9,4679
16,0219
18,4222
11,4570
21,0817
21,1277
12,1479
20,7482
13,2198
14,5249
20,3891
12,1506
8,5144
10,5800
10,4765
12,9706
26,2175
27,6865
33,2857
19,1595
10,9399
-0,1155
30,8993
-9,5325
-7,2372
20,5256
27,3966
-0,1283
25,4636
20,8050
18,3844
12,0187
17,0889
13,1772
13,0578
15,9177
16,1531
17,4222
28,9142
19,1296
16,1940
14,8312
17,8718
16,2103
5,4982
24,4805
7,8000
11,4007
8,1167
8,7975
14,6983
17,1040
19,8226
5,2662
20,0591
11,8044
17,8053
21,2449
21,4729
22,1736
20,1226
10,9469
15,3286
21,5622
15,2299
14,6605
21,4857
13,7474
23,4199
13,5520
15,7469
18,5703
20,2617
19,6803
17,9348
17,9829
14,5869
14,2063
18,2617
15,0526
16,8061
25,2163
27,3047
15,0524
23,1166
21,1192
18,9709
23,7659
19,5915
39,6094
6,9774
12,4669
16,1413
12,6487
7,3866
20,3123
27,1590
23,6943
17,8786
23,7759
11,5808
14,1908
2,4768
9,2537
22,5574
19,6944
20,5234
18,5737
14,1229
3,9883
21,6825
19,1581
27,5664
6,3963
20,6833
26,6164
15,5829
11,2492
15,3485
25,7760
2,4992
20,4574
21,2468
20,4380
27,3769
23,1936
5,4156
24,3660
18,3183
22,5260
25,4308
10,0183
12,9150
21,5082
18,2165
21,9128
36,1530
17,3094
15,9320
19,1755
13,5902
30,6722
22,1050
32,3518
19,7949
11,4045
8,1487
27,9239
22,6725
18,2802
20,2583
9,1975
11,9307
23,6586
28,7462
17,0870
9,3021
21,0622
22,9363
16,8464
26,8235
23,9519
31,3690
12,9707
13,7299
28,6645
22,0245
9,2141
17,4716
21,3879
17,5618
14,7258
27,9358
15,7077
5,9370
17,4273
6,8834
12,0864
9,8518
11,4690
23,6442
20,1882
23,1239
12,6700
19,9553
11,5442
24,0184
17,3086
4,5042
19,5681
14,9547
10,3836
56,8345
32,0564
12,9711
12,1203
11,5275
17,1264
14,2735
14,0367
28,4199
4,1847
19,4008
12,7751
20,0109
7,0929
19,4808
11,6153
14,9260
6,2327
21,7257
5,1772
17,8392
11,6500
10,8140
14,1115
20,2777
26,1152
16,4484
22,7206
45,1787
22,3558
18,2438
20,5136
18,9902
7,7490
39,0997
6,1233
16,0203
6,2603
14,6981
27,9205
16,8739
4,2354
20,2245
15,8571
1,5146
26,5520
19,3963
17,4707
12,2449
16,7100
13,5909
15,9354
12,7903
66,9787
20,0959
18,5203
31,1763
18,9056
33,4186
15,1131
12,2135
18,6508
17,0900
13,8669
30,3230
20,0847
24,2985
30,8917
15,9284
16,5338
29,0483
11,7875
11,9754
19,3130
20,2910
8,7066
5,3622
14,1808
12,4457
20,5342
-7,9144
26,7877
14,2993
7,7259
32,0942
12,1111
19,7286
13,1824
25,4521
6,9328
18,9087
24,0947
10,1703
15,1907
47,0572
23,4636
14,7891
13,4021
14,2885
18,1662
7,1901
14,4144
6,0092
23,7858
15,9386
22,4463
18,1255
22,3733
15,8354
7,1026
40,3785
31,0479
11,5860
29,9668
1,1591
20,5535
25,3486
12,4983
16,6950
13,0998
10,0515
24,3935
11,9502
21,4391
7,3168
23,0510
18,8828
14,0372
11,2300
25,4599
17,8764
19,0550
26,0761
31,7732
23,0838
19,2765
15,0880
11,1256
18,0742
23,3802
11,8399
12,9383
-12,3150
29,6242
38,5834
21,1024
18,0467
23,7263
-0,3447
8,5972
12,5690
18,6907
11,1330
34,9019
15,7275
24,0899
18,8946
33,3094
21,5564
20,7681
16,4002
9,8540
30,7879
15,2538
4,4416
3,5272
17,8999
26,8706
5,4198
18,7582
23,1035
-1,6005
19,6427
13,7171
20,2705
32,5779
14,1508
15,8505
19,1639
7,0418
18,2179
3,0040
6,5225
12,4351
24,8583
12,3513
14,1814
18,1766
15,3836
7,4259
10,9693
14,0985
25,5798
12,4903
14,8886
23,3388
15,8586
15,7075
16,7341
16,6636
31,9197
21,1764
16,6173
26,9767
9,3076
38,8038
40,6957
16,9374
15,8060
19,0312
18,1180
11,6158
15,7943
13,7271
17,8572
7,5899
15,3688
5,9499
23,4905
10,2707
29,4109
18,5616
10,8664
9,4714
14,0060
23,2722
24,8337
16,4625
27,5737
24,7951
18,9547
6,0814
23,4363
5,8965
10,3265
13,2503
22,4360
14,2092
17,7664
24,1283
19,2839
25,7711
4,6347
18,5727
35,3222
-10,3566
12,2682
20,0696
19,3741
9,1310
26,6560
26,8581
8,3686
21,0110
18,8439
19,3461
16,8210
12,0619
20,4292
11,6614
12,7407
19,3259
20,2054
7,8176
18,3667
13,7460
8,9945
34,8205
21,4226
23,1701
15,0991
14,1904
10,8345
9,2585
16,1773
4,4176
22,0919
-1,0770
27,3492
22,9517
6,8804
19,0671
17,8157
27,6913
12,3422
16,0606
20,3299
13,7328
21,1644
25,2796
16,0803
8,4510
25,5612
15,0722
25,0211
17,7051
6,0566
16,0305
8,0174
16,7424
16,3064
29,4476
14,6648
14,6984
13,7188
23,0654
12,0428
10,2858
9,9832
16,3844
17,0924
15,5654
18,2635
25,3135
2,7626
15,9933
21,0606
18,4719
6,5687
21,3641
18,7567
19,7236
18,9931
12,9497
21,7486
4,0327
27,6660
21,9953
15,1527
10,6758
15,8130
-11,2984
21,3730
13,5558
6,7870
1,1815
16,9629
7,5550
28,1523
19,0683
11,3421
15,9668
11,4037
13,2088
10,2156
27,5969
21,7241
24,9124
16,2973
13,5739
13,0036
14,1524
24,3667
20,7661
29,7251
23,8298
7,2244
15,9769
20,2352
12,1546
5,2308
8,5449
18,4768
18,5958
15,0629
16,4671
20,4372
48,2725
20,4310
18,4605
9,4486
13,4030
19,6451
12,2293
17,4529
19,3258
8,3617
17,3025
17,8191
17,1777
10,2837
14,3466
24,6996
4,7049
16,7297
5,7222
3,5171
32,4331
4,6875
29,5507
10,3718
16,4874
22,8981
12,4941
15,7791
9,5980
14,0751
10,5306
16,5802
10,4337
20,1333
19,9066
17,0935
22,3114
23,2684
12,7107
11,8656
19,8446
18,9149
25,1129
13,6445
10,5062
21,4997
7,6608
13,0364
14,2626
14,6358
31,0671
27,6605
19,1178
11,6670
28,4863
16,4837
16,5979
26,7784
9,8514
6,5786
13,6876
9,4774
10,7427
15,4418
7,4494
15,0001
21,4892
26,7700
8,4747
22,3531
17,6810
14,8649
9,7241
9,3041
20,0307
26,5496
0,1046
13,2527
15,3677
11,2045
13,5430
27,2076
9,8672
29,6350
17,8061
13,0589
19,9904
13,1538
10,0714
25,7889
12,6014
14,6543
19,1071
18,0949
31,0078
13,9830
28,6974
8,9262
6,9135
15,7504
22,2174
17,0157
18,5769
16,4483
42,8293
14,1755
15,9063
27,1988
11,1553
2,2968
4,8482
19,0490
7,2019
19,3182
22,0106
19,3813
5,4879
9,4184
20,4657
15,0473
26,0324
19,7476
18,1567
15,8124
13,4875
5,0038
11,4248
20,7830
19,1495
2,0069
27,7392
16,9688
19,8766
10,5743
26,5894
12,9000
12,8333
15,4787
5,0773
15,9090
13,8103
30,4509
27,5868
6,0414
23,9350
14,4375
15,2233
20,9115
14,7576
15,7851
12,6922
-0,2519
8,6946
17,6000
9,4298
11,4383
19,3234
17,9001
19,0142
18,3740
10,0841
24,8255
13,7960
13,6905
16,0793
1,1930
14,0151
15,8035
26,4490
23,3609
9,3424
14,5525
12,6578
17,0930
18,9729
23,1001
6,0004
17,6085
4,0099
29,2788
19,1612
11,3572
16,9441
23,2600
7,5284
14,0560
14,8364
24,1882
16,4741
26,5534
21,7252
28,5979
31,0506
18,2420
7,7636
20,2249
21,2215
18,4490
18,7922
10,9173
15,3958
17,4046
2,8414
31,1778
1,7953
24,2740
18,8326
9,8461
27,4466
25,3212
12,8784
18,7671
14,8388
16,2981
19,5672
-1,6836
17,1022
30,8937
19,0174
26,0849
4,3111
17,9454
15,7529
20,4090
19,9567
29,5298
11,2513
20,4304
3,4653
16,2519
18,0063
10,1360
13,0268
18,5070
24,9046
14,7195
27,9040
20,0390
12,8879
8,3065
-0,8914
14,2817
16,0953
19,7061
29,1164
7,3307
9,5367
21,5707
24,2323
18,7002
20,6691
23,1120
23,0124
17,2928
17,7085
23,8355
21,2116
27,9406
24,3964
23,3535
19,1090
22,2024
14,6735
15,1809
17,4825
16,0556
9,2984
