15,1348
5,2306
10,4671
-2,1721
9,4699
3,7078
16,9671
6,7325
11,7712
1,5057
2,9545
6,8507
16,4676
11,2768
3,3908
6,4423
8,7429
17,8293
-1,3444
32,6156
4,3559
1,0506
-0,0151
8,0193
17,3298
13,5001
3,7020
19,6256
7,7477
0,6631
35,0674
18,1840
3,4263
-1,2810
9,1554
2,7088
46,7052
9,5927
8,6848
1,1209
4,4647
0,4231
5,9558
-6,1634
-4,3925
6,3467
10,3500
-0,2714
-0,6302
8,9516
12,0215
11,9053
4,7671
14,7408
13,9455
16,3855
6,5586
8,8436
5,5935
2,7514
-0,3965
8,3899
6,5710
-1,6788
3,8779
3,6744
4,9342
0,4711
20,8544
6,6047
12,9232
1,3382
12,2032
-1,5151
1,3723
6,8592
6,8839
-0,5831
5,4839
-9,9520
16,3829
13,0166
0,6497
1,4462
2,7072
0,0710
-2,8702
12,7582
3,7513
1,8038
8,5579
2,8820
0,9750
4,1365
10,0294
-4,8968
0,2737
4,3606
16,1853
3,5781
15,9559
7,4397
2,0710
-1,9919
0,8544
7,6835
6,7886
3,2775
13,7532
13,3947
5,4591
-2,4084
1,5316
2,7665
5,0169
1,7870
5,7372
10,9879
5,6147
10,1186
12,6624
-1,3726
22,1060
-4,4726
-0,8457
5,2851
1,3642
-3,5172
10,9320
14,0433
35,2345
9,3213
18,2743
-1,7519
15,4298
-4,0021
40,3173
1,7545
12,2344
5,9066
13,9435
16,6301
2,8054
8,1053
6,2138
-0,5598
10,2160
2,8010
12,8520
26,5606
9,3407
2,2613
3,1257
21,6633
3,8388
14,7578
0,3055
16,5990
11,3443
-1,5355
0,7878
0,3694
-0,2789
6,0765
3,4674
1,6255
14,6941
1,6302
11,8429
23,8361
-9,0900
24,5241
4,0043
-0,2412
-2,4725
11,4347
28,4725
7,9055
16,9577
14,3541
8,7179
12,1960
8,4243
9,2955
2,3168
6,8433
43,8082
21,7639
30,4678
4,6495
-0,7921
-4,6064
26,6588
11,8272
1,9775
14,5846
-2,0149
13,8229
1,8778
-0,5668
7,7435
3,9512
4,1236
2,9557
-3,0394
0,8000
9,6205
-5,5355
8,2402
11,2782
4,0445
4,9337
4,4865
5,6514
-1,5733
1,6307
6,4880
-0,3718
4,8370
4,2496
-2,4910
15,4528
19,7201
4,8337
15,7739
-4,5593
9,2875
12,8193
0,6045
2,6556
14,4467
-2,3408
8,6730
7,5607
1,6856
5,9848
3,6418
2,1853
1,2447
36,9906
-1,9265
2,2291
27,1930
11,4504
11,9751
-1,0235
11,3851
2,6667
-2,4753
2,7750
-0,5604
10,5063
4,7196
9,4247
18,8790
17,3381
1,4871
10,6188
-4,1982
11,1923
-3,2920
-2,7190
22,6144
-2,8403
3,5865
1,6073
2,1614
14,9654
2,6734
19,9505
6,5330
16,1003
5,5249
21,9652
11,5678
6,4025
7,2894
0,0054
5,1812
6,7676
17,7301
-10,3169
6,6487
6,4891
2,7386
5,0994
8,2370
-4,0639
-0,7953
5,9929
5,0238
15,6027
4,4535
20,8791
2,4719
-3,7347
23,4706
31,4088
-3,6352
-6,1963
6,1191
7,2862
15,4967
8,6055
6,8977
-1,0899
6,4693
-0,1497
2,7951
8,9693
-1,6174
4,2786
3,8745
7,3499
12,9393
-8,7347
2,2724
-3,5271
6,2870
12,4729
8,7020
1,1262
7,2366
23,0562
33,5842
2,9146
1,9628
13,9941
-0,2538
5,5792
9,2035
6,0988
10,6383
8,8336
16,1363
4,1572
-3,5637
21,7948
0,0941
9,2368
1,1836
16,8850
5,0406
3,3908
7,6339
4,1964
5,6253
17,5343
-0,0740
-6,2244
-2,4317
7,8018
17,1692
2,6022
3,9470
5,4142
-4,8736
15,0037
-5,0804
-9,4665
7,5042
-3,5820
-5,0413
-5,5542
1,1526
6,6155
10,3419
1,0260
9,2115
13,2120
18,7756
9,9866
-4,0943
11,7312
14,7048
6,6694
-4,9463
-2,2293
17,2916
8,3614
12,2145
7,7646
16,3637
3,8229
19,6713
12,5100
0,2136
10,7935
10,9188
21,0053
0,7423
14,9086
-1,9856
30,5669
1,1946
11,3017
-1,5020
2,7642
9,7171
4,9649
12,4067
27,8858
9,7296
1,4558
-8,3687
9,5962
13,1997
7,1512
15,7564
15,1485
8,8102
-3,2332
5,7892
-3,9774
3,0827
-8,5537
-2,3347
-3,4319
16,2514
9,0371
8,1301
-0,8752
2,3359
17,7752
6,1008
8,4050
-3,3247
-0,3376
26,6018
6,3366
-0,2557
10,5137
12,7202
1,4010
1,8189
2,6110
1,5560
7,9240
26,0121
0,6562
-7,4102
3,7077
-5,5403
3,9436
7,1811
-4,9924
7,7302
4,2324
3,3496
27,0640
1,3509
12,4332
13,7441
4,2009
-1,7715
12,9990
9,2345
-0,9174
-2,9283
1,7170
15,1139
18,9212
8,1531
-7,4760
5,4185
2,9394
8,4764
2,9541
-3,4494
7,2852
2,9981
2,7496
13,5808
-5,8883
-0,0647
3,1520
-2,1046
26,8646
-3,2856
4,5817
8,5420
5,4314
1,1778
17,6304
3,8752
16,4356
31,0116
6,7438
1,2096
-0,2032
-4,9249
11,9449
6,2218
1,2893
7,9090
14,0308
17,7617
3,9228
10,2442
24,4079
3,1153
9,0187
3,5358
-0,0969
8,5510
15,3009
5,5968
5,4162
6,7462
14,9403
10,7424
38,7091
-2,3165
14,2039
27,1421
8,8943
-5,3107
-0,1399
27,1289
1,8227
-6,4498
5,4255
5,2724
12,9831
4,1087
17,4893
-3,1878
9,5166
9,0101
4,8352
10,1437
-0,2961
7,8246
0,7572
14,3220
6,1376
10,7025
2,6953
8,0430
-3,8914
1,3120
14,9909
1,6206
3,3849
3,3645
4,6879
6,3416
7,0202
3,2537
4,3673
28,3536
2,8983
0,5694
1,1177
10,6039
2,9103
11,0503
13,1965
-1,0394
-0,5401
6,6616
11,7829
2,9234
-8,5322
9,9435
6,2702
7,7574
6,6647
0,5867
-4,7430
6,8221
8,5221
8,2531
4,9748
-12,9648
25,5116
2,4121
11,7301
8,5255
4,2024
2,5329
5,6607
30,8820
-6,5720
7,3205
1,2664
18,9199
8,6592
-4,6762
8,9160
4,5734
6,9130
7,5890
-5,4173
0,1057
6,9070
-1,9426
3,2411
10,8823
5,1099
1,1038
8,6112
10,6603
-2,0969
16,1347
0,6323
15,4434
1,3071
2,0600
13,7035
5,7651
7,8055
-6,6072
19,1732
2,1094
25,6276
7,7719
-4,8028
16,0943
-3,9554
10,8942
0,7959
11,0017
9,0967
1,9678
-1,5119
9,9815
-1,0867
18,0042
1,0279
3,0600
-11,3460
15,3176
-1,2663
13,1896
2,6176
-5,6772
-4,9476
5,2793
24,8455
6,7663
10,6681
-5,6819
21,8363
8,7928
-1,3182
5,8274
7,8770
1,9296
34,8712
3,6567
-1,4595
-0,5654
-4,2745
4,8904
-1,5740
10,0682
20,9483
1,3468
28,1206
16,7931
5,0372
-0,0779
-4,9791
15,2011
14,2400
8,7163
-6,0779
-9,4897
1,4515
2,8160
1,2431
18,6647
-4,2372
7,6283
4,5002
7,0400
9,9485
6,3815
-1,2658
2,1603
7,3123
3,5091
12,8012
16,1757
1,2878
25,2285
-3,7953
-1,7081
-1,8865
-0,2292
3,7816
24,2698
9,2084
31,9795
-1,8500
30,6155
3,1792
17,2490
-1,5479
13,9013
1,1969
-6,2150
2,4235
14,3590
30,6246
6,5727
15,4987
13,8425
17,9461
12,3291
26,0538
1,9681
2,8058
3,1648
27,2331
1,5321
3,8668
19,0958
26,5721
11,2730
2,0264
7,3646
14,2429
2,9786
4,1977
10,8266
16,0195
16,3700
10,1824
9,8854
9,4757
5,2637
7,1612
16,7786
7,5231
6,4944
-5,8667
32,9349
8,8629
5,3660
11,6755
0,0793
-2,1964
-13,3189
0,4360
-5,3010
18,6061
3,1506
16,7012
-7,0110
32,1210
9,2978
-0,1157
5,0843
1,1753
4,0763
1,5842
-0,1043
0,4613
9,5915
20,5670
16,5438
0,3778
8,7662
5,8789
19,5455
1,9178
2,7226
14,0139
-0,4334
-4,2492
39,8963
-7,5758
6,3279
4,9016
9,3249
-2,9427
20,4457
11,1341
16,0372
10,8719
2,7954
5,9634
-5,0615
-12,0032
3,0563
0,9229
-6,5161
10,4673
5,6885
12,4464
-10,9829
-0,1851
6,1739
-2,4545
3,4956
13,5202
2,3757
3,9834
-0,8215
-2,4422
11,8381
3,7777
-14,6976
9,1138
0,1713
4,6207
6,1986
27,7973
-8,8202
15,3112
30,0420
6,4531
-5,7470
3,9391
12,2566
2,5054
-4,3076
-0,8924
-0,0357
5,2800
13,2247
-0,0493
7,7629
13,8049
-2,6428
27,1355
2,6439
2,3288
6,1395
46,4856
-9,8760
-0,7535
14,8217
10,2124
7,3487
-7,2089
-2,5312
0,8087
9,1484
3,1823
7,1929
7,2554
-2,4370
8,2477
2,6700
8,0412
4,4639
0,3881
12,1428
-5,7826
22,9212
-0,5827
-6,1733
-0,0928
-1,1090
9,4780
17,8389
-0,2907
10,5754
15,4759
4,4121
15,2011
13,3543
5,1622
4,3744
19,0518
2,7861
0,9017
4,4610
5,5482
6,3279
-1,9995
5,8390
-1,3428
4,7495
-1,5706
3,8807
9,7855
-1,6761
5,6322
10,5806
30,2016
-3,2317
-1,1222
36,4573
7,7917
2,9648
17,4690
-9,0939
15,7834
6,2966
14,9069
2,5573
-0,4378
7,0584
-0,4638
11,5184
9,6954
22,5776
14,2037
9,6317
17,9937
8,4761
5,6969
4,0845
0,6546
9,6323
19,2659
-6,7337
9,9830
9,1446
14,5448
-3,5270
20,1676
5,1767
-1,7285
4,3410
0,3984
14,7293
0,0379
3,8794
2,3441
-8,4366
7,4482
-4,7925
35,3386
9,0323
8,1347
3,7621
0,1444
6,3798
7,0591
0,7990
27,0349
23,9169
12,0246
26,6689
6,5556
4,0795
-3,0674
41,2165
12,4844
-2,9298
9,9730
1,4646
0,8747
-1,2426
6,9306
9,2851
9,7815
-3,2817
8,1410
9,4555
-2,1371
13,8074
1,6078
16,4093
-3,3202
25,2907
11,9216
-0,2775
21,3765
-1,6912
0,7073
12,8145
13,7458
11,8274
11,2494
6,6885
-4,8723
5,3711
-1,2632
0,5833
10,6272
5,7129
31,6524
11,5391
-3,8919
9,8193
19,5087
4,3152
5,2659
5,5646
8,5128
-12,7808
7,6658
6,0580
2,9417
11,9020
9,3586
9,4716
0,2883
-7,5945
1,6447
-16,1502
-12,3439
-20,0711
19,7058
-12,2278
7,3952
-1,5219
14,7092
6,8126
2,3257
6,6391
5,0854
10,2900
19,4967
-0,7678
5,4832
4,9565
15,2955
2,9142
4,8342
7,0360
-6,8920
-1,7421
10,4244
7,1991
1,5067
0,5835
4,9015
-1,8935
7,1985
16,5772
0,2708
-1,1510
11,4739
3,7665
5,7171
23,5186
6,8859
8,7735
9,4354
6,9236
15,0402
-3,0958
8,1427
13,2253
12,6583
1,9636
6,7013
7,4336
18,5326
4,8218
6,1769
-4,5933
4,1579
4,9612
10,3972
0,0376
13,3388
20,8024
19,0451
10,9747
-3,6056
6,8749
8,7645
17,7663
-3,5437
14,5179
18,5246
33,0336
11,2960
8,7926
8,3543
-0,5003
5,0040
1,8962
10,5706
0,2061
16,3545
11,7275
2,4846
25,4718
4,3222
-6,3528
27,3093
16,4355
0,5757
5,1070
-0,5639
4,3483
-4,6655
10,1751
15,1630
5,1676
0,0428
16,0404
12,5051
-7,8565
5,1310
14,6972
6,6303
-0,1053
-5,3176
7,0836
32,2438
5,1483
5,3952
12,9565
2,0472
-3,2623
-2,4802
-3,3251
12,3352
23,5963
5,9641
2,0842
7,5247
1,8299
6,8091
11,2951
18,5780
0,8824
21,6128
3,0409
16,9661
-0,7773
0,4645
7,6778
4,5943
10,5005
0,8645
-3,2545
9,1674
3,3991
0,6458
10,1074
12,4003
-6,1747
2,8965
-2,3448
2,7457
5,9712
16,0550
15,4342
5,2314
-4,6219
16,9741
20,4313
6,5041
5,9514
10,8908
-10,9064
13,8018
2,9937
10,4524
-0,2468
5,4211
1,9315
1,7722
15,5019
12,9117
7,9416
6,6648
11,2816
-4,2715
30,0672
10,9450
12,0566
4,8991
9,0828
4,4587
-0,7894
11,6731
14,5941
3,2032
27,3365
6,2374
3,8584
7,8973
6,2064
-9,3939
5,3928
-0,5916
2,3207
4,2912
2,8379
0,7855
-8,2288
8,4323
4,5206
-3,7197
-2,6157
14,4352
10,8345
1,5349
25,8043
9,7947
3,4671
-4,4834
9,4801
-4,8373
1,1768
13,3348
5,8430
11,2370
-1,7832
13,8838
3,8281
-1,0655
0,2272
4,6766
-3,8072
5,2800
4,2815
23,6191
0,5843
12,0045
2,2449
11,0951
12,1188
0,3686
7,4729
2,1973
13,2203
7,1848
5,3901
5,5979
15,0491
-4,3773
-2,2246
1,4006
5,4250
4,1023
6,6895
-2,4757
4,0296
6,8972
6,3137
-2,8824
19,3633
6,4618
19,6185
10,7149
22,1136
4,3444
-0,4131
1,1072
7,3401
22,5235
4,9235
1,9799
18,0743
3,1262
24,3034
10,5455
5,5348
6,3086
10,7747
-4,8795
11,4167
4,2396
6,3724
5,4587
5,2739
4,6431
4,6253
2,8261
10,3965
1,9921
24,3105
8,7428
-4,0511
-0,5906
5,4545
-7,4944
11,4207
10,8092
31,4817
-3,3670
7,7141
7,3280
-2,6392
9,8718
35,3139
6,3171
8,0762
-9,3168
9,7819
-5,8763
5,8922
-4,1823
4,8628
-2,7516
20,5062
-0,6924
2,7127
-1,8528
15,2318
-1,9077
11,2206
-9,5253
11,2158
3,8474
17,4418
23,0722
3,0953
16,8811
-0,0803
-3,0234
8,6347
13,8147
-3,4893
4,9622
1,9002
12,8934
7,7896
-9,8388
16,3612
6,5840
10,3653
21,2099
8,0326
8,6534
-6,0948
14,1988
7,3176
-3,7761
4,0260
8,8968
9,3679
7,3092
11,6982
12,7247
7,5449
-1,0441
-0,3172
7,1798
20,7824
4,8136
12,2966
2,2757
-1,0022
1,7492
4,2690
18,5732
3,2779
0,6308
-0,5713
31,3381
-1,8434
24,1935
14,9155
4,6076
6,6372
6,1647
-4,1213
-5,7048
4,0515
22,5763
5,7025
7,4699
2,8191
-3,1442
-2,8164
-3,7172
9,0072
10,4024
7,7679
5,7510
2,9925
-1,3999
-7,1159
16,7563
3,2253
-1,4673
8,3583
-3,0525
-7,3651
3,3860
1,2312
-0,3944
-1,1430
-0,5579
12,7230
7,8032
-4,5313
21,8544
12,0990
10,9774
-1,8614
-1,8858
16,8114
7,8459
4,8728
0,6540
10,9682
6,6456
0,3725
12,7110
7,0446
9,8764
7,5534
-1,0021
-1,5634
7,9809
11,8062
12,7416
21,2686
10,9535
0,4397
4,8016
22,9245
6,3123
-7,7404
6,3084
-0,2713
9,1663
5,3534
18,1640
5,2306
9,8765
1,6828
3,6543
-1,3637
1,2231
3,3569
1,2215
7,7274
-6,3813
3,1617
3,0483
4,4532
5,7134
18,3038
6,7147
3,1607
25,4976
-7,4902
12,6420
1,7218
-1,7760
6,4814
5,2784
6,8071
-1,2627
18,2297
11,8658
8,4447
3,4416
10,7432
2,4131
4,8905
16,0057
11,2483
-0,3249
-6,2445
0,3061
1,4481
0,2029
3,0100
0,4569
3,4085
4,2314
-5,0694
1,3119
3,5366
9,7807
19,9352
1,4311
38,4481
2,6946
13,6366
-0,2017
10,7134
12,8766
10,0186
3,1596
15,2840
11,2146
1,0059
12,8710
5,8448
6,3074
-1,8122
4,5175
10,6842
-0,1588
15,3096
-10,1063
22,8515
-4,9590
21,1575
1,9639
15,2054
10,6603
16,5172
6,3680
7,0671
8,4630
-0,0385
10,6912
-0,2362
18,4892
-0,1356
3,0493
-6,4497
0,0732
2,8122
-2,3774
16,3980
-4,0958
9,6833
-0,6661
6,1020
2,5580
4,4881
4,1529
1,4213
1,8795
-3,2256
3,6887
11,5573
13,2372
-1,8717
1,8042
5,9529
-1,8467
-1,2028
8,8896
6,1303
3,3750
10,6150
21,6904
0,0354
-2,8544
12,6062
7,6333
13,1220
21,5419
-3,7516
24,5748
2,3790
1,0181
-1,8180
-0,0601
13,6360
7,3001
5,8533
-3,5206
22,7675
8,0914
8,0263
10,7655
5,6225
-5,6455
11,1166
2,0277
8,8022
11,3198
-1,2977
4,9354
6,0464
13,1336
-3,9003
23,4829
19,4516
8,9942
1,0254
-0,8881
6,9020
2,9764
18,5339
27,5618
12,6412
0,3713
-4,1213
0,3734
-0,7341
-3,6145
8,9706
4,4291
16,3991
15,8631
2,1023
26,7741
4,8220
2,3604
-4,6141
18,8258
-11,1614
0,1192
-1,1987
4,6681
-8,2728
5,0788
18,0457
-0,1644
6,2528
26,5734
23,4333
6,6262
-0,9976
-4,0928
5,0633
11,1907
6,8031
2,0392
3,2245
-5,0334
8,9285
-0,0217
-8,6055
14,9320
-5,9483
-8,5503
12,2053
4,6109
2,3474
7,8338
7,3422
-0,8793
11,6892
-0,4875
-0,0169
2,0109
2,4546
4,0828
2,5049
26,4229
16,6429
28,5685
19,6826
19,0543
21,6358
4,8730
6,8770
10,7529
3,7655
6,5676
11,3029
22,6481
-0,8367
11,3709
20,2576
-3,6473
1,2499
-16,3579
6,9979
7,7435
22,6080
1,0344
3,6063
7,0459
3,5524
-2,3341
4,1368
-6,6820
21,3684
5,6105
12,6847
13,2982
6,1106
0,0645
6,1337
8,8516
-6,3796
17,0209
11,8111
19,2151
-0,5722
3,3605
10,5348
0,7036
1,3002
0,5364
-7,4763
31,7094
4,3564
5,6321
4,0031
1,7466
0,9772
6,0238
2,8755
25,4425
6,7256
-1,9032
6,5315
4,6401
2,3537
9,4768
8,7225
24,3366
5,7046
16,6840
9,3621
10,0951
-1,4813
9,8985
11,2994
-1,1861
5,9100
41,8328
-13,3627
3,6736
12,1429
7,7747
13,8817
-3,7547
6,0909
16,6242
-1,6942
7,1805
23,9744
2,4061
7,1465
7,7867
-1,4462
0,1536
3,1053
-2,6721
-0,2412
22,6180
7,2970
1,1706
15,8699
18,0582
2,0447
9,0153
0,3720
7,4153
9,9517
6,6318
0,4761
-1,0611
1,4894
0,9277
0,9819
7,5403
41,0316
14,8735
0,3956
2,1352
15,1054
10,6897
-3,0277
-1,0726
-0,8779
30,8965
5,7885
16,4353
-1,3236
16,9255
17,7638
8,5670
0,4647
-1,6548
6,0236
25,6553
0,0273
39,9839
4,3899
8,6733
6,5084
4,5568
12,6809
19,7870
5,5453
2,2863
3,1941
1,9141
14,4722
12,5345
3,9019
5,2086
6,5755
-4,6860
-6,5351
2,3486
-3,7044
2,0476
6,0593
2,4046
1,5953
7,6211
15,2574
9,1018
2,4254
4,7365
11,3630
14,8865
9,4661
26,4709
17,2560
2,3240
13,9609
1,1761
1,0174
-0,3718
-3,8964
0,4706
13,2464
-1,4839
10,8159
12,7664
10,9340
2,0058
9,5131
-1,0276
11,0280
4,9391
-4,0287
12,2747
32,8856
14,2882
0,2730
-3,5819
2,9807
4,4808
0,7503
2,8427
12,4934
-0,6990
-0,4502
-0,8588
7,0392
-6,7418
9,1978
-2,5079
12,6330
5,1087
2,0914
8,0673
6,7233
11,6378
5,5707
-3,0704
10,1861
14,6887
11,4655
6,6254
5,2067
21,8810
-3,4777
-2,9753
10,7429
17,2098
17,4094
10,2944
1,0757
16,2050
5,3299
9,0095
10,1872
22,4920
3,5821
17,2889
4,3622
10,6658
5,5573
34,9567
11,9450
12,8996
-13,2274
3,3378
-4,9477
-15,2245
2,4855
15,8127
36,3162
1,2997
17,7668
13,3591
-0,0821
6,8548
2,3652
5,7898
-1,6257
14,6148
16,1075
-2,4224
2,0252
-4,9698
15,2855
6,2925
4,5683
5,6067
-5,1412
15,4272
-2,3266
7,0073
-2,1629
1,5397
16,2761
2,8340
7,3516
0,7846
28,0179
15,7647
-0,0889
25,1921
9,2152
4,5484
16,4849
12,7061
0,0662
0,9564
20,5483
0,6595
8,7207
8,4068
3,5679
18,9252
18,1932
3,7280
0,5725
11,6469
4,1700
7,4707
3,0974
13,7925
11,8113
0,1105
8,8208
3,4803
-3,2138
8,2788
16,9776
7,2068
0,4119
11,0703
-1,7789
-6,5176
6,4891
8,1345
12,2301
24,7605
7,3714
24,1583
4,6550
11,2761
8,8698
32,0203
5,0514
13,5270
19,2797
9,8927
2,7044
-0,4730
2,9804
17,2675
-0,5811
52,8583
12,9002
7,1838
11,7056
22,6932
12,9076
18,3209
5,7509
-9,8745
8,3745
7,5407
1,7193
11,6552
12,7137
16,9902
21,5644
13,6323
1,9678
2,3273
8,5144
13,1572
7,2300
36,9741
0,6233
4,1291
0,6068
2,1586
13,7606
1,7000
-1,3570
17,1595
4,9384
-2,4434
-7,3206
35,6513
6,4806
4,2822
3,6656
7,9325
3,9154
6,8409
8,6471
2,3812
11,4930
10,9527
6,4548
15,2388
-5,0912
4,2179
-4,8986
9,2036
-1,9100
19,0296
-0,2290
0,9423
0,7807
14,7506
0,5059
-0,8820
4,9321
10,1615
12,8185
14,2565
-1,2487
4,7373
-7,8547
13,2090
4,4743
14,8805
7,1671
3,7618
-2,8664
12,2187
-8,7541
7,8313
18,7023
5,8682
4,2228
1,1813
41,6122
15,1969
13,0573
21,0826
20,7437
-0,7497
3,5783
2,5812
23,8810
-1,5873
27,6929
7,4801
8,3504
11,7827
2,2351
10,4662
17,5800
-3,6514
-12,2549
2,1620
4,0067
9,1663
-4,1188
-9,3225
5,3915
5,0478
8,2171
1,2069
6,8120
-0,8390
18,1482
6,7638
25,4757
3,8437
17,6631
7,9928
34,7181
11,0653
-2,6900
10,7830
1,7119
3,7507
14,3426
10,7652
12,2953
-1,4466
5,1813
19,0635
-5,4269
-0,5548
2,8253
9,9909
5,1731
12,5161
20,1886
16,6723
5,5519
39,0621
16,1914
0,8408
10,0602
5,0781
-5,9914
7,7822
42,1762
-0,7357
2,9615
29,3455
2,7161
12,5780
-0,2050
9,0410
2,5490
2,1697
-2,4326
11,0086
10,7368
-2,4074
9,6285
-6,5036
-0,9640
1,7108
2,6587
12,7890
4,0779
3,2004
12,3160
-4,6460
2,8388
3,1138
-1,8013
8,3856
19,4711
23,7588
2,7294
-1,8504
-0,3322
3,9800
8,3939
14,4748
6,5036
-0,5146
11,2136
3,0260
5,1340
3,0560
8,5319
-1,0204
8,0384
2,6568
5,1035
10,3558
10,6380
2,5758
32,0432
-3,4538
-0,2803
10,1161
15,5331
6,7925
17,2056
11,5447
5,2843
9,4491
-0,7848
12,1446
9,0831
6,1578
44,9637
2,5624
6,6086
11,7989
11,1878
-0,2491
-2,5191
3,5774
12,0311
-3,0010
10,5580
8,6852
23,0241
13,4098
6,1717
11,6390
11,7515
9,2905
-4,6780
18,7490
5,7330
13,1273
1,0192
-0,3788
1,3632
-4,9580
6,8655
5,7551
10,7296
-2,1157
5,8848
2,1613
4,2535
4,3131
-1,7531
-2,2067
-0,2089
0,9874
4,3886
3,1154
-2,2662
11,1047
28,4940
7,2171
4,6979
4,0890
4,3463
-0,6231
24,4033
-0,3466
31,5604
-3,6258
17,0396
17,3437
2,0547
4,1228
2,0458
0,9493
6,0656
10,5973
-4,4140
14,2702
14,3961
10,4262
4,1365
-2,9009
32,9837
-2,1039
21,0621
2,7825
9,5919
-0,2814
46,3263
20,7052
12,0600
8,9397
32,0610
7,1955
5,5422
12,4436
-7,2403
-0,0568
-0,3291
7,3995
9,5455
8,6507
-9,7262
16,5008
10,6919
7,2185
11,0320
15,8879
36,3689
-2,3183
9,1829
4,3583
8,4033
-0,3311
-4,4759
23,3440
-6,8072
5,3374
-8,3720
7,6230
2,8089
7,1043
0,9999
8,5971
17,1213
7,8553
2,1253
9,4053
4,8373
21,7603
17,0568
7,5360
5,0626
5,2213
10,9995
0,1291
11,2617
8,0759
13,5107
11,2223
11,1727
5,4033
15,8093
-2,0147
5,7453
30,2342
18,9561
3,6881
5,1324
0,8334
-3,3912
36,7999
1,8315
7,9452
11,4620
32,2384
7,4520
11,9682
-1,6270
5,9361
-0,1548
0,3199
5,6933
-3,6452
0,5464
-0,2584
5,5303
1,1836
14,4813
0,9695
-1,5485
5,7990
2,3556
1,8140
14,3023
-2,1778
10,7665
21,9594
-1,3615
13,2897
-3,1008
9,1020
-0,4206
-2,0568
10,1376
7,3649
4,7806
0,9433
12,6876
2,0256
4,7576
1,2092
1,8738
5,5777
30,4833
43,9872
17,0184
1,2000
1,9781
20,5181
19,8256
8,3437
10,5925
7,4440
2,1575
2,2437
4,4075
4,0590
1,9546
28,5571
-0,8659
10,1701
-2,1747
9,5426
5,0005
20,2017
11,0069
-5,8999
3,9036
-3,9150
-2,6186
5,1163
12,6550
7,6606
1,9425
-6,7448
4,1372
9,6017
33,2213
19,4976
13,1611
-2,8348
6,2068
-1,9763
22,7826
22,6279
-3,9742
-0,1268
2,9119
5,0798
3,2723
5,0582
-3,6324
-0,0950
9,2892
9,0657
-2,9602
8,8837
-1,7686
-5,1089
2,9524
-0,8319
0,4871
32,1568
10,1212
3,2583
21,3198
8,4781
-6,6024
6,5685
0,1550
-2,4232
5,5349
-7,7944
-0,8773
22,1580
-4,3993
2,6587
3,3807
-0,3987
1,9980
11,4436
6,7216
5,2125
6,6899
-0,2078
8,9693
-1,9811
-2,7707
1,0568
26,3347
1,6561
24,1819
16,2174
14,2801
1,3550
11,6489
3,3471
4,9448
23,7702
3,6653
1,1497
3,3341
4,2698
4,0817
2,3335
2,7774
5,3053
18,8472
-1,7053
7,1297
16,5046
0,9228
14,3624
6,5939
1,7556
19,4448
4,5198
27,3667
16,1590
2,2065
19,3652
2,5829
-0,8756
3,7895
-2,5713
0,1209
16,8689
4,3799
12,7927
19,2091
9,9366
0,5237
0,2074
-3,9189
9,0133
-2,4605
17,8980
-0,3483
11,8474
18,4067
13,5981
18,5199
-0,9142
12,8512
-2,1181
5,5918
6,3122
5,0423
3,0614
-5,0828
26,4865
15,6829
8,3793
-8,0398
6,8647
2,3683
-0,7739
15,8767
12,0372
-4,3867
22,9109
13,5081
-2,7545
1,3650
0,9908
5,1135
4,4981
15,8943
5,4124
1,1673
-0,9740
38,9058
17,2312
-7,2987
-2,8164
18,0988
-1,8193
19,0271
11,0710
9,0267
7,4435
-4,1036
4,3257
5,1759
0,0017
1,8558
12,0871
12,8541
8,2690
6,4708
-2,6534
6,8993
22,4379
8,9106
-2,4519
2,1795
15,4440
-2,0482
8,3288
-0,4459
0,8902
25,2878
2,9959
0,0388
11,7831
2,5452
1,5894
-3,3209
4,6698
23,6955
3,5609
-11,2385
29,7849
2,1623
0,8312
18,8525
1,4042
-1,0387
0,1016
0,2185
4,8295
3,9773
12,7710
7,1516
5,4651
-4,3326
2,9151
-7,8471
0,1249
5,9228
-1,8422
11,3771
9,4586
5,8810
21,9733
2,1159
13,1174
8,2203
6,9456
6,5268
8,8479
5,7212
11,4090
8,1310
3,8226
0,9121
6,6226
-3,4768
-0,8421
6,3264
-1,6590
6,5340
7,2392
12,3884
6,8288
-4,2317
0,8895
3,0797
18,3302
7,5392
-2,5344
13,7922
8,8598
15,8982
3,8049
2,4266
-0,0429
8,3364
1,5890
6,5162
24,3677
4,0162
15,7448
6,8795
6,1181
-0,6056
-3,4578
36,8659
10,5329
20,2033
9,8010
7,1999
-4,6307
-1,4165
1,0812
-2,8205
-1,6981
9,3139
7,8390
9,7841
14,8267
-2,0560
20,9854
8,5504
17,6039
12,1240
7,5434
3,6575
-0,7532
-1,6420
4,6193
8,3020
-1,9114
24,5609
4,3290
0,0939
5,4771
0,6229
12,8664
25,7190
11,5867
0,6333
1,2854
8,4834
15,0721
1,7162
8,4178
-3,5688
9,9422
2,4960
10,6234
1,9312
-3,3757
10,8386
6,0504
13,1672
-3,2882
15,8740
13,6550
1,3108
19,1184
0,3363
3,6144
18,3144
10,1889
13,4479
7,7441
13,9835
9,4882
7,4754
1,2499
13,6762
16,1693
16,9461
29,5801
3,1094
-1,5141
10,1725
-0,9271
17,1827
6,7565
1,1177
17,4646
2,2695
7,3623
3,0475
15,6194
0,7844
-8,3345
-0,9617
-1,3020
5,1090
2,3656
-3,7650
37,2698
5,9588
28,2389
8,3049
-2,1350
-2,1256
-1,3597
20,6115
16,6875
1,4735
3,2886
6,5459
7,7130
-6,2994
2,6595
16,5706
8,8868
-1,4048
13,8602
10,2914
3,7581
-5,2214
11,7294
1,5991
-0,9642
9,3224
-3,8005
-14,4412
3,6149
6,8466
4,9757
4,6189
7,4174
2,9070
3,4758
6,0872
-2,7840
5,9120
20,3649
9,2485
1,7928
4,1894
7,1262
15,2162
3,1637
3,3160
15,6910
5,0046
19,8973
25,9531
-0,9643
11,7391
2,4028
18,2778
8,3564
-7,6664
1,3546
12,2490
15,4612
-6,4926
5,6283
6,8548
3,9570
6,8391
10,0652
8,0769
0,0211
10,8941
22,5334
3,9028
4,3696
3,8438
0,0760
5,9258
-3,5391
3,8731
-6,0148
-0,2977
-3,5488
15,7271
-0,6555
9,7405
1,6733
-2,6630
-7,9896
6,1853
3,0441
12,8944
-6,6686
4,9307
26,2377
2,9959
2,6144
11,6965
-8,0842
2,8533
0,6453
13,9579
11,2549
4,3407
14,4144
-2,5463
-1,1199
10,4387
15,2651
-5,5393
5,7999
0,1758
7,5138
3,1325
9,7555
1,9766
-2,7748
9,5526
19,6697
2,2808
6,1086
3,3560
5,3125
0,3482
14,2559
8,4850
1,5902
-3,2902
5,4994
1,6870
8,3610
-1,0821
-5,4012
2,3684
-4,2876
4,6487
11,7182
3,2981
-17,2830
10,8347
9,4325
-3,1417
-0,4330
3,8399
7,8978
0,0769
-2,0736
4,1594
-3,3208
2,0264
4,2026
9,5141
0,7410
-5,7928
-4,4407
10,1828
18,3876
4,3878
-7,7927
0,0460
17,5851
12,4466
9,2781
4,8363
11,1327
4,9404
5,2524
6,2397
6,1981
16,3928
21,0776
4,8483
6,4487
5,7378
8,3381
-8,0420
3,0831
3,8039
32,2432
5,8707
4,9709
31,1512
10,2571
15,0906
2,0929
4,8922
22,2575
4,1731
9,0019
4,5825
-2,3755
29,5971
11,5562
5,3552
8,8720
6,9921
24,3152
5,6449
9,5528
15,6570
-2,7311
3,2590
1,1262
10,4226
10,1113
6,1138
11,2314
9,7340
-3,8301
5,2479
1,6924
0,3832
9,2891
-5,1646
-0,4056
9,1488
10,6647
3,4839
3,0193
16,2561
7,5764
4,0911
1,8004
14,6667
17,3046
1,0038
-9,7720
1,8290
-3,6410
2,8984
20,6088
-6,2961
21,6238
-5,5527
12,5915
15,9435
14,1202
12,0218
10,0431
9,8790
2,1202
24,4822
-4,8707
13,7081
3,5805
24,2433
9,4668
6,5849
-4,0163
-4,3731
-6,8574
8,9346
10,5849
10,6317
0,8594
1,1145
16,5062
10,5663
7,8684
7,2064
13,5822
8,1686
0,3163
20,6241
0,7397
7,4792
6,1648
30,9175
-0,8410
11,3835
2,0627
17,8415
11,9031
8,1812
1,1101
-4,3505
-2,5653
10,8393
8,1099
7,4273
13,0911
5,9409
7,2383
4,7193
25,7793
3,0698
-4,1143
24,6887
3,5895
9,7839
14,5590
-6,0245
12,8554
8,4236
-0,5942
1,7322
6,0851
-0,3517
2,2554
1,0194
13,5181
-3,4449
3,3043
14,8138
5,4523
20,7671
5,3036
8,9138
17,3361
0,4131
7,8818
7,1313
7,9955
20,5991
5,3608
3,6666
15,3285
12,8742
1,7146
-9,3663
8,2828
0,7391
9,4997
14,6931
21,5973
41,4521
13,4981
0,3503
-0,6574
4,2217
3,0961
2,8135
24,2763
22,1580
-0,2178
12,4294
15,1403
-6,2768
6,1376
18,7313
3,0308
15,5944
-1,7346
4,2849
4,1048
14,1091
9,3491
6,3176
3,4763
19,8700
8,5537
-2,1203
15,4936
11,1598
4,8626
13,1168
2,8327
14,7934
0,7527
-4,7299
4,3597
9,5407
15,8252
10,5468
10,3650
6,0169
3,0971
-1,3398
-2,9545
-3,5192
15,5360
13,1723
-1,3058
14,3673
-1,8374
3,8262
4,9711
-0,1315
5,4567
-1,6729
23,7455
9,8006
2,7295
14,8837
19,1629
0,1703
6,9609
-1,0555
11,0508
3,2216
-4,6530
7,4107
-1,3213
0,5095
0,8775
2,9243
5,2534
21,9274
6,8004
5,4985
7,7034
1,9704
13,4320
18,3122
-3,9237
-0,1940
-4,6126
-1,9620
3,0524
11,4573
-1,3752
12,3542
4,7500
10,3528
-6,5267
-7,6298
6,1864
2,5924
-1,5035
1,5690
6,2113
-0,4756
25,7088
4,9319
4,3657
-4,8758
7,2541
-5,1811
21,3734
5,4690
5,9127
7,9205
5,2722
-2,1667
8,9252
6,8440
9,8032
7,1108
7,2946
1,5243
3,6590
14,8908
11,3414
-5,3648
3,9746
4,3867
-0,2678
9,5363
3,4247
9,0626
4,8338
10,5775
-1,2890
2,6372
29,2266
7,4544
-3,6668
7,0590
10,7727
7,4416
10,7271
2,1616
0,5126
15,0771
1,1863
3,2291
15,3602
17,0095
3,4482
7,4224
-5,0570
4,4383
17,3396
0,4067
6,6654
4,4571
1,0715
21,6677
3,9567
10,5322
1,1982
4,1944
1,5386
3,2688
10,7982
0,5866
9,7886
10,0337
18,0967
0,7636
-5,7339
15,0627
6,5153
5,2364
1,3274
9,1086
6,0326
11,5624
3,4088
18,6546
9,8452
5,0901
6,1997
3,9267
-0,9407
24,2204
10,9022
26,1225
5,1988
7,1325
1,4650
25,4027
9,0678
17,3303
-8,6697
4,3777
-21,4956
16,9827
3,6924
-6,2807
-10,3586
27,2852
-0,1050
7,1148
-1,4293
-2,3002
0,8548
4,2819
17,4341
1,4553
-1,0764
9,3332
31,7084
3,8088
3,9005
8,1468
-1,7926
6,8403
-0,4022
-3,7653
3,6037
-1,8334
12,2504
20,8683
-15,0739
5,9138
19,3053
10,7019
11,8515
3,9079
13,1476
4,2096
15,1739
11,6424
0,9822
6,7517
-1,1020
1,6365
3,2298
-0,1306
8,0585
1,3803
0,2626
11,0101
0,0658
3,1942
-3,5854
3,1251
5,8873
1,1614
-13,6253
1,8535
5,1239
5,0461
18,0675
7,2297
2,2082
2,5896
10,8147
4,1916
-3,6987
8,2274
-1,6726
4,2799
8,0632
10,4768
-4,7797
16,3854
4,3863
-0,2456
10,4511
10,7891
0,9636
0,6302
8,3675
19,5918
14,7347
10,7254
1,6796
3,4236
0,2534
12,3687
-1,3903
5,4736
-0,0621
-0,2878
10,0225
12,3486
8,8648
-2,9439
39,5555
-3,6064
9,8741
25,1722
7,0453
-0,8186
-8,3755
-3,3307
7,8558
5,5324
12,5097
11,9871
26,6127
4,0275
10,7918
12,0694
-4,8071
16,3827
4,0591
3,6332
0,7561
6,9861
7,3744
9,1276
10,5258
-3,2815
28,8647
12,2829
-2,5965
8,6328
-2,0514
2,6230
3,1703
19,7989
11,4927
-5,4112
11,6148
-4,2792
-4,6898
4,9537
18,8441
-2,9196
9,0958
2,7712
-2,9945
5,6909
-3,5573
0,1994
5,2882
39,2895
13,6541
2,3658
4,2349
7,4044
9,4170
3,9881
0,5349
-0,9600
-12,6470
1,8698
-16,4461
6,0701
16,4852
9,1899
16,7432
29,4501
14,5143
2,4285
5,4834
10,4931
3,1181
6,4995
2,7640
-2,4744
19,5241
22,0391
15,3280
6,5284
3,8452
6,4239
-4,2543
3,8655
7,2306
3,8276
7,4278
5,2939
2,5235
17,7841
4,8524
3,8575
4,5351
1,1638
2,1007
-3,6455
6,1904
17,8553
-2,7013
1,1821
5,5234
-0,4134
3,2241
9,4846
-10,6131
6,5525
6,8206
10,8239
5,8798
-5,3363
0,3849
13,6472
1,5038
2,6708
2,9641
1,5303
-1,3809
16,1033
1,7221
10,8367
-1,9607
20,1499
4,0778
-3,5550
7,8590
18,8024
10,0819
-10,7521
0,3670
27,8410
11,7877
-3,6398
8,1383
12,0181
1,7675
-4,3517
4,8961
8,7004
4,1034
8,8677
9,3354
-0,1680
9,2953
1,3421
1,6314
17,4696
16,2091
27,0346
-2,5006
12,3883
0,7920
5,7337
7,5619
15,0845
0,4123
6,1910
7,7725
0,9583
23,3781
23,0840
-2,8969
15,3603
4,9486
11,4492
2,9531
1,0718
19,1945
4,6097
13,5932
-3,4277
4,2095
5,3176
26,9353
8,1333
3,1421
7,1263
11,8073
0,6579
-3,2835
3,2211
6,1955
18,3067
5,5526
5,6931
8,2554
-1,2859
3,6346
8,4917
11,9514
7,7286
7,1502
15,0255
10,1509
-1,7123
1,2050
2,3805
4,5867
1,0196
0,0947
2,9189
13,4887
18,2460
15,0751
1,1491
5,7575
-0,2307
-0,9796
5,0876
23,1254
9,5640
8,7784
4,7417
-7,4916
3,6047
7,3223
13,2304
-2,9991
0,7712
12,2261
0,3716
13,7050
3,7828
-1,8320
5,5414
6,4955
4,4135
15,5246
1,9107
18,0829
-0,5338
9,1450
7,7134
10,9832
2,1939
-9,0016
3,9571
-5,2949
6,1672
-3,4088
22,7307
6,1206
21,3215
13,5845
17,3272
7,0853
15,1918
14,2031
11,6309
-0,4511
15,4098
-5,2472
2,9309
1,5740
16,2129
6,7149
-0,9375
21,6459
2,2472
-4,3159
12,4321
-9,9547
10,3489
2,4800
2,5418
11,0091
12,4854
5,5882
16,1377
8,5956
7,7397
-0,4730
4,7460
7,4729
3,0540
-1,5137
17,4339
6,4973
-8,3906
-2,9343
-0,5163
1,3991
29,1250
1,2267
-1,1533
18,1610
2,6264
-3,2000
15,1228
2,5536
11,4454
8,8263
2,7915
11,5464
9,2247
14,3590
9,0787
1,3078
-6,7602
12,6883
8,6854
13,4069
1,6306
3,7996
-0,9343
35,5440
0,3621
10,0350
-2,0695
7,1973
20,4333
6,8703
-3,2825
16,8747
6,3022
7,0639
17,6925
-2,7373
38,1952
38,6904
5,4796
1,2614
2,0001
1,3081
-10,2344
2,1852
0,6082
10,4908
-3,0636
2,5328
3,2918
3,8701
0,0691
12,4970
1,7324
-9,6755
-4,6788
-10,9434
-10,5229
-3,8962
16,6595
2,9335
2,3023
2,6354
24,2601
15,7731
2,9608
12,7285
5,1110
-1,6754
8,0450
0,0535
15,2911
1,3432
6,3082
18,5286
4,6584
12,2961
-7,4582
2,8846
10,9475
11,3143
15,8501
13,8927
1,3223
1,1106
2,8431
2,3416
5,7099
8,7248
4,2323
5,5069
-2,2127
0,4496
11,3124
1,3130
-2,4446
6,0650
8,2362
1,6882
2,9717
0,3196
-0,7893
9,1518
-5,7371
5,2946
4,7680
0,3860
19,1054
16,7065
7,2885
3,2248
5,8109
27,1179
28,6312
2,3530
13,0877
3,3921
7,5547
7,8722
4,4025
0,7802
6,9924
11,1793
5,1197
18,2870
7,8970
-11,8821
4,7632
7,0770
9,5444
16,2468
6,9080
9,0717
1,4734
-7,4739
-7,9411
5,0460
1,2496
3,3542
47,3163
5,0815
9,3213
-7,4471
7,0628
4,5367
20,3527
-3,9276
18,3457
5,8512
5,5457
1,2701
4,9317
-6,8049
1,9571
-2,5594
-5,1714
21,6942
5,5501
7,6199
4,4243
32,9760
4,0111
19,7969
15,3121
7,0394
-5,0649
14,5002
5,8882
7,3958
1,7008
3,7828
4,4583
8,7318
12,8990
-3,5185
-3,0241
9,2164
20,1511
19,5196
-0,1918
12,2928
0,2053
6,4815
3,4256
16,2627
7,4009
9,1430
3,2202
13,8037
5,2182
1,1856
2,0632
-5,6917
-7,3182
9,3065
4,7591
5,9349
-7,1999
20,6276
9,6409
5,4783
17,3733
9,6725
-1,0032
6,1117
-6,0603
12,8020
7,1416
4,0898
8,1918
21,6247
-4,6215
1,5721
1,7245
5,5442
5,7960
-3,5294
1,1300
19,9377
-2,1461
11,0061
-4,3111
2,0987
-0,1663
13,4547
-1,2658
-5,2140
-2,4090
8,8346
3,6568
10,8235
-2,6589
2,9027
-0,4553
-0,9626
-4,1681
10,7391
-2,0284
10,1716
11,0764
3,1106
-4,8446
8,6954
3,7457
2,3358
17,1974
34,7161
5,0897
5,0594
-0,6998
5,0368
15,6766
2,0957
1,3147
0,1626
-1,4043
7,1183
25,3977
11,2556
1,0695
9,2099
5,0749
-0,6666
17,7162
-2,8933
34,5105
-10,9353
-2,0774
-13,0815
33,1401
4,8575
5,0281
18,0241
5,9143
12,5635
15,0542
-2,7416
-2,7999
7,5304
19,5226
0,3649
13,6357
9,3596
-7,8704
34,6926
37,0107
4,1236
16,4699
5,2684
-0,8616
-0,2142
-6,1781
7,1691
5,0349
-1,8075
1,1909
12,0833
9,9186
1,9852
-6,4706
6,9925
-1,4933
11,2437
2,9177
-14,6010
25,5531
-3,0551
31,3174
8,6572
-3,6322
3,4447
18,0991
1,7019
1,1464
-4,4851
-7,1432
12,5601
20,2070
-5,8182
0,5822
-3,9050
16,4300
26,3443
5,5355
7,9686
3,6629
16,8600
15,8849
10,2674
3,5095
-4,6339
13,4114
5,6893
23,4009
-1,6311
0,8903
2,5603
8,9077
7,1632
6,6501
8,8494
17,4447
12,3917
8,5760
9,5051
1,1258
5,0795
7,4536
-2,1478
6,1899
0,5652
2,4735
13,6019
1,0915
3,5507
2,6885
2,5090
19,2951
-14,1312
17,5188
3,3836
7,3728
-12,6608
4,4934
31,6986
26,1992
1,4343
25,2153
8,7545
5,6377
1,2714
-1,0533
-0,3321
14,1453
9,4246
14,2964
17,5616
-2,7730
3,8092
2,5857
-0,0299
5,8488
-1,2999
8,1785
-6,9409
10,0654
2,4394
6,8857
5,3989
10,2889
11,3961
7,1077
47,4305
-0,5953
9,2458
19,6828
9,8786
12,9988
6,5221
3,1176
12,8559
1,8170
-0,0103
-1,9303
16,1085
9,7391
-1,8365
13,1433
4,0623
6,5234
9,5833
3,8352
3,8029
25,4528
16,7843
1,8939
4,0773
24,4928
22,2534
0,0264
-0,7984
-3,6549
-1,5972
5,5726
-1,4680
17,7883
11,3397
5,8686
5,9256
12,1221
27,2819
7,5610
3,0420
3,6111
-4,3132
8,3320
-0,3627
9,0034
13,8704
18,9132
16,2801
1,0825
4,6916
23,5879
7,1266
-4,2589
-10,1523
-3,4099
-1,8531
23,4281
-0,2503
-4,1076
-4,3550
1,0236
-0,1898
5,1973
-5,2907
-1,0736
10,9027
7,6066
16,9838
-2,9712
1,0377
5,7628
8,5343
14,4378
-4,4992
26,5252
-6,4402
-1,3213
9,5844
-4,2302
9,9436
3,8106
1,1285
1,4961
2,7195
2,2864
10,5642
3,1527
3,8845
1,2754
6,9604
10,6152
12,4243
19,1763
41,1709
6,0205
22,8556
0,8430
5,7342
11,0500
5,3888
1,1723
-0,0478
2,4165
9,0512
0,8399
14,9667
6,0094
0,9367
14,1973
17,1807
13,9238
11,3776
0,1900
10,6073
-1,0405
4,5670
41,0805
13,6721
15,4729
-0,2217
35,4050
-3,1366
6,1605
8,5628
0,1116
-1,5666
-3,0586
6,0520
14,3597
25,1443
1,9587
22,0588
0,8649
2,7734
7,6024
10,2529
27,1152
2,4844
4,1348
17,8590
23,8135
17,5256
4,1624
7,3231
-5,2280
2,0183
1,2613
-5,2903
5,1633
9,5446
23,5251
-7,5496
0,5083
11,8540
17,1481
-15,9724
4,6530
37,9657
8,9271
9,6225
19,7580
6,8307
25,4730
-1,5389
1,7057
7,4130
-2,8407
1,4544
49,1106
4,8801
14,4608
1,5326
18,7528
-4,8729
-4,6082
5,5827
7,2652
-0,4770
14,9557
10,2657
-3,9332
5,8480
15,5986
8,5078
-6,1947
3,2639
4,6228
-2,4926
11,9973
7,8034
3,2615
19,0967
23,8713
-2,1747
9,5578
14,4679
7,7207
6,5109
21,8532
1,3764
-0,3995
11,8887
14,6859
8,0503
6,5870
4,8268
13,1098
6,5583
-2,3982
6,7641
3,1336
30,7014
9,3013
10,9842
5,7630
3,5312
7,3207
2,1437
5,3060
13,2826
2,0379
-6,5570
-3,1903
2,5753
-2,3290
7,9874
4,1752
16,1333
1,3426
0,9965
11,6807
4,8899
-3,1093
-3,8225
1,9139
1,3151
10,3989
5,1276
14,5797
7,2367
5,5151
16,7610
9,4138
4,6348
0,5358
7,5998
9,7739
10,6787
3,1844
4,4449
10,1719
5,3405
12,6092
9,3595
2,7846
11,0207
-0,0812
20,8018
-5,4894
2,4502
25,0884
13,7876
-13,1372
-13,4871
5,6761
17,0530
20,1951
11,1797
22,1585
7,9803
-3,6014
4,1991
13,4958
0,8745
42,1110
3,0743
0,4067
2,0808
15,5073
-0,1790
-0,1679
20,0305
4,6451
1,6913
-4,1354
26,4670
0,5385
15,1321
13,6581
-6,7999
14,1494
0,7616
-2,3264
24,0790
13,3846
15,7287
5,3786
6,4988
9,1190
5,5548
3,2114
-0,8548
0,9728
-0,2834
9,3755
30,5617
7,4242
16,6126
-0,6659
10,3492
-0,2495
10,5873
1,2132
1,6206
49,2827
-0,2349
5,4691
8,6572
12,0690
10,3045
10,0581
15,2169
13,1289
23,8523
3,0998
0,0402
-6,9282
1,8525
45,1373
15,5519
14,3343
14,3268
-8,6121
8,5527
8,2395
15,3451
10,1283
1,5240
11,0161
5,5095
0,3245
6,1303
0,8466
3,1573
8,2331
25,1245
7,9275
-2,2689
26,8566
2,0870
9,7260
4,8858
3,6660
7,6830
13,6783
1,3752
1,0012
24,1596
-3,1373
15,4583
7,7991
4,0862
21,1348
-0,0434
7,1302
4,2482
3,7878
-3,8902
9,3408
5,4361
13,3392
-6,1326
19,8694
5,7141
10,8606
8,1647
6,7843
21,4235
-3,0274
7,6092
1,4634
16,5230
17,6416
-3,9233
0,9043
7,3022
12,6896
14,7864
12,7417
0,4235
8,1091
3,9376
-5,2288
4,0852
15,1844
23,5171
4,2414
3,3193
-6,2568
0,6948
8,6981
14,6393
10,2025
4,6693
-2,9295
7,0855
13,8552
15,0109
21,0498
9,3888
-8,7700
12,6983
8,9052
-6,8320
6,4986
14,0845
-8,6563
-1,3274
3,5653
-0,2391
-8,9262
9,4916
-10,6602
-5,7824
-10,0901
-3,0879
-9,4440
22,7360
5,8403
4,0963
-8,9555
4,2427
0,4484
34,6455
12,8220
3,2886
4,4497
-1,1988
4,7332
16,6978
7,2584
9,0881
9,3130
41,5170
-8,3629
6,9510
12,8425
1,0371
-2,5380
12,8647
8,1160
8,1405
4,9595
10,0353
8,6505
3,8884
9,3288
13,3829
10,8007
32,1930
2,0577
2,5343
-3,0661
8,1053
26,7214
-3,0096
30,4561
8,9159
4,7770
3,2353
6,0513
8,3864
20,3612
10,0366
17,3604
9,4928
5,4542
7,6852
-5,5409
3,1470
3,4783
2,8587
20,9191
-0,0973
7,6707
1,0636
-6,6815
0,9958
0,3017
0,9874
13,4436
16,7643
-4,0598
2,5665
38,7806
14,7310
13,9640
10,8540
24,8297
5,8567
17,2876
13,8761
5,4010
-5,4302
25,2377
16,9451
-0,3713
0,4419
10,9961
5,2021
10,0707
18,1242
4,5160
9,9283
17,0134
4,9309
-1,6194
20,2712
-1,4340
-1,8897
10,8562
0,2865
1,6305
6,6861
2,3905
-11,7074
-0,0633
3,8960
10,1271
4,0257
21,0334
14,1064
6,5579
-5,2748
8,5991
4,7442
21,2250
-8,2812
-6,5364
5,0050
-1,5572
10,1494
-6,5814
8,3169
4,9490
7,5817
5,6179
0,4924
15,0942
23,0066
-1,1958
2,7010
-8,1832
8,9422
2,9968
15,4852
24,4318
13,0887
17,9183
-3,0062
16,0323
1,6016
14,9379
16,8683
-1,3954
0,1334
16,9539
11,9801
4,1092
5,8966
1,3900
4,3398
19,1941
17,4202
7,7020
0,8204
-2,4669
-7,2827
-10,0898
35,4917
-4,8286
8,3331
17,2805
5,8674
2,4844
29,5775
14,7985
2,3569
5,0573
14,4755
9,4824
-5,5082
5,6882
5,4014
2,9587
-5,8283
8,5601
1,3828
-0,9452
18,5051
0,5997
3,5844
29,1262
7,9562
9,3824
-4,7202
-4,0157
8,4768
7,6813
25,1934
-2,3397
0,1724
11,6580
17,8320
-9,4950
6,8789
23,9490
-3,1533
12,2313
25,4102
-6,5368
-8,5349
-2,1677
-1,5637
-9,5472
-7,4449
13,2781
0,9221
6,0792
-1,7828
1,0637
10,0471
15,7400
-0,1064
6,1979
5,6529
7,1395
12,1027
-4,7656
3,3706
9,3085
13,3253
7,3371
-1,8024
1,2907
11,1857
4,6887
13,1223
0,4324
19,3619
2,4653
29,4680
0,4756
-1,1380
4,5912
4,9694
10,7888
14,7569
8,1672
11,4798
-3,8849
8,7933
7,7310
1,4222
0,5835
7,9979
-6,8560
14,3077
-18,1287
9,7423
4,7504
-0,1234
-4,9839
7,6509
-2,0692
4,7957
-1,5616
1,9777
3,4590
6,0190
6,7777
-2,8530
13,5941
10,5798
2,0714
9,0886
8,6878
-1,6388
-1,1144
2,1394
-5,5374
-1,6909
-4,7558
0,4792
28,4206
4,9214
18,5984
-1,2832
1,0126
24,4878
11,5668
7,5725
-0,0504
5,6825
-0,1834
-0,4545
4,6002
3,5410
2,3925
6,6094
7,5280
1,8507
15,0880
12,4678
6,3814
1,0324
3,7949
14,2841
14,8224
10,3998
5,0541
5,7246
18,3219
-7,8434
6,3136
0,4749
16,7474
4,6555
9,0369
12,0871
1,3947
-2,2991
18,8005
7,8760
0,7001
8,4032
4,6571
10,5584
-0,4877
9,8945
0,6477
-0,3295
-2,8179
-2,3132
19,5497
25,0208
6,0238
19,2727
9,6911
11,5609
1,6730
11,2560
2,1089
27,6016
2,6412
3,2222
-2,5449
-2,4366
37,5149
-7,3934
2,6735
-10,4708
11,4237
-0,6644
2,2227
23,0275
4,8228
12,8726
4,6752
21,5492
13,2379
-0,7008
6,6302
5,5510
7,8161
22,0570
-0,1038
-4,0428
35,6723
1,2289
-2,9242
14,1585
-2,6365
6,0274
5,0904
12,4637
13,0771
14,5178
2,8928
6,5901
13,1837
-4,5556
8,8410
5,1838
3,4161
-5,5308
-9,1476
-1,6573
1,0811
15,6620
15,7211
-6,7154
34,8918
16,1748
-2,6287
1,5098
21,6835
10,6051
-10,3914
6,1190
-4,7863
6,8175
-2,7585
28,7985
-1,5000
0,8669
14,9838
3,6397
4,0788
-4,3734
0,6033
15,5133
13,5923
7,4539
-3,1664
6,5138
4,9128
2,2988
23,4600
11,0226
-9,1477
4,4569
-12,6105
-2,3040
25,4889
7,1693
5,4207
-3,1006
0,7509
-4,1971
-1,2729
-1,2945
14,7813
6,2413
4,3224
2,4844
20,9785
11,1347
19,0296
14,7694
6,0341
6,6855
7,8130
-1,4268
3,5479
1,4221
3,8034
11,5595
4,6245
23,6341
-0,5708
7,2850
-5,1378
4,1389
5,5342
-1,8459
-9,6809
28,0369
8,2020
3,6737
13,9265
-2,6009
17,6240
8,7470
14,7136
6,9392
10,0739
29,2546
3,2693
3,7541
19,0336
10,2200
17,2091
7,2141
1,6580
19,5034
19,1085
1,4020
-5,3770
-3,4376
-2,3835
-3,6467
-2,5643
7,8456
5,9678
8,2808
13,6250
14,2436
11,0427
34,1989
14,5943
12,3706
3,6741
10,5693
1,1787
4,0397
17,4205
7,3840
6,1000
8,6501
0,1389
-3,2658
0,4670
1,5042
0,9505
1,8718
23,3772
4,9218
11,9609
3,4771
-1,2592
0,4751
7,0557
14,1570
0,1295
15,9922
-2,5951
3,4036
8,3695
-4,2737
4,8880
8,6265
11,3076
21,9215
-0,1858
-2,4583
34,1040
8,1333
25,1876
13,1642
-3,7728
0,7714
18,2531
3,4436
2,2715
24,2452
15,6062
13,9305
1,1044
15,1062
20,0250
1,2012
5,6547
-1,8620
16,4387
-5,1958
0,4791
10,7320
30,9732
-1,9031
-0,4494
36,7340
-7,7374
18,2433
-0,3316
-7,2476
6,4929
25,0271
4,0781
-3,0023
4,0755
-10,7551
-7,9632
3,9095
-2,2067
-21,7442
3,6097
11,0428
5,1418
-3,2189
4,1131
12,9103
10,2576
3,7414
16,5737
12,1273
25,7408
-3,6270
1,5470
7,2062
8,6283
-0,8990
3,6754
1,5639
3,5325
10,9910
5,2852
28,1365
3,4900
16,0645
0,9108
1,5486
12,1247
2,7453
9,7336
17,8661
1,6830
-1,4570
2,2158
15,1373
11,6921
11,6897
0,9860
6,4919
1,1740
13,3551
14,1114
15,4053
7,2673
53,0575
14,2997
23,1325
-2,6258
9,5722
12,0320
3,8942
9,2225
-6,7648
-1,4046
10,0435
13,7793
6,0388
3,9606
-0,4028
-1,3925
5,8005
-5,6409
10,3188
-0,1243
6,0049
0,6015
5,2772
5,8579
18,4814
8,9793
2,1295
29,3168
11,3257
6,0042
4,5845
21,3266
12,0664
-7,2411
9,8236
3,4757
6,7606
3,3529
-4,5957
-2,5106
4,4435
-3,5218
11,4754
4,7159
2,4484
-1,3732
10,5852
-2,5209
5,2125
3,3873
17,7728
4,2752
-2,1958
1,1524
-11,5733
-4,9126
-0,9605
-4,3665
7,1065
-9,2307
29,3520
3,5538
5,2608
10,0931
15,2307
9,3574
0,9485
-4,0584
34,4952
3,0620
12,4601
-1,2620
8,8223
-13,2840
7,1650
10,6032
3,3215
22,4376
-2,6204
-1,1974
15,8498
13,1511
5,7413
5,7405
23,6196
7,8639
7,4045
2,7896
12,3284
10,8202
15,6001
5,0352
6,4096
6,5310
-1,9461
-1,7680
7,7064
-3,1348
11,5471
-7,2864
9,4402
18,9207
8,1576
-3,4723
9,2262
8,8698
11,3196
6,2665
-0,1760
-2,9619
12,4486
3,9265
-3,6373
0,6524
20,0823
