-6,1087
-2,7647
-4,6711
-9,0291
-1,2778
-2,0656
-8,2043
-9,0213
-7,5996
-7,6069
-4,6293
-13,4266
-5,1866
-1,4564
-11,0460
-4,4267
-3,9045
-5,3029
-3,6129
0,0944
-2,9674
-5,1468
-9,5717
-3,1591
-12,4197
-8,4215
-0,2880
-13,4956
-9,8629
-4,1007
-4,0385
-4,8386
-2,6395
-3,6869
-8,6766
-4,6791
-2,8636
-4,6780
-10,0805
-8,4822
8,3189
-5,0968
-5,8108
-12,4658
-2,1513
-9,8483
-4,9234
-8,5603
-10,3772
-4,8349
-5,5249
-4,6968
-0,6314
-4,5725
-1,4002
-9,1960
-4,6158
-6,7021
1,4314
-12,2458
-5,3545
-3,7420
-5,6800
-11,9232
-1,7175
-3,5418
-3,2776
-5,6430
13,1214
-7,2963
0,8160
-8,8194
-12,2694
-10,5315
17,2393
-5,9274
-8,7469
-6,2805
-3,8668
-7,4392
-9,1174
2,1914
-9,1870
-9,0460
-7,9138
-13,8545
-2,7520
-0,1912
-8,7993
-5,9920
-0,6950
-2,3380
-2,5473
-9,9775
-0,1583
-2,2577
-10,4750
-0,6115
-7,2034
-3,2249
-7,0863
-7,5541
-5,3835
-9,3925
-6,2362
-6,3231
-9,0209
-7,3366
3,6169
-3,2058
-5,6798
-8,0400
-7,7367
-0,3489
-10,4278
-9,2308
-3,9781
-13,9567
-8,9643
-6,4959
-11,5608
-3,8421
-8,9021
-2,8753
-8,4873
-2,7097
-8,2554
-10,7610
-1,4525
-0,8123
-11,1599
-10,8386
-6,5405
-7,2322
-6,4948
-4,4164
-11,6207
0,7337
-0,5851
0,2725
4,3888
-3,9933
-4,9959
-9,9073
-7,5086
-6,4469
-11,2252
-4,7646
-3,1778
2,5327
-9,1663
-10,2874
-6,9084
-5,8857
-5,4236
-10,2093
-5,4049
-6,0979
-4,7041
-9,9040
-5,3300
-0,1802
-10,4899
-8,4281
-7,2682
-2,9072
-9,1775
2,1882
-6,5436
0,2644
-1,9493
-12,4412
-0,2569
-8,3663
-10,2329
-7,5940
-8,5585
12,0126
-10,0329
-2,1756
-2,8672
-10,4364
-3,9553
-9,0072
-3,3751
-3,3503
-10,8716
-6,2402
-4,0214
-10,0045
-9,3430
-0,8427
-7,6684
-3,7795
-8,7318
-7,9836
-7,7156
-2,9566
-6,5747
-9,9322
-2,3085
-11,5222
6,4903
1,2596
-7,5407
-13,5376
-5,6487
-6,7195
-7,3763
-8,2608
-8,0241
0,8012
-10,0234
-4,7339
-6,8655
-6,7781
0,6778
-5,4648
-5,9981
-7,3446
-5,5354
-5,0207
-5,9476
-9,8176
-0,9568
-5,3577
-4,3785
-3,5635
-6,0454
-10,1196
-9,6711
-7,9487
-2,0729
-7,9639
-4,9796
4,5259
10,2739
-7,9410
-8,4499
-5,2231
-3,7963
-10,3565
-7,3335
-9,6211
-12,2598
-8,4137
-10,3345
-5,3163
-4,5014
27,7248
-5,8856
5,8388
6,3770
-5,9520
-3,8122
-2,4222
-5,7772
-8,6775
-8,1034
-5,3965
-3,6331
-9,9932
0,8592
-6,7939
-8,2431
-7,7008
-8,3290
-3,2525
-1,5793
-5,9557
-8,6986
5,3178
-13,3291
-6,3460
-3,8054
-5,5029
2,9096
-7,7016
-2,0725
1,3030
-8,0211
-4,1166
-5,5380
-7,8406
-6,9850
-5,4496
-7,3096
-11,2551
-9,1451
-8,6675
-0,5306
-6,0190
-0,6570
-8,4278
0,7615
-5,8806
-9,3266
-6,2667
0,9410
-8,8801
-8,9821
-5,3403
-7,2944
-10,7502
-8,6348
-11,2008
-9,9748
-2,0467
-7,0981
0,8938
-1,4193
-10,3566
-5,5300
-3,4572
-1,9107
-9,6160
-5,2744
-3,1717
-12,2109
10,1980
-8,8529
-2,6247
-6,8788
-7,8180
-8,9440
-10,9200
-8,6188
-10,5512
-3,1210
-7,3590
-8,7263
-3,2731
-1,1333
-5,3165
-4,2185
-2,8618
-9,0374
-4,0895
-11,0899
-7,9750
-8,3681
-11,4110
-2,6433
-1,8477
-10,5300
-1,4988
-3,5509
-4,5948
-11,1601
-5,8077
-8,6507
-4,2511
-2,7642
-3,2649
-9,8174
1,9294
3,1060
-5,7526
1,1394
-9,2836
-5,6283
-1,6507
1,0836
-4,5269
-4,0309
-2,1943
-11,2496
-10,8337
-11,9798
-9,1738
-8,0965
-8,3443
-11,3898
-6,0408
-0,9656
-1,2172
-7,6692
-8,8143
-8,9909
-10,6883
-8,4672
-6,5078
-9,2998
-8,3325
-9,6064
-6,9030
-6,2516
0,3775
-11,1412
-4,5549
-9,5901
-4,4352
0,0627
-9,7827
-8,6726
-5,6724
6,0072
-10,9583
-4,6670
2,0383
-1,6226
-4,4152
-1,6469
3,0745
-3,4177
-6,4971
-8,1260
-10,8072
-8,7896
-9,9768
-4,7519
-8,2257
-4,3651
-5,1802
-6,9646
-6,9260
-3,7938
-7,3575
-7,5441
8,1575
-11,2349
-7,1960
-8,4267
-10,6956
-6,5429
-11,1754
-5,9911
-8,1412
-4,7047
-6,5925
-11,1485
-6,3945
-8,7220
-4,3134
-3,6505
-4,3398
-4,5087
-1,3108
-8,6529
-9,5046
-3,4540
-3,2234
-11,8435
-9,4678
-9,3169
-8,1043
-8,9516
-7,7861
-6,5721
-1,1179
-5,8356
-11,5607
-6,7973
-4,1090
-8,7800
-10,0407
-11,5725
-3,5087
-6,0613
0,4516
-13,2516
-4,5346
-5,7631
-13,2109
-4,8206
-8,7823
-4,6847
-6,9545
-6,0802
-7,3052
0,3852
-4,6271
-8,7653
-1,6564
-0,1015
-6,5305
10,0071
-8,0372
-10,9976
-7,5417
4,1636
-8,3680
-8,1711
-7,0234
1,2179
-5,0860
-7,8504
-13,9100
-5,3947
-10,5342
-4,7500
-3,3983
-6,3282
-4,9764
-1,1327
-6,0570
-9,7565
-12,6627
-6,6806
-6,5102
-4,6005
-8,5474
-6,2843
-5,9468
4,2612
-6,9167
-2,9520
-6,8398
-8,3061
-8,4671
-4,5233
22,0789
0,0661
-8,1068
-8,8499
-6,0138
-3,4588
-3,0367
1,9415
-8,5371
13,1989
-3,5486
-5,5929
-6,7287
-0,6021
-4,2187
-7,3515
-11,0032
-4,7603
-9,9153
-6,8412
-8,2698
-7,7213
0,3015
0,8200
-4,8717
1,1680
-6,9611
-7,9457
-5,5517
-11,0631
-7,0854
-4,9996
-10,1083
-10,2679
1,9436
-9,2350
-3,8892
-10,8348
-6,1905
-8,3872
-11,3158
-6,4110
-8,9089
-4,3552
-10,3568
-1,1294
-7,7035
-5,7063
-0,7844
-2,4347
-8,8640
0,0683
-7,8058
-5,0957
-4,9789
2,0469
-3,1159
-7,9857
-6,8428
-9,2586
-8,8272
-5,5867
-0,4874
-9,9344
21,6088
-5,8116
-10,7654
-11,4341
-5,5703
-11,2549
-0,0817
-11,9318
-10,7321
-5,9327
1,1542
-9,5447
-4,0105
-7,7950
-6,7117
-6,2929
-9,9660
-9,4766
-1,8818
-5,0747
-13,3672
0,9469
-8,4117
-6,3379
-2,4557
-6,9053
-6,4955
-8,1140
14,7043
-6,2069
-0,6501
-4,3329
-5,1151
-0,6680
-6,2820
-1,8256
20,4873
-3,9087
-6,0321
-6,1484
-7,4404
-9,6203
-7,1508
-0,5788
-7,5098
-10,7479
-8,7662
1,0095
-10,8831
-3,3286
-9,4763
-4,2779
-4,6474
-6,5953
-5,8922
-9,2237
-5,6246
-4,6565
-7,6984
-8,1842
0,0633
-3,5134
-5,0159
-3,1635
-4,5450
1,1825
-6,0784
13,4081
-2,8289
3,7734
-0,7481
-2,1649
-5,1294
-11,3564
-2,6549
-8,2517
-4,7473
-5,4116
0,5534
-11,5106
-3,9846
-10,9618
-6,3275
3,5657
-3,2892
-2,0879
-3,2795
-1,9639
3,5750
-9,6771
-9,7372
-11,3740
-5,4523
-10,2760
-10,9324
-8,7285
-5,3288
-4,6257
-6,4054
-9,0982
-3,3484
-7,3727
0,5213
-3,0169
-3,5404
-8,6664
-3,6123
-8,6037
-4,1851
-10,5778
-7,7660
-11,0740
-0,4046
-2,2720
-2,4041
-7,8656
-7,5377
-15,4655
-7,1304
-6,0179
-6,3356
-5,4560
-11,3760
-6,7011
-8,3432
-8,5621
-4,7149
-4,5832
0,0002
-3,4526
-4,8804
-4,9909
-3,1750
1,3149
-6,0696
-2,7166
-10,5754
-7,4110
-7,0590
-11,5352
1,6752
-13,5093
-6,4263
9,8341
-1,5885
-5,3464
-10,6160
-3,8937
-8,2796
-5,4814
-5,5015
-1,8924
-9,1369
-9,7881
-6,0492
-7,2382
-9,3415
-10,4115
-0,7564
-9,0565
-5,4817
-10,5651
-12,1911
-4,1416
-9,8895
-8,6178
-8,8446
-5,6752
-11,2893
-6,2375
-10,9027
-7,6761
-7,0722
0,6829
-0,5326
-6,1855
-8,6524
-11,1857
2,0254
-8,4767
-4,8485
-8,5684
-0,2240
-7,8261
-6,1641
-3,7619
-2,3447
-8,7282
-1,8496
-9,1974
-4,7853
7,4073
-12,1524
-2,0814
-11,2173
-6,4763
-10,5033
-9,7802
-3,1228
-3,3164
-8,7698
0,7314
-5,3526
0,3031
-4,1359
-10,4834
-3,7689
-3,1734
-3,2599
-10,8906
-5,7172
12,1783
-5,0597
-7,4163
-8,5593
21,0070
-8,9400
-9,5324
-7,5920
-8,9495
-7,7004
-6,8759
-8,9942
-1,6227
-9,2988
-7,5043
-12,6943
-11,9690
-8,7241
-6,5778
7,3668
-6,4936
-10,6496
-9,3645
-6,5526
0,8079
3,0078
0,2862
-4,1747
-8,4048
-5,8672
-1,8653
-4,6623
0,7869
-10,2452
-8,5281
-4,9190
-9,4607
1,3126
-5,2893
-6,7073
-4,0265
-4,0256
-3,6501
9,8326
-10,7862
-10,1457
-9,4710
-7,0472
-10,8461
-7,0922
-3,9637
-11,5023
-9,2085
-15,3044
-8,8193
-10,6840
-5,0438
-2,5284
-8,3714
-5,0028
-2,1756
-11,4800
-5,9640
-2,3621
-5,1369
-9,8586
-2,4515
12,7262
-9,4087
-7,4724
-4,6109
-1,0898
-9,6565
4,1833
-3,9452
-10,7324
-7,9757
-10,3742
-8,1702
9,3589
-4,7548
2,8011
-4,7791
-8,1417
-5,0509
-10,0996
-2,7700
-5,7925
-4,1808
-4,7757
-4,4361
-2,6481
-2,4929
-5,0931
-6,5482
-7,6927
-4,1320
-14,2296
-1,9829
-7,0864
0,5359
-2,8848
-6,6458
-2,0613
-0,3239
-5,1115
-1,3982
-4,2360
-8,8318
0,6991
-2,4411
-10,7860
-7,0960
-6,8902
-1,8207
-9,2792
3,3924
-8,3590
-9,1694
-10,1238
-5,7754
-13,6828
2,4605
-8,2302
-11,2510
-12,5967
0,2692
1,7572
-2,7728
-8,2142
-6,7531
-2,3009
-8,4549
-5,1466
-3,1220
-2,4675
-2,3902
-4,4774
-4,6204
-6,6728
-4,7448
-6,9097
-5,9199
-8,3121
-6,1061
-6,6932
-6,9132
-7,2647
-1,4607
-4,7941
0,8144
-9,5455
-4,5074
-5,2220
-3,7908
-8,7906
-8,7079
-6,2749
-5,4216
-5,8332
-3,6988
-9,9654
-1,5312
-1,8378
1,9687
-0,1044
7,3066
-16,5341
-11,4114
1,0612
2,6555
-9,4528
-8,6407
-7,3258
-6,4333
-1,4571
-7,4871
-4,8855
-6,8293
-1,1938
-6,3271
-4,2144
-11,3001
-8,6161
-10,4934
-8,4700
-12,0257
-7,8448
-5,9216
-6,6104
-1,2476
-4,1991
-8,0152
5,1095
-8,0311
-7,8826
-10,9197
-2,6182
1,7648
-5,2462
-5,8228
-12,3680
-7,2371
-6,7338
-7,4765
-3,7978
-9,3533
-12,3926
-14,3337
-10,4120
-13,2754
-13,5069
-8,6184
-4,5236
-5,1523
21,8370
-8,5870
-10,7702
-4,8371
-8,0798
-6,9662
0,0047
-6,2277
-2,7774
-4,0465
-9,2616
-9,5456
-8,4072
-13,6973
-4,9274
-4,5557
-7,3083
-5,3330
-7,1758
-6,9481
0,8861
-1,7195
-2,0045
-8,5782
-10,7485
-6,3757
-7,1502
-3,4672
-9,7047
-3,9019
-3,7542
-5,4072
-11,0392
-8,9991
-6,8571
6,5888
-14,3460
-2,0077
-8,7259
-5,2706
-5,5864
-3,0768
-9,9780
-9,4493
-7,7694
-9,0213
-5,9468
-1,2816
-12,0323
-13,8550
1,5123
-9,0295
-10,3544
-1,4883
-5,7800
-5,1475
-6,6841
2,4324
-6,8560
-8,0649
-6,6703
-1,9349
-9,1223
-9,6208
-8,0307
-7,5610
-6,4678
-2,6143
-3,7669
-1,9022
-4,7394
-0,1758
-9,3420
-8,5819
-5,5296
-1,1657
-4,6879
-1,7252
-0,5301
-8,0501
-5,8533
-7,3349
-10,7950
-11,7843
-5,7317
-9,2817
3,1280
-6,5784
-6,5393
-7,4050
-10,4263
-4,3959
-3,2275
-8,6238
-12,1248
-6,3156
-4,6297
-7,2637
-14,4957
-11,4335
-2,7182
-5,4710
-10,8230
-1,4313
-10,2981
-9,7818
-5,9118
-4,6570
25,7383
-9,8947
-7,0638
3,5289
0,8846
-7,2861
-5,4814
-3,1552
-6,2314
0,8192
1,7062
-2,3617
-6,1854
-9,2255
-9,1523
-6,6308
-9,5908
-8,6378
-8,3169
-2,6622
-3,6884
-4,4844
-4,3757
-0,3001
-4,1119
5,6001
-3,6990
1,3064
-5,7744
5,6505
-2,3585
-5,1641
-8,3344
-6,8848
-8,3726
-8,1090
-8,2477
-12,4088
-4,8908
-6,1055
-7,6468
-14,7670
-6,5937
-1,5931
-7,9183
-8,2847
-6,2449
-6,7419
-7,0447
-0,8009
-7,4255
-4,3507
-7,2251
-0,2515
-6,9430
-8,8154
-4,7962
-4,3581
-0,9432
-12,2170
-11,7136
-7,8456
4,9359
-7,1355
-3,8899
-10,2073
-8,7153
-8,3847
-5,5619
-4,3807
-6,9797
-5,9119
-6,2297
-8,2112
-7,7029
-3,4915
-8,9788
-6,5855
-8,9463
-5,8349
-4,5433
-11,4025
-11,5905
-4,6477
-10,4972
0,6152
-5,0834
-6,7438
-8,8288
-6,6180
-7,2825
-4,0996
-13,6065
-8,0843
-9,8718
-6,5968
-5,7538
-5,9468
-1,8948
-9,6441
-11,4858
-6,6496
-9,1478
-4,8162
-10,4007
-3,8849
-12,6784
-9,8111
-10,8566
-10,4578
-0,6754
2,2085
-4,9594
-6,0501
-0,2253
-8,9034
-4,0146
-5,6448
-9,9988
0,3022
1,1123
-9,4271
-8,9690
-10,5837
-9,8069
-4,7331
-9,6243
-5,9106
-1,8083
-6,4526
-7,9936
-4,1569
-1,2739
-8,0387
-1,7251
-9,4816
1,8677
-5,7392
-6,4250
-5,5821
-10,2523
1,8283
-13,5193
-6,4796
-8,8163
-12,6489
-6,3252
-4,0706
-6,6819
-6,9678
-2,3674
0,4117
-1,7671
-7,8666
-10,0064
-9,2758
-2,3654
-12,3295
-4,0713
0,4602
-5,4027
-4,7685
-4,6093
-10,6020
-4,3870
-9,6753
-1,0050
-9,9288
-8,0417
-0,9756
0,6751
-9,9759
-4,2123
-5,6607
2,4234
-8,0143
-7,2519
-7,2636
-9,8836
-5,3770
-9,9062
-7,2710
2,9797
-10,7207
-10,7645
-6,1000
-10,8173
-8,3034
-5,2306
-9,2679
-8,4717
-10,2876
1,5680
-11,1762
-7,7469
-5,2249
-4,0318
-5,8674
-7,0396
-7,9344
-10,3428
13,8902
-14,1428
-8,9342
-10,6138
-1,4369
-1,0985
-4,3855
-9,7462
-6,6198
-7,2335
-1,2736
-5,6298
-5,8372
-7,8014
-4,0894
-5,3093
-4,2881
-8,3841
-2,9920
-6,5460
-0,5097
-11,7385
-10,1733
-10,9533
-0,5813
-8,8069
-11,6915
7,8750
-5,6320
-6,5943
-12,4808
-5,5029
-6,6326
-8,5364
-12,7364
-6,9132
-5,0144
-6,0232
-11,3968
-3,3106
-6,5855
-6,4081
-8,0829
-9,1748
-9,2528
-5,3558
-6,5541
-8,4221
-10,4672
-7,0573
-1,1198
-2,1711
-10,1609
-11,6892
-6,4321
-3,0986
-10,4656
-8,4353
-11,8401
-6,7662
-10,1651
-4,6503
-7,6705
-7,2428
-1,9982
-2,3394
-2,5959
-6,4752
-10,4036
-7,7833
-7,4799
-7,2969
-5,4652
-5,4267
-7,9617
-8,7973
-8,6190
-10,4388
-6,1787
-5,5311
-11,1283
-7,0172
-6,6669
-9,9058
13,3773
-10,3142
-7,5738
-9,0275
-7,7291
-7,4611
-6,9531
2,4490
-3,3484
0,6998
-11,6244
-4,6182
1,1927
-6,2562
-5,2524
-0,7560
-1,7383
-0,3405
-10,3364
-6,6432
-13,0531
-8,3910
-8,0358
3,3689
-9,2367
4,1945
1,7395
-6,7974
-9,7736
-0,9355
-11,0226
-0,0637
-6,9962
-4,5847
-6,7381
-6,3489
-3,5722
-11,6407
-8,1159
-1,1096
-9,2848
-3,1236
-10,5800
-6,5090
-10,0032
-8,3520
-5,4191
-3,3244
-3,2411
-8,7886
-4,7990
-6,5177
-7,0637
-3,5304
-10,0271
-0,6899
-4,1908
-6,3187
1,1163
-1,0450
-1,4384
-6,2967
0,9801
2,1097
-5,6705
-8,1282
-1,3522
-11,4123
-10,2091
-5,4441
-5,6552
1,8255
-2,6164
-3,9978
-4,0813
-6,2366
-1,2892
-9,0520
-5,1204
-9,3978
-12,6181
-3,4367
-4,6383
41,8722
-2,4987
-8,1169
-10,1163
-4,6844
1,4699
-5,3431
-6,9954
-7,0596
-3,1024
-5,1788
-5,0493
-6,8831
13,9308
-6,2848
-6,6409
-10,4085
-7,9035
-7,6172
-10,4838
-9,0665
-4,3524
-5,6646
-7,8359
-6,3054
-8,5340
-3,5532
-5,1205
-2,6491
-8,0447
-8,1079
-5,7999
-9,5642
-8,5257
-7,2191
-1,3380
-1,6760
-5,8067
-10,5760
-11,5011
-7,2224
-2,6462
0,4602
-9,0845
-12,3203
-7,3602
-9,7903
-4,2630
0,2071
-6,5609
0,3219
-9,0704
-5,0261
-15,4249
-10,4309
-8,0068
-7,7562
-10,7251
-2,8845
-6,4396
-8,1242
-1,3574
-5,8415
-9,6437
-4,7443
-4,9957
0,5361
-9,4862
-3,0106
-8,0518
-7,1358
-7,1150
-5,8906
-8,9668
-10,7712
-11,4672
-1,1423
-9,3220
-8,1236
0,9909
-11,4690
-6,4756
-2,3521
-9,9450
-6,6304
-9,1878
-1,9616
-7,4391
-7,3942
-8,3614
-6,5334
-7,9375
-8,7501
-12,5302
-11,6581
0,4380
-6,3173
-10,6750
-11,2055
-1,8369
-11,4998
3,2116
-1,2134
-6,8039
-9,9054
-5,1425
-11,8035
-0,1447
-7,5812
-6,2438
0,4859
-13,1185
-5,7514
-9,6481
-4,6025
-6,7451
-5,5807
-2,7901
-5,9575
-2,4486
-10,7697
-2,4568
-1,6911
-10,2576
-5,1585
-0,0714
-1,1026
-6,9573
-3,6887
-5,8413
-11,4210
-8,3662
-10,4882
-10,4112
-3,4719
3,5488
-3,1906
-9,0036
-10,9970
-3,9257
-1,4176
-9,0727
-5,3222
-9,9136
-6,2438
-1,1533
-7,1180
-5,4648
-7,5043
-9,5671
-8,4582
6,7954
-2,7837
-5,7426
-9,7605
-4,6494
2,8361
-1,0537
3,1462
-3,2278
-9,7147
-7,3994
-12,1996
-10,2125
-13,1630
-7,8836
-6,1145
-9,4115
-10,0843
-1,6635
-6,2902
-5,8900
-10,3432
1,8706
-5,1487
-11,7326
-5,1600
-3,4988
-5,8400
-5,8248
4,7572
-11,5808
-10,1866
-7,2280
-2,2239
-11,2455
-9,0894
-4,4505
-10,9364
-8,4734
-9,5536
-3,6216
-3,8939
-9,2683
-15,1791
-6,4029
-10,2124
-6,6397
-8,2805
-4,1444
-7,6180
-0,2507
-7,7982
9,1987
0,2232
-9,2398
-7,2424
-4,1204
-5,0218
3,3419
-2,2963
-2,7264
-4,2691
1,3308
-2,9420
-11,7177
-8,8672
-12,9704
-8,6880
-6,3421
-4,5130
-7,4296
-6,5190
-8,7216
-10,4584
-8,0648
8,0556
-1,7522
-9,1306
-11,8461
-4,7103
-6,7776
-9,8423
-7,7835
2,0861
-0,2183
-8,8928
-7,1124
4,9001
1,1211
-4,7900
-3,1632
-5,2620
-2,8596
-9,7401
-14,7883
-2,0428
-6,0795
-8,0702
-3,3696
-3,4630
-3,1316
-4,2970
-8,9536
-7,3183
0,8629
-12,1892
-7,1841
-6,6855
-4,9363
-16,4891
-8,1179
-5,3471
-5,2951
-9,3926
-6,3370
-13,0541
1,7534
-6,5355
-7,2674
-7,0777
-9,6153
-12,6587
1,4478
-7,8153
-9,3534
-7,2976
-2,7065
1,5290
4,3998
-5,5876
-9,2151
2,9269
-4,4601
-6,4587
-1,5497
-7,3304
-14,1526
-9,0564
-13,1534
-2,1715
-4,7198
-4,9621
-7,2295
-11,8870
-7,6368
-5,2369
-7,5742
-3,5245
-0,9698
5,0190
-6,9114
-9,3415
24,0925
-15,6478
-11,7467
-4,9763
-7,0620
-5,0657
-6,0971
-4,4312
-8,3246
-10,2114
-9,9829
0,2620
-7,2110
-6,6701
-0,9005
-6,4392
-6,9885
-4,5629
-1,5883
-10,8910
-6,1893
-4,6364
-1,1756
-3,6633
-11,8400
-8,0675
-8,0414
-4,2991
-9,7976
0,9187
-6,5218
-8,4104
-7,2399
-0,5848
-3,4406
1,5596
-6,5317
-1,2916
-5,1404
-8,2035
-7,4741
-3,4451
-3,6516
-7,1890
-12,8968
-7,5301
-8,5013
-7,6759
-3,6179
-16,1281
-5,5449
29,7252
-15,9563
-8,2424
13,3264
-2,3616
-11,8391
-2,8161
-3,3617
-9,9601
-10,2505
-11,0567
-6,5247
-7,9655
-10,4437
-10,6910
-9,0963
-6,3060
-7,3559
-8,8739
-8,1195
-4,5920
1,3047
-5,1061
-9,3509
-2,9011
-3,3558
-3,4413
-3,0202
-6,4868
-6,5224
-7,6494
-9,1002
-5,9310
-5,9433
-7,0938
-4,9959
-8,9589
-6,2795
-6,3852
-3,6290
8,7309
-10,1264
-5,3447
-10,4769
-6,1340
-13,9112
-1,0408
-6,1906
-9,9942
-4,5189
-5,4797
-7,9880
-6,0688
-8,1741
4,9731
-7,7871
-9,2909
-10,9699
0,6391
-3,3222
-9,7709
-4,9163
4,6420
-10,7270
-4,7013
4,6073
-6,4749
-9,5131
-10,2065
-10,7033
-6,5419
-7,1539
2,1387
-8,9140
-4,3723
-3,2347
-15,0349
-11,3467
-4,8995
-4,4662
-11,1877
-10,5380
-2,3593
-2,2361
-5,9203
-12,8310
-0,1110
-14,1909
-10,9868
-0,2962
-12,5665
-5,7283
-3,0097
-12,2031
-12,0607
-9,0748
-9,2062
-10,8986
-0,4517
-7,4946
-13,5075
-9,4747
-9,8617
1,8971
-10,7634
-7,1850
1,8573
-9,3752
-8,2026
-4,4141
-6,5634
-8,8950
-5,3139
-4,0345
-4,2550
-9,3521
-1,8297
-0,7647
-7,2540
-7,3570
-9,4455
-7,8306
2,8455
-7,6787
-9,5031
-8,3677
-6,0359
-12,0531
-4,8107
-7,9401
0,1600
-4,9349
-10,7246
-3,0660
-3,8219
-6,2961
-4,9054
-9,7612
-10,4201
-7,0193
-9,5133
-6,6808
-5,9839
-7,1542
-0,7746
-5,1400
-7,6350
-6,1088
-8,1569
-5,4589
-2,6558
-4,8354
-7,9252
-8,6577
-9,7061
3,2278
-11,0062
-2,5883
12,5671
-2,6392
-5,6917
-7,3199
-7,9556
-4,7251
-6,7263
19,5217
-1,1149
-6,0568
-7,7999
-2,2919
-5,0764
-6,0642
-7,8995
-10,3678
-5,3326
-5,4378
-4,8816
-6,0303
-12,2538
-10,1769
-6,1894
-6,8012
-2,7321
-4,6055
-8,6482
11,1051
8,5598
-4,1013
-5,1161
-1,2256
-6,5303
-0,7298
-11,0527
-4,9812
3,3854
-1,5205
-7,0536
-5,9070
-4,9165
33,5391
-8,4731
-4,9053
-2,7822
-11,2283
1,6538
-3,5099
1,0568
-10,7359
-9,6047
-9,2563
3,6055
-8,8437
-8,4986
-1,3980
-4,1630
-3,9566
-8,7551
-8,0335
21,0198
-9,6466
-0,9965
1,4790
-9,4744
-10,6297
-6,3048
-1,9042
-4,2493
-4,4717
-2,7999
-6,0033
-7,6276
-14,5392
-5,7417
-4,7595
-5,9561
-10,7809
18,8612
-10,2704
-7,5272
-7,8985
-10,6261
-1,2684
-8,0983
11,4558
5,8249
0,2651
3,0776
-5,0282
-11,4225
-1,4570
-7,7608
-0,4878
-11,3916
-3,7577
-3,0959
-4,5534
-5,8425
0,4367
-7,4167
-6,9011
-6,4413
-1,0762
6,2195
-8,1616
-10,2557
-11,4761
-9,6204
-7,6063
-5,4206
-7,2835
-3,5263
-8,5318
-0,6037
-13,6959
-7,2750
-7,7033
-8,4475
1,2669
-6,3041
-0,8725
-5,1678
-7,2768
-5,2284
-7,7890
-5,2618
-8,6219
-8,8248
-1,0550
-4,4583
-10,8658
-7,4720
-4,1558
-12,7587
-8,6711
-4,4931
-11,4694
-6,5784
-14,1634
-12,5433
-10,3037
-4,4306
-2,6388
-2,5184
-0,3498
-6,4914
-8,7400
-4,5353
0,7808
-5,2538
-7,3862
-6,9198
-4,3860
-4,0080
-1,6482
-4,1705
-11,5214
-6,6478
-0,4696
-3,8541
-5,4033
-1,6738
-9,5243
-1,2028
-3,7251
-8,4285
-11,5719
-11,1148
-4,8998
-8,4110
-11,3240
-5,6867
-6,1095
-10,2417
-10,4480
-4,7377
-10,1988
1,3550
-9,2583
-6,7819
-3,1143
-2,4799
-7,5906
0,0324
-8,7820
-6,2610
-7,8235
-6,3787
-5,5642
-6,3728
-7,1083
-5,1343
-5,4105
-2,2411
-9,8168
-8,4229
-9,6131
-6,9674
-8,2233
-6,1972
-8,0305
-14,8694
1,1088
-8,4371
-4,8888
-8,5775
-6,2154
-3,5883
-1,1856
0,4640
-3,6350
0,9058
-6,5421
-12,0657
-5,6876
-3,8314
-6,1802
-4,4637
-9,7335
-6,8039
-2,1591
-8,1127
-8,7736
-6,9283
-6,7952
-7,4738
-7,7959
-8,1582
-6,6266
-9,0043
-7,8907
2,6886
-6,2938
-4,7124
-9,7389
-8,7226
48,2189
-9,9408
-7,7343
-5,0669
-16,1348
-10,8898
-4,4060
-4,4271
-8,6451
-9,5606
11,2627
-9,1119
-6,7599
-8,0087
-10,7038
-4,0336
-8,0352
-3,2421
-1,1497
-14,2065
4,0175
-6,7092
-10,1769
-3,1523
-7,5033
-11,0657
-7,6706
-8,5918
-7,8232
-4,2332
-2,5403
2,5207
-8,0128
-6,0452
-8,1891
-3,9925
-1,5042
-5,8607
-4,2565
-7,8052
-14,0746
-5,3186
9,6988
-9,5925
-9,3296
31,6635
-6,9810
-4,1020
-6,9984
-4,8810
-4,8038
0,6092
5,6709
-12,2916
-1,5317
-12,8081
-7,3142
-5,6243
-7,9642
-4,8265
-4,8930
-8,5822
-9,3991
-12,1131
-8,4240
-7,2387
-9,6704
-8,0774
-5,1570
-5,0887
2,0011
-11,1323
-8,6833
-6,2722
1,3664
-0,5886
-3,1168
-3,6314
-14,1921
-6,1263
-6,8255
-0,1626
-6,2188
0,0889
4,2244
-3,7608
-8,2277
-5,6524
-7,9406
-7,9119
-5,6065
-6,4387
-6,3075
-8,3341
-4,1960
-2,7996
-2,5238
-9,1742
-3,7647
-9,0419
-6,2829
-4,1511
-10,1722
-6,2331
1,5307
-8,9456
-10,1276
-7,0019
-8,5297
-9,6226
-6,2371
-11,2145
-7,8624
-4,8105
-0,4004
-10,5891
-9,6065
-2,4067
-6,7718
-8,5266
-7,5734
-6,9494
-7,7759
-7,9255
-8,1921
-7,6498
-8,1960
-3,8387
-1,3522
-4,2813
-9,6991
-10,0055
-2,0487
-10,0073
-11,6681
-9,3541
-7,2442
-11,2348
-12,9763
-9,8644
14,8398
-10,8529
0,6844
-3,3219
-5,3388
-5,8754
-2,8072
-5,8191
-6,5368
1,8147
-7,4267
-2,2895
-7,3044
-9,0284
-4,2202
-12,8911
-11,6163
-2,8646
-6,2452
-8,6932
-8,1187
-5,5799
-8,5824
-10,5549
-3,6103
-7,8581
-9,8168
-2,1405
-3,3197
-7,8200
-8,1753
-1,3707
-0,0324
-8,2223
-12,4400
-6,3870
-3,0928
-5,3445
3,5573
-6,6767
-8,7339
-5,4757
-8,3771
-0,7202
-5,8824
-6,3916
-11,5136
-9,4656
-5,2423
6,6558
-1,9060
-7,7560
-7,8964
-2,4692
-14,5565
1,7248
2,9038
-8,7901
-7,2010
-8,9094
-7,5590
-9,6655
-2,6125
-8,3896
-3,4121
8,6926
-9,9500
-6,0797
0,8872
-2,5530
-8,2556
-7,6373
-10,6632
-1,9979
-9,7904
-7,8456
-3,9705
-5,2660
-0,6569
-6,5951
-2,3973
-5,2797
-8,3893
-3,1549
-7,9307
-3,3406
-7,8762
-4,4583
-5,2746
-7,6099
0,8682
-0,0933
-5,9840
-4,6294
-7,9538
-9,4349
-11,0833
-8,5451
-2,3492
-5,0593
-8,9791
-7,4536
-3,3989
0,9324
-0,6087
-8,4430
-6,1063
-6,5083
-2,1924
-9,4962
-6,2149
-5,1226
-10,7364
-3,9828
-8,7654
0,1909
-9,4776
-5,7125
-7,5283
-11,6977
-8,2984
-5,3239
3,3396
-4,9556
-16,4627
-4,0982
-11,8718
-4,8436
-1,1387
-11,1159
1,5761
-7,7020
-7,6097
-8,6338
-10,5755
-2,2736
-8,3039
-10,6496
-5,1293
-7,5525
-1,9696
-1,4715
-2,0056
0,1272
-11,1053
-9,8808
2,0189
-3,3353
-4,4674
11,6959
-9,2392
-8,0533
-10,0770
5,3246
-10,0647
0,8402
-5,8422
-7,8082
-6,5189
-6,6073
-6,9971
-8,0866
-10,5619
-6,4355
-1,7073
-3,7509
-7,6945
-7,7333
-11,8567
0,9327
-9,6990
-6,2704
-9,4849
-8,1438
-6,5553
-7,5846
-7,7364
-5,0118
-4,5071
-10,7954
-3,7090
-9,7682
-5,9265
2,8292
-6,0313
-4,5706
-6,6708
-8,6211
-4,9329
-6,3792
-4,9602
-6,4495
-3,7552
-9,9233
-7,5156
-4,8782
-7,0954
-2,1088
-9,5609
-5,0430
-5,6867
-5,3485
-8,1956
-5,9186
-2,5611
14,7642
-7,3537
2,9370
-6,0142
-3,9595
-8,5192
-7,2634
-9,3966
-11,6194
-5,4469
-8,1442
-3,7155
-4,7855
-8,6026
-7,5634
-14,0911
-8,2229
-8,5442
-6,9930
-9,2619
-6,0345
-10,0245
-5,4810
-4,3835
-6,6268
-7,8574
-8,3858
-15,3851
1,1217
-9,5952
-5,2812
-2,9870
-6,0909
-2,7094
-5,7783
-11,7031
-10,8034
-4,1650
-1,8632
-1,4343
-7,8421
-2,5108
-8,7868
12,4254
-9,7647
-2,9954
-5,5973
-13,6231
-7,3905
-6,5425
-13,8565
-8,7199
-8,4217
-11,1209
-12,0275
8,5012
-9,9278
-7,8808
-3,3922
-3,3938
-6,7037
-2,2556
-6,2657
-7,6348
-9,5412
-4,3878
-8,8232
-9,1577
14,2140
-0,6755
-12,2285
-8,6084
-10,9872
0,4077
-8,0964
-0,9671
-9,4204
-7,9014
-10,2514
-9,8444
-13,0379
-0,2283
-3,0212
-2,5115
-8,9608
-7,0733
-9,9982
-6,4957
-7,6693
-4,9099
-5,1649
-7,1634
-6,9824
-4,4033
-2,3274
-2,7264
-9,9725
9,3094
-7,0526
-4,4041
-6,2273
-10,5513
-7,4650
-6,0710
-1,2716
-3,8957
-14,5852
-11,7898
-0,0206
-7,2982
-7,5594
-10,0064
-5,7261
-5,4336
-4,7065
-7,0969
-4,9658
-5,9830
-6,8628
-10,9642
-1,3916
-9,3903
-0,7393
-9,2239
0,7312
-10,9180
-7,5373
-8,0613
-7,6008
-0,6857
-8,5510
-9,6954
-0,3218
-6,0061
-3,5415
-5,5980
-1,3446
-6,6944
-6,6664
-8,1854
-8,8337
-3,5537
-9,3519
2,6513
-9,5586
-0,6845
-8,3680
-4,7198
-7,4174
-4,7976
-9,8310
-1,7601
-5,9702
-4,0664
-4,8291
-9,6357
-6,7044
-9,5793
0,3535
-8,8504
-2,8208
8,5396
-4,0179
-3,3776
-13,5856
-10,8878
3,0937
-5,4987
-7,2226
-0,3161
-6,6180
-3,6867
-3,2139
-9,0476
-1,5655
-11,8808
-2,3578
3,6376
-0,6758
-2,9870
-11,2125
3,3804
-7,0183
-10,8056
-10,1502
0,1318
-5,9035
-4,5582
-10,0649
-4,1134
-9,8694
-9,5742
-5,3484
3,6963
-7,8041
-5,7323
-8,4628
-6,1748
-2,1079
-1,6197
-10,6682
-10,2458
7,2585
-9,1143
-8,1931
-5,1080
-2,9809
-3,4588
-9,4813
-8,3159
-8,0669
-3,8523
-9,2762
-4,6792
-7,0526
-7,1590
-9,3431
-4,3342
-4,9093
0,6205
-8,0717
-4,2371
-6,2395
-9,8342
-5,6036
-0,3247
-6,9547
-9,6139
-8,1339
-10,2558
-7,5151
-11,0967
-7,0908
-4,9433
-7,7105
-6,8367
-6,3033
-2,5550
-8,5931
-13,1618
-3,8212
-11,6504
-5,1001
-1,9401
-7,3243
-8,4974
-2,0508
-11,4461
4,5654
-9,9462
-8,6275
-2,5150
-4,7625
-8,8976
-4,2510
-9,5547
-0,3398
-8,9214
-2,0819
-3,0083
-5,2890
-8,3322
-7,0080
-8,0840
-9,1015
-2,9953
-7,4968
-9,9445
-6,1987
-13,0205
-9,9864
-10,8291
0,2144
-7,8385
-0,8160
-8,7354
-3,2776
-6,6970
-6,4076
-9,8520
-6,1219
-5,2464
-9,0847
-11,3292
-7,3378
-10,9827
-6,6374
-6,8375
0,6797
-6,5816
-12,5376
-4,9797
-1,6878
-3,6859
-15,1205
-5,2277
-15,8328
-12,2642
-6,5190
1,2845
-6,2714
-7,4188
-9,4993
-9,1417
-7,6694
-2,5457
-5,7407
1,3540
4,2994
-4,3396
2,1439
-0,8608
-7,4320
-6,5800
-11,4121
-5,9274
-6,1357
-6,5783
-7,0569
-8,7963
-12,5064
-10,0082
-12,2866
-4,2129
-5,1131
-5,6982
-6,9548
-7,4202
-11,3447
-9,1466
-2,8129
-3,6457
-6,2697
-6,6734
-5,2692
-3,6802
-5,2635
-3,3528
-8,6957
2,3402
2,2428
-7,5294
-2,9829
-5,1162
-8,6411
-9,1150
-10,6529
-7,3634
-5,2667
7,0467
-5,6736
-0,3659
-7,0685
-3,6879
-10,5860
-6,8741
0,7113
-6,7446
-5,8124
-8,1042
-9,6251
-7,9449
-4,5262
-7,0136
-5,2358
-7,7382
-10,4589
-7,8413
-11,8170
0,2180
-5,2842
-8,6710
-5,4493
-10,3812
-8,0547
-4,5002
-5,8807
-3,4150
-6,5734
-2,3099
2,0510
-10,4594
11,1821
-9,5947
-7,6534
-3,4563
-2,9805
-9,4308
-1,0807
-5,0177
-5,2605
-10,3611
-2,5944
-7,4828
-9,4090
-8,3719
-2,9531
-1,6447
-6,1904
-2,6520
-4,2766
-1,5920
-5,1528
-4,4531
-7,0746
-7,5150
-2,9363
-0,3225
-8,4347
-1,1104
-11,2990
-9,1262
-8,3962
-0,6752
-8,4633
-10,4383
-6,9749
-1,1174
-7,2416
9,0604
-7,0482
-9,4254
-0,4825
-3,4338
-8,8948
-8,0539
-2,7308
-8,0069
-7,0642
-8,1788
-6,8458
-8,1035
-9,2932
-3,0588
-7,7707
-10,7405
-10,0560
-6,3416
0,2582
-10,2359
-10,6718
-4,0975
-3,8512
-8,2652
-11,0968
-14,0626
-17,1744
-10,6471
-8,1765
-7,1554
-7,5244
-8,5945
-9,1858
-3,4548
-6,3697
1,7871
-9,3645
-9,4063
-9,2682
1,2613
-5,6168
-6,6698
-5,4088
8,6074
-0,0917
-7,1067
-6,0291
-4,4716
-12,6629
-1,4985
-7,6689
-7,0557
-1,2385
-4,3525
-10,0793
-8,1295
-4,3451
-7,0213
-3,3931
-1,1094
-9,7427
-2,7790
-5,9009
1,0844
-6,2846
-8,5601
-13,8871
-11,6191
-1,8069
-7,8026
-1,7288
-8,8323
-1,6687
-5,8173
-8,7367
-5,3293
-7,1351
1,6639
-11,1975
-6,7689
-6,0659
-4,1116
-6,3940
-8,3931
-6,6954
-5,4440
-11,6730
-4,4045
-7,2412
-10,9404
-8,9066
-3,1235
-10,1290
-6,9785
-11,6945
-9,2713
-3,0011
-1,6256
-6,0722
-7,8561
-6,8946
-10,9413
-7,9155
-4,1896
-10,6230
-5,8203
-7,0527
-17,1657
-7,5968
-7,3497
-3,9311
-8,5357
-12,3280
-5,9070
-8,1231
-7,4399
-1,9565
-5,7614
-10,8063
1,7905
-5,6067
-13,4521
-6,5068
9,7927
-6,5220
0,1300
-5,3256
-4,1262
-6,4294
-10,6411
-6,7034
-9,6618
-5,0317
-0,2949
-6,8136
2,4916
-8,0489
-9,8356
-8,3966
-7,4849
-7,5587
-6,4398
-10,0346
-7,4407
-3,7588
-0,5160
-4,2612
-1,4248
-8,9512
-6,2275
-0,9479
-3,3405
-8,0092
-8,5278
0,3892
-10,1094
-9,9140
-2,8261
-6,6859
-8,5334
-9,1536
-0,3048
-8,3534
-12,8471
-3,6821
0,5687
-8,2548
-4,5005
-5,4462
-6,1902
-5,5801
-12,6874
-9,2474
-7,3938
-11,5666
-5,5000
-1,6779
-6,7265
-9,9709
-8,4531
-13,0034
-7,5683
-6,0471
-8,2561
-9,8187
-1,6808
-5,7907
2,9692
-8,9722
-8,9376
-5,2788
-3,8921
-7,5458
0,2712
-8,9933
8,3904
-7,7201
1,5278
-6,5906
-5,2914
-11,3690
-11,0800
-11,5877
-7,6454
-8,9318
2,7310
-5,7725
-9,1113
-4,8902
-7,0171
2,8196
-10,3405
4,8390
2,0615
-8,4004
-8,5307
-16,4614
-8,6478
-5,7106
-4,0940
-4,9183
0,5492
-10,9331
-11,3815
-11,9577
-6,1536
-6,9146
0,7900
-2,4731
-5,4501
-4,4762
-9,4650
-3,1771
4,6388
-5,1122
-11,8738
-7,6676
-8,1258
-3,9926
-9,0788
-2,1790
-9,3287
-5,4233
-2,9489
-1,5868
-1,7907
-0,7535
-2,5496
-8,9514
-5,6251
-6,3258
-9,5031
-1,0160
-8,8289
-2,2238
-6,8887
-6,5613
-4,1278
-4,2342
-10,7371
7,7958
-8,4250
-9,3809
-11,8225
-8,0008
-10,3845
-6,8144
-10,6217
-5,9621
-11,4725
-3,2257
-12,7138
-8,9630
-12,7759
-2,5953
-11,0401
-6,1537
-2,9526
-8,8094
-11,9108
-7,4091
-5,6602
-8,5804
-11,4178
-2,8705
-0,9563
-11,0378
-6,1348
-7,5821
-7,8833
-0,4567
-3,4868
-1,9089
-5,7603
-11,3465
-11,2077
-1,3260
-1,8891
0,8594
-3,5760
-3,1816
-5,9591
-7,9312
-1,3346
-8,4292
-2,7895
-9,0503
-7,6266
-7,7851
-4,7211
-10,3554
-12,8163
-8,1678
9,6110
-8,8985
-8,5198
-0,3043
-8,2837
-5,7042
-6,7293
-12,1194
-11,7893
-12,6789
-10,0918
-10,0082
-3,2119
-7,8596
-2,3930
-0,7503
-5,4219
-11,8045
-7,9617
-3,6604
1,2963
1,7420
-5,9578
-4,3189
-2,3189
-5,8629
3,8495
-8,1476
-9,9621
-3,5505
-4,6636
-9,5196
-5,7521
-6,2563
-11,5908
-7,8136
-7,7719
2,6657
-6,0918
-11,5016
-9,6893
-9,7432
1,4924
-7,0570
-7,3514
-11,2015
-8,0044
5,4605
-9,5678
1,1807
-6,9362
-8,8675
-6,2465
-5,4674
-4,9744
-1,1596
-6,6765
-1,0649
-6,6634
-2,0531
-9,6971
-8,4291
-5,2447
2,2143
-8,8287
-8,8441
-0,7364
-8,9325
-5,7621
2,9654
-1,8120
-9,4879
-5,1425
-4,6185
-6,6952
-1,8761
-10,8741
-9,7674
-4,7524
-3,0712
-5,9286
-4,1767
-8,6257
-7,9356
-11,2150
-12,2443
-7,1378
-10,3381
-6,8831
-1,7780
-8,6835
-4,0711
-6,1149
-10,2822
4,4487
-8,6510
-10,9969
-8,7133
-4,0453
-7,5127
-6,5224
-5,9402
0,3974
-9,7647
-9,1533
0,6019
-6,8366
-9,4110
-10,1162
-8,6751
-12,4673
-3,7651
-7,0809
-7,3574
2,5926
-8,1801
-10,3136
-7,9420
5,4459
-4,2608
0,6521
1,2583
-5,9319
-10,2342
-2,3985
-7,5300
-8,8770
-5,1609
-11,4340
-5,2382
-6,3111
-8,2400
-3,9826
-5,4053
0,7928
-8,0101
0,6672
-2,4491
-6,7972
-6,5577
-11,3071
-1,4942
-0,4760
-4,3656
-7,8742
-5,9681
-5,1096
-1,7813
-7,5441
-8,0382
-3,5768
-8,3239
-8,0678
-9,4250
-5,6997
-4,1457
-9,8396
-15,5013
0,5101
-6,6689
-10,4601
-3,7709
-11,8960
-7,5047
-2,8903
-6,1080
-11,7974
12,9110
-9,6062
-7,8047
-10,3460
-7,0286
-10,7517
-12,2831
-8,0918
-7,4440
-9,1557
-11,3061
-2,0508
-5,7641
-8,7463
-5,4641
-5,2419
-6,7337
-3,5457
-6,6646
-5,0738
-4,8145
-10,4890
-7,4225
-6,1771
-7,6107
-1,3195
-8,0688
-2,6334
-4,6679
-5,4891
-9,4635
-3,9719
-3,4006
-11,2192
-2,0558
-8,3459
-7,0706
-10,6824
-5,4629
-4,2518
-4,7646
-7,7112
3,1172
-4,9614
-8,5586
7,9858
-11,0608
-2,9805
-1,3450
-6,2172
-4,8756
-2,7732
7,0146
2,6343
-7,6376
-12,7990
-7,8845
-13,0424
-11,4919
-2,7323
7,2659
-7,3556
-8,2653
-6,9956
-6,8079
1,6939
-12,3210
1,0986
7,1019
-4,3234
0,1226
-12,7511
-9,9436
-9,1423
-4,5231
-4,8825
-0,5526
-0,9531
-9,4617
-0,3759
-7,2323
-1,2144
-6,2390
-6,9601
-5,4008
-5,1426
-5,2411
-8,7632
1,6285
-6,3854
-7,8960
1,1147
-7,0430
-10,1954
0,0550
2,8157
-8,1119
-7,7102
-9,6810
-3,6481
-9,2969
-4,7563
-2,1460
6,9419
-12,7235
-6,0234
-11,8858
-10,4392
-6,4601
1,5708
2,5213
-8,3959
-3,7080
-3,5249
-3,0815
-2,9416
-6,5603
-4,1550
-4,7565
-8,4415
-10,7966
1,4759
-5,4206
-4,1642
-9,8020
-6,4513
1,5154
-4,4642
26,3291
-9,3293
-8,8942
-10,0599
-12,1949
-9,6774
-11,8886
-11,2638
-6,1081
-9,9301
-11,0589
-8,9985
-6,9565
-10,6600
-0,2617
-4,8295
-2,0974
-11,2764
-9,9318
-1,0749
-5,4104
-7,4461
8,8549
-9,9300
-2,9433
1,7272
-5,4257
-2,1596
-8,3845
7,1670
-0,4312
-5,4151
-10,5535
-6,1129
-2,5078
-1,7923
-9,3840
-0,9869
-4,9343
-12,5571
1,2831
-7,7366
-5,2575
-2,3794
-8,6240
-7,6492
-12,0788
-1,6734
6,5648
-11,5141
-5,4175
-7,2186
-6,4677
23,1450
-4,6995
8,8013
-9,1291
-10,8385
-2,1733
-7,9199
-8,8951
-5,3952
-15,6419
-4,0265
-5,5795
-8,1092
-11,3027
-8,0707
13,1928
-15,3745
-7,7188
-10,1350
-1,5156
-9,9548
-1,5643
-8,2792
6,8120
-7,9796
-8,7282
-2,6609
-3,7646
-0,2575
-6,4095
-5,4152
-4,0654
-3,5225
-6,2392
-4,3792
-6,2022
-6,2928
-3,4757
-5,4203
19,7012
18,5141
-6,5811
-9,9915
-2,7874
-6,8788
-8,4823
-7,6721
-6,2616
-14,4563
-8,5006
-6,4331
-13,3661
-11,4732
-4,2850
-6,4494
-11,2476
-7,8685
-1,7273
19,2936
-5,4078
-9,7631
-4,2786
-13,2103
-10,3192
-7,1437
-11,0406
-6,1447
-9,9302
-5,5180
-7,3741
-7,1328
8,1205
-5,8941
-8,5041
-9,3950
-5,8715
-7,0660
-6,6287
-11,6148
-1,5606
4,3076
-10,3370
-3,4813
-4,9725
0,8755
-10,6263
0,0320
-8,0292
-10,4592
-6,1707
-1,6712
-7,2166
-8,6713
-6,8829
-2,0540
-7,9666
-8,2050
-8,8792
-9,9491
-1,1048
-9,0158
-6,2954
-12,2470
-11,1581
-4,4073
-2,0894
-8,6255
-7,7739
-2,8845
-7,0558
-8,0607
-13,0101
34,6339
-6,3341
-2,5347
-4,5016
-6,3042
-7,0062
-9,2066
-4,8825
-9,5587
-4,5542
-9,8694
-4,0816
-8,9601
-5,8480
-11,2622
-4,8004
-3,2473
-3,5138
-0,8861
-3,4681
-10,8605
-8,1862
-7,9787
-5,6292
-6,5505
-7,2247
-0,5529
-7,4948
-8,8051
-7,2765
-2,0981
13,5753
-1,8957
-0,6838
-2,5407
-2,7199
-6,9554
-2,6993
-1,4787
-3,2309
-4,2535
3,7642
-4,8276
-0,7427
-11,7216
-7,5967
7,2604
-12,6280
-6,7839
-14,7924
-4,5423
-11,1489
-1,7198
-2,5669
-5,0855
2,2012
-9,2048
-0,1057
-7,4345
-10,1680
-4,2784
-3,2099
-6,2223
-3,3587
-3,3957
-3,1916
-6,8045
-8,5355
4,5774
0,4198
-4,1922
-10,0847
-6,6654
-0,2504
-5,8175
-7,1174
17,6069
9,8566
-1,8953
-9,0277
-10,8511
-7,0268
-7,9890
-4,0436
-9,0817
-3,4698
-5,2571
-6,6043
-6,0749
-5,5821
-7,0833
0,9047
-3,2221
-1,9549
-4,6745
-11,0318
-12,4754
-11,8139
-6,4849
-4,1765
-11,5210
9,4108
-3,0607
-9,4475
-6,1391
-7,9701
-3,7338
-6,3265
-7,6015
-6,5081
-9,3423
-6,8789
-7,3960
-10,3866
-1,9921
-10,4543
-0,7626
-6,3353
-11,1162
-5,9839
-8,1055
-7,1489
-6,9205
-6,9922
-5,5716
-9,8754
-10,0063
-9,9387
-4,2613
-12,1355
-6,4076
-4,9485
-9,8690
-10,9157
2,6060
-7,6281
-6,6457
1,7899
-9,1980
-9,6569
-7,8547
-4,4333
-15,2249
-7,2601
-11,2002
-5,5232
0,4693
-13,5071
-6,1998
-9,6173
-6,3110
-7,9362
-9,0924
-14,9823
-4,8705
-10,3606
-7,3197
-8,8085
-4,1926
-7,3131
-3,3983
1,8441
-6,9320
-7,3531
-4,2772
-11,3036
-6,9306
-7,4672
-10,5580
5,2700
-8,6817
-8,3262
-3,5209
-10,2419
-0,2155
-5,3346
-10,1618
2,2152
-9,8257
-9,0246
-10,8335
-5,1235
-5,4938
3,0108
-7,5456
-12,9874
-4,5677
-11,4503
-9,7770
-0,5739
-6,7102
-1,3021
13,0905
-3,7990
-4,8718
-10,8724
-9,6366
-2,8244
-5,0567
-4,4338
-1,3216
-4,4729
-10,6432
-5,9199
-3,9059
1,4711
-5,9459
-9,1162
-6,1309
1,8997
-0,2944
2,6108
-5,7947
-7,9824
-6,3617
-12,1729
-8,3143
-10,6914
-2,7809
-4,1644
3,8072
-9,2126
-5,7002
-14,2259
-1,6660
16,4635
-2,0278
-6,1506
-0,9444
-3,3775
-0,3663
-9,9356
-7,7041
-7,0224
2,0945
-9,7734
-6,4169
-5,1827
-8,4766
-4,7136
-4,3934
-3,1269
-5,0414
-8,5007
-4,4645
-10,5899
-5,2798
-4,3632
-11,5096
10,0531
-6,2671
-6,0211
-5,3474
-0,4736
-7,3246
-10,5555
-7,4436
-6,4655
3,1869
14,6451
-9,9842
-4,0721
-6,7451
-8,5826
-8,1858
-6,8308
-0,1212
-0,3639
-6,0775
2,6242
-10,2835
-7,4416
-2,1981
-5,9207
-3,1439
-8,6363
-9,8568
0,7847
-8,2011
0,7441
-11,0845
-8,1344
-7,6011
-11,1569
-9,6862
-4,1740
3,3124
-2,2692
-5,5902
-4,0927
-6,8969
-7,6710
-2,2181
-9,8576
-11,9002
-5,5845
-0,4754
-2,6409
-9,5594
-3,1779
-3,6305
-2,1891
-9,5202
-7,2353
-9,2848
-5,2751
-1,5595
-1,3638
-4,6877
2,3173
-0,4634
20,1285
-2,3404
-5,3026
-0,9286
-8,6257
1,5044
6,7392
-3,7419
-7,5352
-5,8092
-8,4640
0,3382
-12,3893
6,6846
-6,5502
-6,7394
-2,9482
-3,4230
-7,4246
-7,8950
-12,4223
-5,3015
-7,2247
18,2815
-7,9691
-3,1692
-7,9161
-10,3317
-5,5963
2,6834
-5,7852
-9,5973
-8,4009
-9,1068
0,8827
-8,8851
-1,3316
-8,5826
2,2989
-2,0337
-6,7279
-4,8756
-7,8739
-9,3254
-7,4196
-3,6200
-3,3955
-2,5643
-3,3887
-6,6446
9,7682
-8,0331
-9,3647
2,3288
-1,6051
-11,4870
1,1259
-5,5426
-16,2701
-10,4539
-12,7320
-6,5290
3,9001
-9,8001
3,6074
-13,3260
0,1918
-7,6265
-9,6078
-6,1589
-3,6734
-8,4993
-9,6892
-8,7995
-8,6845
-7,6938
-12,0717
-3,8813
-10,7889
-10,9710
20,2275
-7,1885
-6,2874
7,7871
-9,0842
0,1667
0,3475
-6,8921
-4,0647
-10,8795
-9,5698
-6,9950
-9,9849
-10,5947
-5,3992
-13,9460
-1,6842
-5,5075
-6,4177
-7,7729
-4,0632
-4,4125
-4,2245
1,4307
-2,3757
17,8196
-7,2841
-10,2950
-10,7058
-3,0658
-9,0716
-9,1524
-6,3509
-8,4466
-11,3145
3,9977
-7,0658
-5,6409
-7,9852
-9,1316
-7,6552
-6,5150
-5,6462
-11,4663
-10,3492
-4,0219
-0,7552
-6,5388
-8,9263
-7,9689
-10,5713
-8,9375
-9,6462
-4,2197
-3,2373
-13,7915
-7,9136
-7,5795
-7,0507
-4,3017
-11,7769
-2,1618
-2,4771
-8,8332
-5,8057
-8,2586
-2,7753
-4,8530
-6,8138
-7,4620
-4,3045
-4,4631
-7,4327
-3,8396
-7,8873
-0,2148
-10,4734
-2,4605
-2,5436
-8,0862
-4,2840
-5,1050
-3,1293
-10,0709
-8,0876
-6,1768
-8,7212
-6,4590
-4,2830
-4,0694
-8,5495
-4,2336
3,0471
-5,0774
-4,2243
-3,9700
19,4971
-7,7074
1,2730
1,5488
-11,8337
-14,0612
-6,5388
-2,9636
0,0080
-4,2909
-3,5053
-10,4236
-3,1906
-14,5142
-7,2793
-6,5500
-4,5168
-6,7093
-1,7079
-7,0710
-5,9161
-6,4724
-1,7857
-5,1889
-10,0265
-6,1152
10,5557
-8,8314
-10,7993
-4,1130
-3,1765
-11,1985
-6,4620
-8,1415
2,5591
-1,0681
-5,2126
-9,3684
-2,0160
-8,5792
-9,6827
-3,2106
-7,1291
-7,6030
-1,6043
-5,2084
-4,0576
-6,6533
2,0780
-6,9179
-7,5567
-15,5600
12,0195
-4,2293
6,5190
1,1725
-10,4771
-13,3789
1,6132
-6,1120
-6,7014
-10,7853
-7,8218
-11,2231
-7,2900
-1,2904
-7,5427
-6,7260
-2,7844
-5,9379
-6,0132
1,8674
-8,4486
0,8616
-11,1912
-11,0599
10,4706
-8,4210
-8,5138
-3,1311
-0,7844
-7,0349
-10,6501
-12,2980
-4,2715
-6,9962
-0,0419
-5,6880
-9,8531
-11,2582
-13,4353
8,6035
-7,6920
-4,8508
-8,8072
-4,5473
-10,1915
-3,1430
-4,1500
-10,6518
-8,5411
-9,8635
-4,3610
33,4473
-3,2650
-9,8719
-9,1180
-10,4718
-1,6649
-8,5265
-6,7138
-0,8241
-11,1811
-5,5784
-12,1415
-7,4187
-12,6365
-3,6470
-11,6223
-7,0087
-5,1869
-5,8918
-8,5448
-7,4288
-7,6188
-12,1423
-10,5596
-9,0493
-0,4634
-8,5742
-1,9679
15,3223
-8,9311
-4,0953
-5,6467
-1,1620
-8,1092
6,9997
-5,7089
-9,5813
-5,5788
-10,0231
-10,0426
-4,4431
-9,1629
-3,0601
-7,9732
-11,8172
-0,9248
-4,6111
-9,3578
-9,6269
-11,1138
-8,0836
3,8391
-9,9258
40,1194
-6,0438
-2,9475
-4,5239
-3,6616
6,4360
-10,4059
1,8466
-0,2727
-2,9323
-2,9912
-11,8257
-7,0382
-5,7609
-7,7233
-8,3283
-9,9656
-4,3745
-9,0429
-10,3888
-3,6755
-4,4315
-8,5471
-9,9388
-6,9105
-9,4699
-6,2534
-14,4615
-6,5630
4,9142
-9,6701
18,5582
-4,5728
-6,5864
-4,7863
-1,3369
-10,7106
-7,0798
-3,6767
-12,3319
-11,9007
31,7595
2,1506
-6,9340
-7,0905
-8,5619
-6,5520
-7,4159
-6,9633
-10,2813
2,5058
-5,4259
-2,6241
-10,6947
-5,5818
-7,6218
-10,9653
14,2263
0,4278
-9,8530
7,5285
-3,2790
-1,9483
-1,6521
-11,1695
-7,9016
-10,4249
-9,5301
2,1769
-3,1982
-7,1380
-10,4808
-2,1493
-5,3996
-8,2672
-4,7664
-4,7771
-8,3519
-4,6914
11,9735
0,3767
-5,3234
-8,3800
-8,2195
-7,5002
-4,7050
-1,9085
-7,7193
-6,5864
-14,0194
-6,8496
-1,4001
-9,2122
-6,6953
-5,2978
-12,5037
-0,5968
-9,5257
1,5625
-2,7246
1,3872
-6,6623
5,0025
-2,3132
10,8126
-3,7369
2,2469
-7,2678
-8,9287
1,0445
-6,2891
-6,9365
-9,5340
-5,2078
-8,6549
-6,5097
-9,2948
-3,1397
-10,8862
1,4858
-11,1414
-5,1544
3,4684
-8,0701
-5,6578
-7,5608
-2,7113
-0,8637
-14,1825
-12,3788
-7,2194
-4,6765
-7,4044
-4,4440
4,1082
-9,3778
-7,2030
-9,4163
-12,7224
-3,9749
-8,7588
-9,4746
-6,0412
-5,8652
-5,0993
-5,2545
-2,9482
1,2912
-0,8203
-5,1452
-4,4375
-11,0531
10,7386
16,8162
-4,4013
-11,1268
-8,8516
-9,1832
-10,5304
-10,0099
-10,0086
-5,4565
-9,3313
-6,5672
-0,8482
-7,2057
-9,8954
1,6479
-8,1759
-5,7822
-5,7010
-4,3597
-5,8497
-8,1651
-2,5307
-3,3030
-3,9570
-0,7519
-9,7524
-5,9057
-7,4828
-0,8040
-4,9162
-6,7453
-3,8973
-7,8516
-3,4571
-2,0163
-2,0769
-11,6464
-4,3759
-0,7011
-11,7434
-6,6186
-4,6364
-5,2520
-3,6250
-0,7101
-5,0387
-9,9584
-12,1329
-6,6240
-0,5190
-8,3654
-7,3871
-4,2607
-10,8976
-10,9711
-6,8211
-10,0825
-12,1798
-3,9651
-12,2193
-3,8945
9,3957
-4,5745
-6,7155
-11,8841
-7,3230
-3,9511
-5,3641
-10,7346
-8,7753
-0,9466
-13,6793
-0,3624
-6,7689
-10,9917
-4,4198
-3,8940
2,7926
-4,0448
-13,1575
-4,9427
-3,9236
-10,4739
0,5810
-10,7496
-8,4988
-1,1782
-5,1385
-3,2008
-6,3604
-10,0279
-2,7162
-9,4740
-7,2067
-12,1030
2,8938
-6,7335
-8,9567
-6,5720
-1,8316
-11,1279
-6,9226
-10,3269
-9,9952
-6,6775
-11,7905
-6,9948
-2,1533
-8,3504
-9,3098
-6,9250
-3,2608
-10,7141
0,7505
-2,2064
-2,3387
-6,7418
-7,0767
-0,8859
-11,0151
2,2852
-8,8576
-0,4018
-9,9333
-8,3102
-6,1689
-7,1495
-3,5745
-6,6081
-10,5270
-3,4751
-14,5478
4,2708
-6,6407
-11,0167
-7,7087
-8,0096
-7,8672
-7,9530
4,2720
-6,1759
2,2047
-8,6002
-5,5507
-6,4483
-7,4526
-3,9106
-10,1923
-4,2159
-2,9099
-6,3442
-7,2282
0,4136
-10,4204
-8,9779
-7,1426
-4,3727
-10,2227
-2,8496
3,4328
-4,6610
2,4570
-8,8171
6,9195
-7,9557
-7,7530
-11,2022
-9,4580
-7,1150
-7,2975
-9,1148
-9,2499
-6,0107
-6,5626
-1,2650
-12,9973
-4,0732
-11,5603
-5,7911
-7,2800
-5,3685
-5,7227
-10,3433
5,9084
-11,7867
-2,7243
-6,2103
-9,2005
-7,7942
-10,6672
-7,9750
-11,0169
-3,6258
-10,2402
-8,7941
-1,2257
-8,8868
0,2291
-8,6256
-8,3256
-9,3954
-11,8116
-9,3070
-3,1792
-5,1633
-9,8711
0,6972
-8,8212
-9,2183
-6,3362
-9,2486
4,1200
-0,3653
-9,3380
-7,5880
-5,0734
-9,1962
-12,0136
1,0733
-5,0895
-7,9872
-6,9569
-6,3255
-8,1442
-6,7393
-9,9584
-7,6588
-3,2477
-0,5008
-8,4346
-3,1195
-3,4149
-8,2773
-12,1365
-7,5529
-5,8189
0,4100
-9,4689
-7,1099
-6,1406
-7,5824
-6,7670
-10,0949
-9,7056
-1,3549
-6,0696
-7,8921
-1,4907
-3,8568
-10,8105
1,1921
-5,3117
-11,0482
-2,0950
-7,2031
7,4695
-4,4130
-10,0373
-6,7187
-3,3937
-5,3266
-4,2693
-7,6182
-6,5431
-6,9550
15,8053
-1,5578
-9,7224
2,1438
-8,5373
-8,6865
-8,6290
-7,5965
-11,5841
-12,4444
-6,7723
-4,4075
-11,4742
-9,9564
-4,8995
-4,5546
-0,2546
-2,8042
-5,6472
-4,2241
-7,3630
-10,4424
-9,9860
-7,2323
-8,1063
-10,3033
4,0833
-5,5650
-4,9608
-8,9197
-4,3712
-10,5103
-7,5473
-8,9800
-13,2997
-7,9092
-5,0083
-5,4745
-1,7037
-11,0642
-7,2929
-10,3589
-7,5603
-6,4454
-11,4741
-10,6038
-2,9608
-6,4880
-10,4130
-7,9443
-9,4482
-7,1511
-2,9623
-6,3724
-5,9705
-7,5208
-0,6282
1,9996
-1,7465
-7,2266
-2,5646
-6,5581
-6,7797
-3,3221
-3,6868
-9,8980
-4,5349
-7,7932
-4,5492
-7,2853
-9,2998
-4,2184
-13,9265
-7,3309
-7,7061
-3,1776
-8,6083
-12,9208
-10,3288
-4,0299
-6,0642
-9,9679
-10,1334
1,5107
-5,6673
-2,1545
-10,0550
-1,6687
10,6940
-7,4705
-5,3129
-5,6719
-2,2539
-10,2544
-2,9649
-2,8252
-3,1024
-0,6598
-8,8130
-0,0836
-9,1157
-5,9102
-5,8915
-11,7413
-0,2853
-4,4924
-6,2955
-3,8739
-7,6869
-9,4931
0,5651
-11,8417
-4,7592
-4,8198
-8,4284
-2,8118
-7,3706
-5,2518
-4,6643
-7,4705
-1,0388
-0,3826
-10,0605
-5,8244
-9,9988
-7,6723
-9,7943
-3,1760
-10,1746
-3,1332
0,6432
-5,0461
-3,8345
-3,9633
-8,0080
-9,3863
-6,1617
-5,6816
-6,1263
-5,7484
-3,0188
-7,8243
-4,4107
-4,2805
-3,6782
-4,4178
-4,5122
-5,9519
-7,2782
-4,7267
-4,3523
-4,0489
2,1188
-0,3359
0,6938
-5,8391
-9,6823
-4,9735
-7,7070
-9,3001
-7,8944
-13,3585
-11,8202
