19.6259
8.2980
19.5353
27.3561
27.8927
36.7504
16.9210
28.7633
32.8136
25.1249
10.3477
17.9369
35.1011
32.4867
23.0037
22.8406
23.1820
28.4200
29.2633
24.8647
8.0695
21.6743
24.9076
15.6097
20.2069
29.9522
16.0003
24.7347
19.6695
26.0842
50.3496
15.7834
35.0769
20.9445
11.4495
23.0466
24.9520
32.4727
26.1542
23.4936
24.0287
45.0615
44.0606
26.6201
27.7198
29.1845
14.1415
20.7440
20.6938
15.0944
16.8416
25.2874
24.7401
20.1181
18.4222
16.5310
14.8997
15.5070
30.0754
17.0712
26.6529
16.7372
20.8502
48.7955
33.2076
20.0373
20.5017
22.7106
20.7508
29.8822
21.7733
8.7208
34.1887
27.2024
26.9769
22.2590
14.4538
16.2351
25.0722
22.2174
20.1452
14.7488
25.9702
28.5460
24.5213
22.9263
29.2781
31.9630
26.9625
21.3692
29.1896
27.4725
18.1544
28.5221
15.5321
18.3873
23.2332
41.6707
19.9472
11.1727
21.2407
26.1479
26.2668
9.0256
20.3184
13.8910
31.9171
25.8382
39.7451
21.8582
50.6185
33.4113
24.1470
21.1367
28.8023
29.3796
30.4609
41.8801
27.5284
20.5159
15.1242
29.0618
21.7671
15.6315
30.2603
17.8364
23.8220
22.4809
32.0591
24.0023
7.6916
27.4367
20.4565
45.3571
27.5960
31.5537
33.9310
6.7018
41.1453
24.1314
17.9845
25.2940
19.0523
29.8901
26.9084
20.3086
33.6234
31.0346
19.4731
37.0968
21.0084
18.1699
22.1380
20.0488
26.6044
16.9382
38.8875
27.3333
19.0867
34.7239
26.1260
27.5901
39.1701
36.7927
26.8542
22.9974
28.4284
25.8035
21.9012
46.2204
14.5005
20.0256
35.2690
23.2724
19.4934
19.0734
17.6561
25.1060
23.0084
16.9866
4.8086
32.1954
18.5134
7.6693
26.1149
20.9216
33.0138
16.4116
19.8579
18.9369
16.8268
23.8375
9.7756
18.7550
24.5925
24.1330
15.5678
30.6274
24.3157
14.2926
19.4773
20.8739
20.4533
18.9188
32.3626
17.0408
18.9873
16.7188
28.1309
30.1116
27.4260
27.0020
46.1878
13.5886
12.9511
18.8813
15.2378
20.6723
20.5446
25.3170
23.0816
29.6555
22.0523
22.0797
16.6812
18.4990
12.4738
31.2140
21.5394
19.5390
30.7506
25.9071
25.2427
15.3860
20.8747
13.4595
35.1569
27.7916
25.8878
15.8089
26.0285
17.5869
23.4511
34.3036
11.6806
14.6332
19.3274
11.6893
20.3497
17.4274
27.3360
22.8195
10.9305
15.0820
22.8349
20.3728
24.5236
22.8048
25.7637
17.4115
31.4666
30.7162
18.9067
26.1402
23.5185
19.5859
21.3482
28.5884
30.1959
26.4995
26.2628
25.3800
26.1849
20.0154
25.5304
19.6852
9.8907
15.2870
30.1782
31.7685
36.1866
31.7156
17.0485
44.2426
27.9089
29.3765
18.5273
15.7752
33.6119
23.8933
26.0614
32.6940
18.9121
24.7026
27.0199
25.9584
20.5552
22.9520
31.6003
21.8131
26.2208
23.3397
32.3213
44.1412
23.3659
18.7375
33.1809
33.1252
28.3101
29.1507
25.4104
25.4291
29.5676
23.5314
17.5319
31.2601
26.6858
10.3364
23.1013
28.4782
24.4301
24.5958
16.5445
31.5294
21.4577
18.0581
22.3397
27.7399
18.8172
14.6599
24.5854
27.6197
15.8660
25.9642
24.8502
27.5749
15.4145
34.5081
15.4026
29.8406
17.9722
26.0195
23.1799
26.4222
29.6928
15.6800
26.1665
17.9946
18.8613
19.3446
30.1150
31.2255
38.8639
25.0782
27.7373
24.4771
43.3452
22.5864
34.5791
23.8746
21.2326
32.5980
18.7587
27.8753
17.6136
20.0713
26.5101
27.0492
25.3888
27.7018
25.9422
14.8430
7.6237
23.3061
20.7032
16.8034
30.7072
28.5217
14.7597
17.5184
25.4113
26.8181
31.8075
10.7769
38.4620
25.2418
24.2752
14.2679
22.1528
21.4087
51.8544
19.5071
26.0411
27.3905
33.8270
15.5198
21.2580
19.0568
9.1519
38.1458
19.0313
30.5343
24.7617
23.4716
17.1930
11.8691
-0.6717
33.7214
22.5894
28.6842
28.0469
28.5598
25.0593
14.7320
25.8612
23.5552
19.5578
34.6552
37.1321
14.8164
25.7748
22.8155
15.8353
37.2164
26.6209
15.9470
27.1151
30.7090
20.4695
30.5656
20.2280
19.0155
23.4729
3.5272
27.3127
24.8970
23.7548
34.5345
21.3596
17.2568
22.2522
14.1421
26.4035
28.5200
17.0460
34.1959
22.3261
17.4431
14.5674
21.2306
24.9462
17.8537
22.1062
13.9326
5.1095
28.6067
30.9999
-4.5721
37.6062
15.0779
26.0434
20.8952
24.8391
26.4510
28.8813
19.2985
19.5449
32.4740
22.3910
33.9881
25.3659
15.7325
18.5202
24.6763
18.6053
23.4151
21.1206
25.8337
28.3654
18.4791
22.5534
14.2807
30.0290
14.1085
12.4959
33.0895
25.1518
18.8776
25.9569
22.5643
21.0107
19.2125
16.0749
30.8193
19.6790
18.5948
7.2328
29.5778
35.7851
26.7783
20.6611
21.5984
24.5253
21.5660
24.0264
30.8461
28.5641
22.2996
25.2563
52.9346
27.0515
15.6765
24.2155
27.5213
18.4953
24.8531
24.8277
26.0454
34.2808
16.7968
19.8993
16.5489
23.0856
32.9491
26.0826
18.9158
24.2900
29.8362
14.6705
30.9179
27.3929
20.7336
22.5111
25.6451
26.0306
23.3091
30.2700
18.8719
23.2058
18.9306
11.9763
27.3654
27.9276
34.2978
35.8222
22.5428
17.5762
22.2539
22.3093
26.2175
31.0365
20.7880
8.7886
26.9862
36.6245
20.7094
6.7590
21.3639
16.9003
17.8672
37.6789
25.1898
15.3686
15.7328
52.9164
9.3752
22.3225
23.4478
18.9150
15.7760
21.6595
31.9606
20.1856
20.6655
22.9074
20.9883
38.0524
19.1516
20.6277
15.9688
27.3211
25.9529
26.8659
23.1841
23.2801
39.0775
27.5084
26.6874
14.9533
16.8433
16.2000
23.5995
35.1350
19.4242
15.3137
26.9064
22.3778
29.8076
21.9214
21.7592
16.6467
16.2316
34.7091
21.9968
11.3213
22.1422
27.7870
30.2607
15.7835
21.0535
23.4124
18.0377
32.1755
25.4871
27.1316
21.7476
20.8298
28.7655
20.0456
24.9238
24.5659
17.3718
24.1591
38.0798
25.2969
15.7486
32.7470
24.8113
16.0557
16.9170
8.4471
18.9087
24.8852
23.2995
26.6610
19.1470
17.2450
25.4261
23.1246
34.0322
18.0095
34.4517
14.0423
12.0128
23.4847
21.9413
40.8953
18.8423
27.2702
25.4419
29.9436
24.6339
28.9636
24.7468
18.0650
16.1505
18.4467
25.1760
33.4832
10.5415
21.7642
16.6469
25.7188
19.6973
46.3320
24.3898
26.7047
12.3472
25.3019
26.7291
19.0127
24.6931
22.6589
28.9532
30.1051
23.9311
25.0963
15.3038
19.9899
12.2539
18.6604
21.7846
20.1112
29.4973
29.0177
22.1360
38.2203
34.8025
22.5786
12.4433
8.4042
14.9512
28.2660
25.8717
21.6326
14.5042
37.3327
24.9161
38.8183
15.2272
15.5126
20.0860
20.9010
31.3521
6.3456
31.2192
17.0802
23.2408
19.1905
10.6710
11.3226
26.3987
13.1993
27.5131
15.2967
22.3775
27.5565
24.2209
22.0479
12.7444
34.6641
22.6651
21.8609
30.0660
19.1514
25.8385
25.0662
7.9722
26.6633
26.5365
11.5831
25.2663
25.4372
20.3439
26.7427
30.4138
25.7591
18.7630
20.6510
21.1006
34.6795
10.2729
27.9411
21.4709
21.6234
25.0063
31.7134
25.3779
22.2199
22.5462
35.4542
26.3273
29.8363
20.7483
21.9397
31.0639
26.8952
18.6459
23.0827
29.0689
33.0108
8.3784
20.5539
27.8194
30.5261
18.3787
20.0404
25.5569
24.3838
24.1035
17.8026
41.3915
18.1598
32.5843
24.0272
23.5169
29.4891
25.0017
26.6891
22.4917
18.1607
31.9165
14.0065
25.0142
25.4394
30.3236
29.3796
15.7094
17.3409
17.8329
23.2323
24.3480
22.7001
25.7589
32.8497
19.2939
22.4314
15.0822
16.7643
21.0844
19.7144
21.3499
20.7129
31.3538
30.5530
34.3225
16.7135
46.0803
35.0617
23.8146
14.8709
23.7084
40.6933
35.2224
38.2273
14.4895
56.2904
21.2929
25.9479
23.0844
21.2326
23.2242
28.2455
26.2580
26.4894
34.2224
29.0604
20.8944
18.9560
35.0647
21.2429
36.0534
11.3812
18.8862
15.4651
32.8106
21.3259
17.8024
22.1320
26.2711
24.1002
20.8983
18.3667
27.7618
15.4685
27.7920
15.3703
26.1098
42.6174
12.5884
23.0076
24.8390
22.4477
19.6623
21.7596
21.4048
18.4064
26.8478
13.2901
26.9148
22.9331
27.0852
16.7143
28.4329
31.3177
22.3192
16.1212
19.7559
30.7873
17.6291
26.0317
25.6020
25.7834
22.1467
38.5197
26.4467
19.0514
30.7244
17.5284
24.6300
21.1780
7.7771
39.2009
26.0157
26.6652
20.3531
24.9480
19.0234
22.5178
23.9015
17.6235
26.0527
27.8175
19.4706
26.8025
28.8632
20.3078
20.5823
28.2488
23.3987
21.8945
28.6648
13.8580
27.0746
13.6986
30.1714
30.1376
11.0180
26.0823
26.3284
23.0702
31.5863
23.6906
29.4377
32.6439
30.6400
27.7768
28.2431
12.4549
14.9611
22.9297
16.4652
19.8208
33.9521
11.7985
18.1302
16.4838
22.9119
36.1655
25.3885
9.0516
23.1447
17.7268
21.8888
21.4618
23.7722
13.3953
14.3426
21.7307
28.8780
23.7629
21.7160
26.6005
12.7554
26.4778
35.1208
23.5297
15.9658
37.1168
23.3954
40.4371
30.0578
42.3488
32.3392
26.2033
21.8054
23.7370
14.9771
23.3222
19.5864
27.1666
39.6495
38.6287
19.2230
9.6079
7.8742
21.4208
21.7461
34.5834
35.9846
25.8149
27.0832
42.9002
26.2770
20.0361
26.2581
34.6556
11.4092
16.6104
26.6692
25.7073
33.5560
38.8210
28.8297
19.0051
27.9875
14.1679
13.8262
16.8269
33.9544
28.9631
26.2865
28.3524
30.8771
31.3457
30.2112
35.6733
28.9691
21.9981
31.5064
27.0533
31.2028
25.7676
24.7827
17.9118
18.8343
26.8289
27.1436
23.1299
29.3062
25.8136
24.7813
19.0773
15.7876
29.4101
27.5177
24.0826
10.2431
16.5975
33.7707
16.5643
6.2621
23.1872
18.8620
24.8999
27.8462
16.1852
20.9920
20.6691
26.8276
29.8961
20.8739
29.8663
24.8093
30.7915
20.5130
12.7473
16.4269
22.1998
19.9772
21.3223
2.6592
26.7402
16.8483
16.9012
11.3474
23.9563
25.7266
19.8858
15.6447
19.9308
16.7058
14.3301
27.1415
35.3112
16.8919
22.3199
23.7251
23.3514
31.5786
18.5511
24.9938
24.6894
34.0661
22.2690
27.1010
23.8862
21.4005
22.3679
37.4554
13.7704
24.9614
37.0291
22.7443
34.7144
19.5981
23.4099
20.0472
33.0735
35.2409
30.2405
36.5115
24.8399
25.1775
30.1127
20.5019
26.1275
23.2463
13.7624
31.6496
24.6430
21.4051
17.6420
24.8004
34.8642
21.7854
39.3933
22.4594
26.9671
22.6929
27.5732
11.6578
13.0606
37.6057
19.7333
17.2944
20.4866
18.1567
23.4965
29.6286
20.4302
22.2178
29.1641
23.2404
43.9515
29.2994
34.0958
28.1158
18.2045
28.8938
20.1092
18.2202
19.8128
20.9987
32.5133
33.9577
49.7836
12.6340
25.6388
23.4536
20.2678
16.7135
24.0626
24.4266
25.5521
18.2461
20.6075
27.7538
29.7587
4.1275
22.8530
18.8784
38.6525
21.0943
22.7822
26.3772
21.8164
26.3665
18.6249
25.2711
20.1608
40.3208
23.0066
43.2870
24.5910
22.1950
15.5865
7.6251
16.3155
31.0718
20.9504
21.5244
18.7568
15.5408
18.3792
16.6367
36.0641
15.5018
20.5003
25.5100
28.1083
44.7298
25.8909
48.7453
24.8587
22.1548
18.5864
50.1807
25.7120
17.3002
26.9563
29.5844
25.4355
20.1147
23.8589
17.8863
23.8914
7.4173
29.2742
27.8234
22.2931
29.7922
23.1632
24.5608
12.9398
34.1573
26.3952
23.8144
26.9915
20.0198
29.0866
22.2257
22.1491
22.5571
11.3739
33.7756
47.9876
25.1952
48.4314
29.0680
35.7233
27.4774
31.8373
20.4587
39.8690
18.2537
32.4412
14.3561
16.8875
29.9438
31.4834
20.7559
12.4377
15.5145
14.2534
20.8413
22.1712
32.2096
20.7958
20.8504
26.5865
20.5004
9.2243
13.7936
34.9270
21.0138
17.6650
22.7155
28.8233
25.7409
23.3376
37.3566
25.8189
39.7159
31.2744
22.8338
16.4676
31.9776
19.3321
28.1644
21.2075
28.2435
23.4852
28.1339
24.6588
19.5072
22.6071
28.0685
17.1015
28.6363
14.9888
23.8039
18.3231
10.7054
20.8226
37.9166
16.1062
23.7802
22.1471
20.6880
24.8479
33.8852
28.4629
19.2608
18.5124
23.0502
25.4463
17.2605
31.6872
23.6652
5.0311
58.1074
16.4169
30.8537
35.0691
19.2386
19.7704
14.2114
20.3161
10.5911
35.1582
21.3236
27.9859
39.7011
35.7535
19.0897
19.4431
21.4752
14.3628
19.1971
10.7369
14.8614
11.5692
19.3128
28.4629
16.9285
17.1789
29.1840
24.8753
34.3718
23.9644
21.4322
29.8603
25.9507
10.5164
25.5761
22.7456
20.1596
29.7769
20.9961
23.7910
18.8113
24.8357
28.5070
27.9566
35.1596
24.2260
17.7167
17.1258
23.3727
21.3899
31.7534
27.8458
29.9007
15.6854
22.5245
22.9580
14.0978
24.1020
33.0435
34.9362
10.1088
15.0116
25.8258
24.1192
34.8753
28.2361
20.0259
26.2175
32.6491
32.9613
13.9321
21.6924
27.5342
17.1695
27.5817
15.7447
19.7596
23.4087
13.0581
22.6022
17.3143
27.2246
17.3322
32.9703
21.9769
40.2472
22.1066
14.6802
9.5774
17.2181
11.5798
30.7806
29.6643
12.5078
22.7810
17.3239
21.5879
24.4049
56.7026
21.5241
20.5858
17.9879
28.4822
22.5584
44.0854
27.8149
55.5271
28.3641
29.4436
28.9988
19.9293
42.3886
26.1192
17.5450
16.0125
12.2793
19.4817
35.5851
53.9334
29.5253
29.0627
21.1693
20.4830
23.3720
31.7735
13.1417
25.8795
23.3191
9.2361
38.6658
20.8480
24.3502
27.5435
25.2127
20.3233
16.9672
14.7580
32.3656
30.9992
15.9478
31.2448
16.6552
13.7883
28.2140
26.0775
26.3604
18.3230
30.1256
36.8528
27.0275
28.5931
34.1820
18.6012
19.8170
23.7422
29.8953
17.9534
9.4533
43.5067
44.0181
31.8189
20.3917
22.2523
21.3642
19.7985
28.1370
34.2612
22.1778
23.7448
15.5315
30.4629
18.4284
24.7835
30.8726
25.1402
25.8775
32.9787
15.5184
27.6790
32.2855
35.6896
14.9686
27.0944
18.1649
22.8938
29.1046
34.8749
30.1293
39.1618
22.1542
26.5356
13.3471
13.7466
21.4326
22.2708
21.5540
29.1428
19.3161
25.1979
27.1143
37.2891
16.1630
24.2095
5.0755
16.1700
24.6140
38.0817
32.1500
30.9347
28.0782
24.5679
30.6106
25.8056
12.3288
46.4534
43.2758
24.0392
33.6208
21.6727
28.7336
12.0452
48.8056
31.1264
11.9333
45.3432
18.6728
22.8622
26.9653
23.4680
31.1794
24.2862
18.0532
23.2571
18.6805
41.8231
25.2344
19.0605
27.6374
24.8670
25.9604
26.9160
27.0618
25.1595
21.6057
35.4537
29.0881
37.2541
11.2482
23.8198
26.5325
29.1672
20.9707
38.6045
21.1573
29.0713
23.9464
28.6514
22.9170
25.5609
16.5459
12.1545
17.8320
36.4031
30.3307
20.8942
21.5310
22.5239
31.3160
24.3378
19.1072
15.6786
20.2429
35.2576
24.0786
18.9033
26.5291
23.4658
19.0547
19.7250
29.5296
22.1420
21.0668
24.1084
22.7208
21.0376
18.5659
28.2436
17.9400
16.6116
20.8133
19.9954
18.1908
24.2232
21.4130
21.8977
20.2175
29.5512
24.2801
21.7167
23.6653
19.3743
26.5790
26.6955
20.7223
39.7747
16.8383
30.7678
8.7924
12.0068
22.9116
29.8921
26.2643
23.8028
29.3025
18.6102
23.4001
7.1460
30.4760
12.8930
13.6749
25.9026
22.2643
24.5566
28.6571
19.5941
28.6876
25.4221
24.3319
33.2383
19.8875
38.8785
20.8425
16.1173
29.1979
23.5179
26.4252
21.2663
13.5529
25.3762
33.6766
25.1699
21.7010
18.5724
25.9238
17.2257
15.9719
11.2250
19.9729
25.0366
23.2153
32.2102
22.7826
12.1881
23.1528
27.2915
19.6951
21.7778
25.8546
18.9423
28.5831
29.5004
15.3904
23.5685
24.4102
24.8991
22.0275
30.9504
8.8402
17.2265
18.8367
19.2270
12.1397
24.3980
63.1937
21.4514
15.3259
24.2955
33.0164
23.2244
31.1088
28.9843
17.6413
22.6951
22.4844
9.4291
24.8166
27.3958
28.6971
25.1637
13.3400
24.8100
33.9091
18.7727
15.0715
12.4983
21.3712
26.2747
20.7290
17.5642
18.3158
28.6470
23.2328
11.3750
19.3990
27.5706
18.9909
21.7581
27.0338
27.4323
25.8167
21.9168
31.6984
55.6996
35.0564
24.4779
27.4990
12.8529
24.4256
22.3285
15.8766
26.0512
23.9309
29.2929
17.0843
21.3383
25.0064
26.2513
18.1634
19.1933
23.8672
11.1627
29.7142
19.7905
35.8947
14.6824
29.0273
21.7520
19.4462
22.3491
17.6028
26.0751
28.4087
15.8467
26.2282
24.7260
25.8300
16.2680
20.9162
18.5978
20.6824
23.9005
28.3902
25.9379
18.3661
22.7005
27.7694
35.9849
29.7876
22.9333
17.5421
17.6710
19.4706
15.2974
23.8132
12.6461
23.7377
27.8505
28.3182
20.4631
20.5585
22.3260
29.4549
36.7398
10.5962
29.2110
27.5192
19.8700
28.2779
21.9098
20.1601
11.7877
39.1093
30.8846
26.5338
23.9570
29.6213
16.7932
6.7170
29.0686
27.3613
32.9730
15.8155
14.3483
21.6416
24.8921
32.7591
22.7946
28.1674
19.0471
18.2399
28.7030
23.9275
34.1637
24.4615
21.4009
20.1436
48.8470
25.7904
28.3901
27.2246
11.1942
31.4031
23.5518
16.3194
31.2547
28.0771
19.5708
23.5256
25.6405
26.2514
27.4404
21.2389
23.0276
38.1023
21.8752
14.1049
17.7284
24.3234
28.7025
29.3929
21.3947
35.0653
17.7249
6.6566
26.6482
25.1539
15.5752
11.8813
17.4956
13.7489
18.3330
26.8992
37.6148
13.7603
19.3770
21.2920
20.9742
31.0428
29.1074
22.6532
42.7040
26.5555
28.9341
31.1759
34.9439
24.1903
13.4652
23.8125
12.7238
33.0622
20.8156
25.6970
18.4824
39.4409
28.4399
27.5337
20.4070
12.9934
21.8418
26.0504
23.3841
25.5736
11.1069
17.2914
22.2766
20.5012
33.4553
15.2927
27.8254
10.6008
26.0704
-6.4105
14.3778
17.3239
21.3232
-0.9107
24.8931
28.3741
4.4690
32.0866
27.7264
27.3699
23.3573
54.5351
22.5835
25.6692
40.0416
34.6768
38.8296
20.2367
31.7698
22.2602
31.1852
18.6255
34.3693
13.2407
20.9521
23.4756
28.9170
74.9572
18.7263
32.2837
18.7421
32.5503
58.3174
25.4280
21.8288
18.8974
21.6474
24.9385
15.7502
24.7798
26.2250
27.3888
2.1678
16.1812
14.5755
17.5083
13.8114
47.2779
25.3595
34.4958
27.9196
9.6727
14.5943
29.4809
25.1351
20.2615
11.6635
18.7347
25.5384
24.4428
22.5772
19.8605
16.3866
20.7760
24.4026
19.7029
27.9830
18.7127
14.2474
45.7864
43.2344
9.0926
27.8205
53.0317
16.8408
36.7947
27.8610
44.5536
24.1978
26.4237
20.4445
24.1990
28.8977
29.7801
22.6635
20.9620
20.8864
14.0252
23.6841
25.9199
51.3945
34.7721
32.1468
29.7019
31.2881
24.3399
39.0383
12.4030
21.3601
12.2687
22.5219
60.9593
18.6520
22.2570
17.2690
28.1576
23.3049
27.9374
19.1530
37.8554
16.3198
43.9318
26.7727
51.0139
23.2932
21.2784
9.4799
27.4346
23.3784
15.6442
13.5564
28.7445
19.9093
26.7311
22.3632
29.4408
18.5514
12.8253
19.8268
13.9852
21.5588
20.9378
15.9202
18.6527
35.4189
15.0555
20.9138
18.5063
49.3598
17.1628
18.3267
15.6136
21.5102
24.0989
19.2273
29.7822
20.4438
35.5742
31.4288
28.6866
22.4686
18.4701
30.6420
23.3216
19.8462
17.6685
15.0961
9.4886
19.3116
21.8678
22.5546
23.2141
30.5231
30.3910
33.0811
0.6275
35.5934
29.5766
16.4272
23.9534
30.9125
25.7449
18.6155
23.6683
28.9418
33.0367
28.5532
27.2042
12.1360
35.9973
18.3299
24.4392
27.2243
41.1380
15.1416
19.4581
37.5972
11.8839
25.4163
23.2062
15.5917
34.7374
16.3283
29.1772
19.2587
13.5731
24.1395
22.6806
34.2292
17.6037
23.7504
16.7292
13.5232
13.9329
12.9377
16.1605
7.8662
22.9497
27.8894
26.1230
28.4153
32.8273
18.9399
15.7865
12.4759
39.5695
12.9233
39.1667
24.9062
29.1624
32.3120
26.8233
20.8094
28.8592
8.8288
19.7002
31.1364
23.1408
33.7574
17.6431
18.5572
27.1537
24.0595
18.3531
14.1981
30.1071
25.1506
16.5348
34.1714
26.0294
13.2455
27.7593
12.5825
17.4071
19.1659
30.7968
24.0361
23.4743
14.6450
12.3682
23.6151
31.9059
33.6426
33.5871
13.5362
22.9443
26.7795
17.9160
23.7716
17.6741
13.6178
13.9199
24.5702
14.1115
15.6586
22.7442
39.5005
34.0618
14.2854
16.2698
12.5881
20.6104
20.6296
22.8897
28.7847
26.5240
28.0636
33.2510
18.8356
19.6241
23.4121
38.2433
22.8480
23.4625
16.3337
25.3854
25.3942
20.8933
29.0203
33.8499
22.1011
30.6289
29.4905
27.7091
29.1355
19.7040
32.4995
29.4306
13.6616
29.0462
25.1101
23.9846
35.4102
16.2454
32.5266
22.7117
16.5988
20.7524
25.0787
18.0582
23.6758
36.8628
36.9341
48.5638
17.0696
12.2672
9.2507
22.8693
23.7136
25.8830
30.4447
27.1945
27.9412
22.9684
27.1041
25.0327
39.3297
27.7437
25.4744
12.4804
21.9487
17.7066
38.9102
23.0908
19.1052
24.1980
25.1388
37.6756
33.0804
26.7269
20.1279
23.2841
23.1710
20.3210
22.0122
19.7752
20.5453
26.3052
34.0329
25.9685
31.4980
20.7036
15.9703
22.2306
27.7334
15.1853
38.8369
31.1556
25.9976
22.3823
27.8881
31.4628
29.9314
26.3267
12.0346
20.2344
32.7779
27.4573
31.0452
16.5510
31.2573
22.1445
37.1245
18.9718
46.2643
23.4240
18.6101
22.3202
22.9485
23.9135
21.1955
24.4790
11.7235
30.4059
27.2504
17.7646
32.3131
14.1855
23.2811
23.0985
27.1833
