20.7805
32.2371
27.9962
43.8676
45.1733
28.7398
23.7507
13.1662
18.2519
32.8679
18.9743
18.2006
33.5066
20.3071
20.8818
21.4041
19.0348
27.4430
25.4986
39.0356
33.4044
3.5104
34.7425
39.4388
36.3077
34.4978
46.9617
40.3729
16.6199
34.0351
50.6697
39.3633
26.9645
19.6941
25.6385
33.4177
18.4300
35.2224
49.2408
37.2464
36.6945
19.4600
21.9188
14.3757
15.3779
29.6291
22.7921
16.7016
51.4784
23.5066
18.5406
27.9309
26.2953
43.2605
21.2098
27.9326
16.2067
26.1135
34.1531
27.6778
26.4138
27.2949
36.9281
24.2854
46.3067
24.7121
29.1436
30.6285
64.2915
9.0939
20.4286
27.2492
11.4419
29.7774
33.7809
15.8015
15.6689
22.6773
30.8262
14.4756
20.8658
19.8306
13.3034
37.6993
28.7723
17.3024
27.1600
23.7554
9.1149
24.3550
35.4569
63.3201
28.8677
26.4569
10.9410
45.9693
55.6025
25.0102
14.4326
16.0367
21.7376
21.6841
30.7237
27.1921
1.9329
33.4050
17.3242
23.0402
24.1068
14.6655
19.7548
17.2310
16.1014
7.3874
27.4279
25.9126
12.9482
36.8521
35.5575
23.3548
6.6863
34.1046
23.3757
23.0102
9.8764
46.5416
15.8094
36.1659
32.1205
31.1807
44.9740
32.5101
11.5526
20.0208
27.9125
26.7893
18.1404
27.0633
67.9331
20.2834
8.1788
39.5883
10.6536
28.9985
17.6275
16.3301
26.4644
25.9492
19.0914
14.0248
25.9272
21.5088
29.4494
29.1898
20.9598
21.2829
30.0166
23.8852
12.8184
38.3835
0.5249
23.8688
24.1534
44.8142
18.4481
38.7528
16.8602
40.9592
42.5091
10.3814
34.6671
31.3304
17.8372
7.6695
23.9166
15.6729
24.8924
30.4085
15.7308
16.7593
42.2317
15.9233
27.0640
26.6836
23.2039
18.6331
15.9113
21.1383
32.9019
41.4746
13.1823
45.0705
33.4504
35.6115
32.9697
21.8748
43.0616
22.5900
18.7804
15.8986
23.0467
23.0772
12.9001
8.4712
22.3355
25.7486
22.7164
21.9800
34.9237
27.3185
56.6315
18.9282
32.1558
27.5223
29.9498
34.1077
42.4879
21.0899
5.5216
16.3027
37.1191
28.4003
29.7710
27.1264
13.6417
14.7871
26.9536
26.8250
35.7864
25.8026
17.0776
27.8558
22.6211
33.4196
39.9843
43.7700
32.2418
13.7955
35.8314
16.5545
31.7336
24.4838
13.4192
40.1097
27.2601
16.1438
41.9349
40.2643
17.1875
25.7617
32.0901
10.5653
27.7355
19.8425
28.8042
15.1696
35.7054
19.1585
26.4164
22.0723
31.4251
13.0503
36.4333
20.5347
19.0807
24.4574
27.5492
24.4670
25.5629
14.1240
34.7017
26.7642
17.7008
11.6379
36.0294
32.4684
37.6508
49.2809
34.7562
37.1185
31.5343
8.8065
31.5297
22.6470
28.1759
10.7116
25.2212
16.5243
16.1863
23.7669
41.2892
25.4324
31.7158
25.3292
35.1127
26.4821
35.6240
33.9254
21.1035
20.0168
17.8548
18.1443
28.6537
48.7822
3.8616
15.9245
25.4321
25.1388
19.8310
27.6879
23.3524
16.8308
27.3898
57.6913
38.0710
42.3862
31.6904
22.9090
21.7091
29.6924
20.7752
22.9331
27.9429
36.5351
23.9897
30.8445
18.3208
42.5793
47.2570
34.2960
54.2300
21.9907
43.5140
7.1660
27.7379
36.0738
40.1736
21.4066
25.6661
30.6068
23.9829
26.1484
13.3561
19.8055
31.0550
49.2389
36.3581
18.6446
22.7460
17.2538
21.9680
28.0492
23.9238
20.9889
41.6821
8.7549
35.5928
17.0256
27.6835
20.9260
28.6867
39.1572
11.9783
32.5828
11.4973
38.0243
35.9628
44.0506
6.0135
26.6421
35.6144
33.4899
40.8609
20.0919
31.6544
30.4999
17.1725
43.2855
27.3217
17.2591
18.8674
20.6625
18.9659
17.4493
34.1646
32.5003
29.8479
38.9859
20.8753
18.9692
11.0176
34.8678
22.3673
20.8215
8.7803
33.6089
14.3866
21.1062
48.8196
39.5658
52.6275
46.0912
30.9678
30.4824
21.3787
24.9046
29.4578
13.8790
27.0058
46.2993
26.0959
29.1783
24.2422
18.7546
29.1043
28.4743
10.2185
43.3921
20.6680
27.3754
30.0938
26.1566
19.8353
16.6086
40.0156
23.2293
32.5135
19.0919
32.5496
19.6591
28.0331
18.1837
22.7239
19.6627
15.5882
8.6411
11.2501
47.7719
33.8719
41.3480
27.7494
24.5531
27.3872
40.8529
59.1254
25.8877
13.2192
20.7019
14.8097
10.8269
15.7722
17.5078
20.0236
35.6208
20.1767
22.8755
18.6814
42.2754
27.2356
45.2565
18.1051
30.3983
33.1577
8.5854
15.7722
27.6044
31.2003
30.9287
19.9085
18.9795
42.2311
21.7138
39.0142
20.6916
12.4813
28.1645
32.8105
27.4499
25.4212
9.6668
40.0349
29.2579
25.0110
22.3578
4.4822
31.4717
21.0077
24.6730
12.3258
10.4996
21.0902
24.0238
18.1413
13.5899
11.2332
13.1926
24.7831
39.7180
26.7423
7.2645
17.0164
19.7394
15.1501
13.1659
35.8983
31.1618
34.8151
24.6001
13.7715
26.3142
14.7096
29.4283
28.3220
32.3495
16.5105
25.5965
15.3902
34.8062
41.1507
26.3436
6.1267
18.6376
37.0723
43.0312
27.1174
23.8900
17.8794
10.9322
27.7504
15.7469
37.2641
24.3742
31.6921
22.5207
36.1322
23.4701
25.9514
56.3296
34.8207
17.2492
36.7064
16.7547
12.7561
17.6368
35.3068
32.3999
33.6433
22.1410
37.5041
22.6677
17.4988
43.3973
23.4610
28.4402
18.8769
18.5032
5.3616
30.7045
21.9559
39.4048
39.2135
14.5132
20.0110
23.8548
38.1584
23.7222
19.1730
28.9083
33.5440
29.2660
10.0529
28.1301
36.0125
35.3026
33.9389
21.6486
23.0789
29.2709
29.3810
24.4770
13.9166
21.7825
16.9811
33.4374
10.6850
24.9442
46.2471
15.6151
16.6449
25.4972
26.0398
7.6652
47.4683
15.7860
18.2652
23.7750
36.7697
19.6955
18.2992
64.0544
49.0469
22.8128
17.1201
13.1237
47.3995
17.9238
6.9996
7.7571
11.0643
29.2707
28.2861
18.9609
23.1563
29.7638
49.3202
12.9234
28.7704
1.1736
10.3278
35.0324
14.7175
21.7249
20.5538
20.3019
25.1097
27.1476
12.9402
23.2292
31.0725
25.1816
14.3212
39.8633
31.3392
35.5544
26.8981
34.3589
11.4569
43.5790
23.0293
38.5951
29.4090
32.7054
7.8999
0.9425
7.0202
8.8817
25.2780
18.4424
16.1018
45.4027
32.2609
36.9989
24.5816
28.2369
26.3207
23.4996
23.4826
22.4502
49.8043
17.0246
60.9580
28.3265
25.3962
21.1832
27.5312
8.9274
36.3161
30.4239
32.3543
27.7393
15.2684
21.8813
41.1740
21.0802
16.0439
20.6862
24.1312
15.5503
24.5521
45.4870
21.3006
39.3201
15.5927
10.1749
29.5701
36.7792
5.0999
33.9898
30.2212
24.2427
16.3024
21.0308
25.9072
30.7325
22.0436
23.7443
7.1755
31.6706
23.5945
18.0955
23.8797
23.9423
30.3509
19.0231
19.6212
17.7230
31.8383
28.9933
54.2450
18.7183
30.0233
28.4620
19.7276
65.0926
24.6695
17.5649
27.9890
15.7037
11.4262
11.4656
33.9763
23.3130
12.4617
26.1785
23.4495
19.6277
11.7283
15.5088
20.4855
20.3712
10.6697
1.9166
12.3775
16.6696
23.8894
25.6389
27.1899
20.1359
9.8245
12.3709
13.6549
23.0837
39.1859
39.6247
29.3496
-1.3102
21.5970
42.2740
36.6892
15.7118
12.8279
31.3982
12.4294
26.0858
40.2355
13.0586
4.1121
18.0919
23.4135
44.2908
14.9174
22.0388
40.7633
24.2969
27.0699
22.4857
43.4015
16.3029
1.6655
30.0527
22.0165
35.6310
23.9626
29.4443
45.0156
26.8698
25.0626
46.0631
28.7411
24.3466
23.3382
39.5776
24.8143
24.6985
25.6565
21.2567
32.8887
15.2979
31.3519
29.3263
27.3446
12.9680
18.7673
12.2643
18.1843
25.7976
19.7044
33.4870
37.0598
7.1633
31.1659
14.5645
37.6660
48.9676
42.3401
27.8293
36.0063
37.4066
28.4861
21.0269
19.3855
41.6789
14.5761
30.5519
24.5011
9.5979
6.5761
29.2904
24.8884
18.6071
34.1790
31.9389
12.2887
27.7663
25.9469
23.9007
25.8813
22.0057
25.7386
34.1264
43.0667
53.1105
35.2642
34.7817
27.1130
7.3042
32.3904
49.2370
29.3538
8.3982
34.4731
30.3784
11.5240
22.1398
60.2553
24.4454
21.9874
14.5068
20.9334
21.9692
18.3363
23.2672
15.4307
61.8365
24.0138
31.5834
25.3168
31.5089
31.9584
34.1120
35.2259
5.9392
15.3970
42.2336
19.7766
14.3414
12.3007
21.7756
11.4278
16.8537
18.1106
19.3255
29.3263
20.8106
18.4031
32.9097
26.7131
33.5929
26.2188
6.8846
27.4500
32.9252
40.1241
24.6560
26.7712
12.6189
24.5925
14.7737
15.8148
5.4731
30.0702
17.3372
13.7044
16.9074
25.4932
21.2942
24.4573
10.8151
26.8546
30.6216
16.5559
25.3377
57.4998
35.0225
39.6955
19.9226
34.7426
10.0019
18.6979
42.1076
36.0343
17.4859
30.2343
22.8217
17.0503
25.3394
21.4266
38.0644
13.1330
24.4575
15.6306
23.5708
31.7334
21.5953
24.8728
26.0463
2.5780
35.0285
26.9078
17.3077
16.4120
11.8107
51.8910
23.3340
27.8728
21.5520
21.8689
35.4425
28.3019
33.8523
35.0553
32.1071
23.9363
33.2885
21.2871
11.7129
27.5727
34.0478
16.4065
14.8450
15.0178
18.8307
26.4005
20.3153
29.8757
24.9832
30.1514
25.9596
30.5398
22.6731
22.2181
30.6974
37.3958
25.1098
39.9237
21.4973
23.8975
26.3753
5.7927
31.6260
49.4162
25.3534
34.3520
15.6775
15.2833
15.2576
26.8508
20.6164
29.0319
18.2107
8.7217
16.6560
66.8232
19.5631
27.6332
29.2912
21.7070
12.6773
37.1320
15.9904
36.7423
27.8260
26.2065
11.2042
28.3068
28.2678
28.7343
29.3228
37.6292
32.6897
23.4893
26.9426
17.0550
18.4426
27.8071
21.2080
21.8694
22.3079
40.9182
28.3251
27.3200
-0.4301
7.1647
23.8828
43.8280
27.1766
18.8599
27.6168
6.1583
16.2168
34.1151
4.3173
22.9225
26.3451
28.8265
16.9645
14.0769
26.1168
29.2921
16.7003
30.1984
26.0654
29.0292
34.4669
31.6375
9.5077
18.6273
12.2289
13.9734
22.7203
28.5586
34.6010
37.2727
25.7929
35.1282
13.1769
28.7866
20.8042
28.9620
9.2367
34.3811
32.7469
33.8008
20.8959
23.9145
18.7172
43.7870
29.7262
13.7546
27.1565
29.5364
22.5675
23.9255
36.0402
22.5670
34.2165
17.7596
30.3178
30.0334
31.1222
28.3006
30.1476
38.8316
40.2059
21.4853
27.2543
26.6231
23.7063
18.7042
45.5579
32.2479
21.1530
28.4644
34.4837
38.2609
38.0627
26.4872
24.8827
15.5329
19.8534
15.4539
10.2748
24.4698
21.7345
13.1892
34.0618
25.7017
19.2288
19.5638
39.3055
21.6840
23.3679
16.7549
12.6224
28.0751
29.3094
39.3326
33.3292
25.7224
26.3655
18.5699
21.2984
50.4464
21.4501
33.6078
30.8202
30.6870
26.2973
23.0421
19.4300
17.9556
27.5178
22.1869
22.1786
39.5059
36.1825
26.5167
21.0905
17.8619
18.8664
26.5541
46.3086
31.8775
20.8585
29.5940
20.3342
28.2298
8.6943
28.7711
31.8361
13.4247
11.0791
42.9542
27.5759
18.7368
17.2062
22.6446
34.7271
28.4791
24.6345
25.4387
39.2606
2.4935
22.5351
27.8734
41.0445
12.2863
33.2882
14.8579
25.4618
24.2501
22.3737
19.0838
12.5710
13.6989
17.4451
2.8739
19.8692
36.1991
30.8266
31.2456
31.7317
21.5250
20.2089
27.8329
16.7733
24.7661
36.1754
43.7387
3.9722
40.9435
27.9424
20.5205
34.7802
28.6812
35.8096
16.8062
15.8447
40.4570
16.7734
25.3766
27.2672
17.6221
22.3742
24.2205
18.3843
47.8390
27.2623
13.9123
19.8703
26.7381
20.8291
27.5275
18.9717
30.6911
27.0259
31.7062
16.9339
37.4831
42.0430
16.4728
21.4516
27.7370
15.5950
18.1746
32.0260
23.2678
21.9715
29.4724
16.9161
23.8468
10.1039
45.5197
18.3934
35.4618
30.2487
15.0173
13.1558
24.1480
30.2129
40.9343
26.9533
19.6610
4.3916
28.1875
24.2790
18.2864
22.0316
18.1757
17.3417
32.6225
6.7093
22.1738
31.2149
17.6258
39.0920
33.3886
18.7636
22.6087
30.6288
25.5766
26.5077
25.4376
24.7923
19.2385
22.2416
43.4448
30.7669
4.1421
20.7577
36.5424
24.8994
12.2399
37.9758
46.8450
17.2298
25.3362
43.1470
15.0173
3.8409
23.2045
12.7025
2.0287
25.2457
51.3079
18.3052
18.1609
16.4330
36.3918
29.0510
22.0940
33.0304
18.3179
21.8238
3.9471
22.6032
8.8109
32.1221
36.7272
26.3923
30.7368
13.8417
14.5305
23.4236
0.5814
7.3501
21.9958
23.0241
53.5926
34.0927
23.2138
57.4767
30.8366
39.5728
34.2819
33.0904
29.6169
27.7865
21.8098
16.8413
42.2317
16.7993
26.4088
38.6502
18.4730
20.2069
18.6438
5.2890
23.9670
7.1348
21.4182
2.5279
6.4143
41.2876
20.0815
10.5778
12.8265
40.2700
22.6444
25.5350
28.6897
19.4917
6.8117
25.0830
27.2949
24.6602
25.7853
26.8194
26.9576
21.0704
30.9144
10.7557
19.2812
23.7048
21.2809
26.1702
27.9514
14.8922
19.8701
11.7194
24.2572
26.1946
24.2784
18.9697
15.7787
24.6209
24.2175
20.2814
35.1288
23.4114
19.5347
24.5659
20.7096
8.6824
42.0817
18.7964
14.4479
15.4475
25.1713
28.9223
30.3317
35.4536
12.7566
14.4621
12.1465
28.8621
29.4003
28.8192
18.6656
12.7731
54.6011
10.3284
22.3250
33.1495
14.6688
22.5452
31.8483
7.2652
13.1619
16.5650
28.5817
26.1694
24.2155
33.7240
20.2441
30.5444
34.6153
34.0117
37.2667
17.0281
24.5862
21.6371
19.9287
24.7775
44.1259
21.0951
13.7525
18.7762
17.2149
38.8152
-2.4523
39.2687
31.0022
10.3560
25.1588
24.6856
50.2355
26.2766
29.5151
28.6277
39.0553
39.7649
30.6347
23.7150
34.8358
33.2403
32.7329
13.5342
15.7042
28.0802
36.5096
27.2311
33.0805
21.3070
19.1537
57.1408
16.0644
13.6555
23.5329
38.9519
24.3407
48.1010
30.7043
29.5588
25.8997
21.8534
17.2909
28.8852
17.4273
34.7365
33.2683
26.9316
20.4618
22.8304
17.6595
21.2857
33.7444
34.9782
44.8204
36.0838
23.2252
55.3741
12.6635
36.1118
24.1064
17.0778
18.7999
25.7446
20.6934
32.3717
36.4738
12.9126
30.1105
36.1235
52.0866
19.7086
16.7916
31.4463
17.5613
8.4497
20.7691
21.9462
29.6559
11.2818
9.1307
11.3490
42.4635
24.8753
22.7783
33.9795
17.2765
7.6621
30.9312
27.0997
16.2533
34.7628
34.6416
42.1549
18.1413
30.8338
27.7147
44.1665
36.1930
18.4104
36.9278
15.1946
28.2912
0.2355
31.6736
30.7018
26.7648
15.4520
37.8061
20.3675
19.0822
27.6126
50.8173
23.2395
9.9128
23.2310
21.6871
19.7649
29.1655
14.0988
15.2575
36.8282
16.6977
33.4826
24.0254
32.3818
6.3460
12.7934
17.4168
23.7395
16.7319
25.6480
29.2711
22.9642
15.2693
34.2852
13.8645
38.5081
23.4248
5.4194
7.3702
60.2191
27.6385
34.9541
20.7684
20.4157
25.0787
11.6463
29.7760
22.7693
15.8190
12.8102
24.7429
19.4678
6.7289
30.8743
41.6790
32.2590
46.1666
8.3278
23.9930
18.6865
51.5975
23.9224
30.5217
36.2679
28.7543
13.1058
21.5567
31.7702
13.2413
16.2244
21.2384
21.4894
27.5893
20.8216
23.1355
28.3351
-3.2730
38.8658
32.5175
-6.4790
7.0575
10.5965
33.2538
20.8506
28.5537
18.8174
47.8759
15.5141
26.6673
25.5199
32.9473
23.2415
31.1655
21.6719
25.1815
22.6616
22.2180
16.8798
41.7210
19.9491
29.7990
24.2869
34.7982
23.7720
21.9968
18.3315
26.8382
43.8320
12.9340
-11.0281
20.9318
25.2156
30.6889
26.4297
27.8618
27.3955
30.9066
42.1809
22.4654
22.3757
23.9229
30.3860
13.0573
33.5728
17.0919
1.2538
8.5236
15.7815
31.0523
20.9855
1.0580
39.6546
31.8745
12.7680
14.7779
19.3009
23.2307
33.0932
21.7336
22.4525
50.3260
32.6201
12.8459
21.5547
19.3000
27.7865
12.8690
23.5844
18.5095
13.2355
43.2853
40.8699
18.4072
26.8200
19.0307
15.6162
44.2619
22.6487
27.0646
18.4632
17.6917
28.1062
22.2010
41.2463
12.6029
17.0126
13.0703
22.7036
35.6972
18.2024
28.5149
22.2431
13.4825
27.9255
4.9065
42.6545
25.3502
15.8095
25.6524
29.8866
35.8597
31.7710
33.7358
17.7638
39.7108
45.6530
22.1746
14.2089
23.0340
26.1303
12.7619
25.8674
31.0993
-1.0384
13.3760
15.1986
27.2331
19.2406
32.6967
2.8958
18.5882
31.2636
28.5834
17.3397
12.1692
23.3507
26.0368
24.6242
-4.2441
10.0805
16.7216
38.3341
18.4997
12.3696
62.4825
18.2069
16.5756
17.9971
10.6382
27.8274
17.6839
52.6091
32.3539
30.6399
36.3327
26.1547
26.8615
14.7263
13.3493
34.4883
12.5437
20.1119
19.4875
41.9718
17.0971
22.8710
28.8006
67.5904
31.7034
26.2548
40.4403
38.0340
21.8250
9.4242
34.8919
22.0582
21.9174
36.6989
24.6458
18.5590
19.0492
41.1200
20.2633
26.0867
40.5421
40.8384
10.9199
35.7891
7.5885
41.4925
20.1126
11.2778
17.8037
18.9652
18.6798
18.5568
13.9503
23.5756
35.1402
27.7479
28.1123
16.1138
25.6533
19.8365
38.7489
56.0111
20.8425
0.5629
34.8356
27.8350
13.6804
-2.2943
28.3719
11.5522
5.9476
23.2352
52.7403
22.9276
40.7566
10.1627
34.4340
32.7266
21.3266
27.3857
30.4407
29.7970
15.5672
21.4748
20.8654
14.0088
11.4533
32.5804
10.8904
80.2413
13.5164
15.7226
48.0266
51.8945
22.3970
18.1875
34.1309
41.1846
34.7367
7.9355
16.2802
49.8362
19.0265
26.6715
28.7433
50.5454
21.4768
19.7591
13.9910
27.0103
27.6891
31.3291
14.7367
24.0678
40.8277
23.6927
6.8631
27.2366
17.0666
29.7958
27.4392
25.0473
31.9741
20.8132
27.4671
31.8134
26.7980
26.0362
24.8436
14.7735
7.6853
9.5197
8.8804
17.9343
19.4390
16.2338
0.9878
29.9661
14.3215
18.6253
34.3760
11.8391
13.0192
23.1222
25.4914
34.5047
27.3221
25.2482
15.5566
22.7420
32.0785
18.1691
19.0001
23.1431
32.4474
12.6588
30.6694
14.2812
33.0163
11.1648
43.5432
24.4312
38.6997
25.9506
24.1465
16.4844
30.2948
18.0444
15.5925
18.5907
12.0576
7.6824
13.4566
19.0114
29.8099
31.5568
29.5931
28.8977
21.5479
26.9107
22.2270
18.1555
29.5526
2.7445
30.5052
10.8806
33.5177
45.6656
22.9985
17.8624
86.9604
19.2949
11.3075
24.0456
21.0535
83.0484
18.8240
15.0336
22.0850
26.1054
55.4951
20.6383
22.5189
18.6235
31.9290
20.2798
19.1237
41.8447
26.7305
36.8763
16.0834
5.5904
0.8752
33.3192
90.4350
9.8850
26.0203
-4.5822
54.8152
35.8256
28.2393
20.5396
19.1020
14.8114
13.0042
25.6446
29.7023
22.6618
5.4456
35.5364
31.4941
26.0699
16.3228
22.3382
8.7242
22.6491
25.5443
59.8827
21.2892
21.9232
27.8722
10.1876
13.4487
19.1367
21.3075
24.1099
45.6027
19.0001
29.9139
12.7441
23.6639
42.9566
16.2293
25.4582
25.8810
27.0619
33.6926
35.3088
7.7177
12.3838
16.9066
13.3413
20.1372
14.7636
14.7822
23.9989
50.6759
20.5615
34.7840
25.1391
29.1698
38.7883
16.4777
31.8613
13.9550
28.5817
19.3748
40.8149
9.0778
32.1771
13.7181
18.9484
39.5278
17.9527
17.2792
21.2061
21.9611
24.2822
16.0778
20.0483
21.9016
37.8865
12.1894
20.9143
21.1491
51.0216
25.6144
26.7106
30.6406
26.0672
28.3303
37.4281
19.5349
46.2980
25.5512
9.6156
30.4739
34.5992
40.8042
34.1041
31.9713
32.5468
11.3707
36.9283
23.9746
35.5488
51.8171
25.5752
50.5067
26.5425
35.7248
16.7911
29.9276
19.5262
34.7401
25.1247
21.3811
39.9379
15.0800
27.5052
44.2669
42.9501
27.9958
42.2846
13.4044
23.6107
30.0809
12.6865
22.5356
29.8517
22.2027
40.7312
21.5607
6.2579
38.6184
39.2087
22.7887
16.2314
16.4667
25.6073
13.2761
33.0899
20.0640
18.4189
24.3182
36.4782
39.2245
27.5889
16.5037
17.7831
22.7035
31.0387
50.7365
12.6632
20.5707
22.5477
22.8324
24.5903
24.9536
18.6496
25.4455
55.2720
42.3933
29.7517
17.4643
16.7391
29.1479
19.0670
15.2368
30.1867
19.8015
25.6357
20.1259
32.6390
10.9454
38.8471
26.5066
17.0966
22.5094
15.0596
17.0957
20.4592
21.2686
16.1890
33.2883
23.7213
40.0187
11.5545
20.9458
38.0502
20.5806
27.6219
28.3037
20.7741
10.6558
21.0824
27.6777
31.8438
32.7148
15.2515
19.1488
31.9302
35.3219
36.3126
20.7950
26.7136
27.5585
21.8683
25.7600
19.0886
16.6517
25.2698
-1.5678
30.4158
40.7378
25.7641
14.8636
19.7952
46.7452
12.0035
23.3711
29.5463
15.9137
25.9797
5.6737
42.5716
6.8664
40.0792
30.6428
7.3454
-0.8368
25.6265
22.7808
11.4419
29.7777
23.8043
26.1614
40.5602
27.6696
19.6444
18.9215
13.1221
29.0089
21.7922
44.9168
22.4471
7.3910
37.8790
11.1553
28.0925
32.5372
17.2382
