-4.4252
-28.0191
-13.6413
-18.3260
-14.2949
-13.2589
-21.5456
-16.1370
-18.9300
1.3421
-12.4681
-18.4966
-18.0424
-3.8149
-1.7934
-26.5481
-20.1285
-20.6104
-24.6419
-20.2973
-9.1343
-20.3900
-26.0888
-19.9093
-17.9657
-14.4391
-11.5517
-25.8931
-24.7792
-27.0295
-13.7054
-14.3715
-13.6926
-13.7794
-12.3919
-25.6701
-22.9177
-21.0935
-13.4974
-10.2024
-1.8710
-26.4917
-16.6732
-15.2581
-4.4463
-7.7307
-31.7329
-11.2063
-30.1212
-2.9701
-22.0512
-21.1144
-15.6459
0.0144
-17.2098
-13.1552
-13.7037
-19.4737
-25.9848
-11.5656
-12.0889
-17.6913
2.2778
-11.2663
-22.2963
-7.7443
-17.5918
-16.4265
-23.9015
-18.7989
-13.9749
-14.6894
-26.5782
-22.9143
-29.7308
-10.8819
-13.2324
-12.9671
-11.6714
-10.3616
-21.5376
-19.7759
-17.8683
-15.8033
-13.8549
-8.4961
-16.8517
-22.4668
-20.6035
-37.5732
-23.4098
-12.8303
-15.2554
-19.4474
-19.1293
24.6770
-15.7962
-12.8167
-19.2312
-25.7289
-17.9020
-29.3641
-19.6498
-5.7912
-27.2205
-14.2543
-26.3994
-17.5060
-14.4173
-10.7913
-12.0128
-26.9692
-19.8758
-9.9791
3.7008
-23.2285
-0.7795
-16.9375
-15.0775
-18.3321
-8.4400
-23.2294
-14.8718
-4.4585
-13.5870
-17.6468
-16.2789
14.5417
-6.6127
-17.3959
-14.6283
-13.2636
-31.0489
-27.7621
-36.4717
-23.4454
-21.0885
-24.3904
6.6101
-13.5312
-6.6585
-18.1663
-17.0923
-22.5537
-17.4366
-11.2800
-3.2062
-20.4688
-17.0770
-20.5380
-21.4405
-13.2071
-24.5838
-16.0104
-11.5711
-18.3289
-18.7148
-18.8623
-3.5254
-20.8325
-10.4219
-23.5068
-15.4644
-9.0586
-19.7992
-19.0083
-33.5559
-24.0339
-28.4262
-19.8798
-30.7283
-13.7329
6.5458
-28.5719
-34.3431
-4.4716
-19.0309
-14.1441
-15.9981
-9.1148
-15.6390
-22.6393
-7.6165
-25.6881
36.0603
-7.4813
-11.7414
-24.4351
-14.2407
-21.5417
-20.8234
-6.0527
-14.6159
2.5309
-23.2022
-21.5187
-33.2491
-20.3566
-21.6042
-11.2200
-1.5091
-14.9108
-17.3136
-20.9603
-20.4899
-26.3305
-13.8360
-20.6847
-9.5549
-20.4564
-20.8884
-0.9491
-11.9077
-9.6150
-24.6096
-16.8717
-22.9868
-8.1086
-5.7233
-11.1571
6.7005
-13.6800
-23.2568
-3.4814
-8.0647
-8.5561
-19.1825
-27.3731
-3.7431
0.5808
-4.5536
-24.6136
-18.9233
-25.7565
-17.6140
-9.0212
-31.1492
26.8749
-11.8657
-19.3930
-20.9162
-21.8703
-6.0342
-24.5324
-16.7421
-6.9266
-8.5071
-18.2934
-20.8828
-6.7542
-14.7252
-12.1986
-13.1058
-14.2495
-23.0906
-22.1817
-17.3174
-6.7125
-12.6992
-17.7917
-21.3098
-12.4156
-9.6981
-20.5545
-14.3467
-22.0590
-25.3261
-11.5317
-13.0385
-28.4407
-26.5389
-18.2885
-21.0517
-2.8111
-11.5496
0.8217
-3.2795
-26.6722
-22.4858
-26.7120
-8.5515
-26.6512
-18.0685
-25.7511
-34.5605
-2.6172
-14.3423
-19.7638
-14.8812
-14.7186
-10.5854
-13.5448
-13.2098
-15.8994
-13.8303
-8.8264
-7.3958
-16.9583
-25.1981
21.5386
-17.3932
-13.7588
-21.2031
-14.1071
-3.4881
-9.4541
-24.8735
-15.5062
-16.0761
-2.9866
-20.1752
-23.2655
-22.0998
-29.8577
-16.5389
-13.7459
-6.7535
-19.7911
-10.2165
-4.1611
-16.0237
-26.8557
-10.1849
-17.9557
-23.7455
-12.7297
-13.2497
1.4179
-13.7418
-25.2827
-13.1298
-3.9480
-28.3736
-23.7282
-14.2988
-22.4502
24.1916
-27.4960
-23.2065
-12.5947
-27.9402
-25.5854
-2.3435
-5.2478
-3.9109
-11.1016
-20.9183
-11.1385
-32.0511
-7.4046
-22.5637
-20.1233
-9.1013
-8.9262
0.1063
-12.4498
-1.6762
-9.2570
-4.0990
-20.8218
1.3273
-21.5442
-22.0766
-27.4419
6.5244
-16.4116
-15.0922
-28.4492
-20.9338
-17.8394
-13.5858
-35.8270
-20.0426
-9.0020
-38.1480
-11.5981
-14.7045
-20.4154
-19.9378
-7.2104
22.8648
-22.6910
-19.9524
-12.3639
-15.6420
-12.6397
-14.1713
-13.3433
-20.3767
33.8290
-11.0803
-17.2339
-16.5571
-19.8359
-13.3447
-25.8164
-4.1942
-12.1539
3.5664
-19.2226
-30.4880
-24.4476
-17.4087
-21.4472
-5.6807
-7.1914
-21.8335
-24.3387
-14.1221
4.8757
-15.1861
-20.0303
-8.7918
-10.4772
1.9325
-14.8037
-30.5397
-8.9983
-15.0640
-24.5185
-21.3283
-1.4694
-17.5378
-11.8065
-15.8217
-24.8125
-4.2477
-5.8061
-20.1254
-16.7450
19.5987
-20.5614
-2.0173
-17.6553
-2.7337
-3.0383
-26.4289
-15.1329
0.7042
25.2633
-15.9315
-17.0583
-17.9482
-15.1273
-14.6002
-4.7284
-13.6583
-23.9386
-30.6776
-2.7473
-16.0161
-6.5102
-18.7387
-21.7586
-16.1051
-10.6796
-20.9810
-30.2962
-5.1450
0.5718
-16.2869
-26.5788
-15.2257
9.7422
4.2863
-11.7304
-27.6185
-34.1977
-23.0550
-12.7039
-20.9533
-17.4093
-13.4553
12.8791
-11.1512
-8.2342
-12.4226
-13.9272
-16.3679
-20.3388
-19.0551
-11.6930
-8.1029
-20.8660
-26.4533
4.9293
-13.7265
-22.0135
-26.8952
-24.5591
-18.4822
-16.1420
-9.6763
-6.7645
-17.4511
-21.8476
-22.2673
-18.5065
-20.8281
-6.0635
-22.4781
-14.5528
7.7095
-20.2252
2.1454
-15.2577
5.7776
-29.0431
-14.6110
-16.1014
-25.9100
-21.1348
-15.2036
-25.7268
-13.7663
-6.9400
-6.0471
-17.6756
-23.9704
-21.4304
-11.9719
-18.3342
-2.0526
-25.5750
-7.9431
-15.6254
-16.4423
-24.8259
-5.6357
-17.3304
-26.2405
2.0197
-23.8626
-22.7214
-16.7564
-25.8053
-14.3226
-21.2678
-17.6915
1.5167
-16.8764
-29.5419
-13.3750
-15.9167
-22.4954
-20.6005
-14.1649
-14.9459
-21.3123
-6.2963
-27.4026
-15.4407
-8.0923
-9.3077
-9.3325
-9.3959
-19.3077
-25.0099
2.1209
-6.1549
-30.8338
-6.9267
-17.2631
-19.9275
-28.1455
-0.7362
-5.0518
15.8929
-11.4557
-21.8983
-9.2218
-23.7088
-21.8289
-12.3338
-26.8393
-1.9256
-17.3021
-12.9709
-1.8883
-16.7904
-9.8001
-7.4974
-30.7862
-14.5159
-12.1791
-16.8884
-17.7624
11.1304
-18.4921
-14.6292
-18.7569
-22.5350
1.4337
-9.3847
-5.4780
-4.8632
-16.3882
-26.4105
-20.0917
-23.3990
-30.5884
-0.1171
-22.3283
-22.6190
-14.2941
-7.3740
-19.5386
-24.6008
-19.6709
-18.2569
-7.8077
-11.7981
-27.6643
-9.6390
-19.5678
1.5401
-19.5657
-10.7937
-7.9823
-3.6548
-24.3467
-14.6665
17.0203
-28.4239
0.7223
-17.4729
0.7963
-13.6039
-4.3822
-8.7842
-14.8916
-19.2438
-2.1833
-31.5939
-14.3397
-19.6352
-18.0082
-11.4949
17.8236
-22.5413
-17.5785
-20.5877
-13.5759
-21.8730
-23.4202
-16.5043
-19.6849
-18.7745
-9.9185
-6.7824
4.5600
-4.0850
-27.2237
-24.7325
-16.2961
-9.6571
-19.4768
-8.9517
-4.4363
-25.5360
-20.2887
-20.5649
-20.2956
-17.9865
-14.9065
-16.4028
-3.3350
-13.2309
-18.0947
-0.7837
-18.6796
-24.6366
-20.3493
-25.7906
-19.5817
-14.9994
-17.5600
-21.3937
-23.3645
-12.6019
-21.3459
-14.3545
-11.1077
-24.9187
12.5918
-22.9150
-19.3184
-29.9532
-11.8509
-10.7457
-19.6204
-9.1082
-12.3862
-15.5625
-15.3183
-21.8411
-24.7090
-20.7434
-12.0913
-7.5670
-18.0456
-10.5614
-19.0978
-10.1891
-25.6578
-18.0536
-21.7717
-15.9772
11.1737
-15.8066
-8.6813
-20.5320
-12.2683
-24.5083
-15.9954
-22.3946
-23.3235
-20.0634
-20.3724
-8.6299
-17.3776
-11.0267
-13.7854
-19.4306
-16.4006
25.2450
-23.8197
-19.5220
-7.3407
9.6117
-7.6695
-7.4972
-25.7776
-17.7016
-17.5395
-21.8878
-14.2373
26.8142
-21.6710
-21.1553
-18.4639
-30.1274
-15.8027
-19.9561
1.0417
-28.7711
-23.4283
5.3342
-15.0319
-17.2362
-15.0213
-17.7325
-11.0511
-16.7984
-18.3859
-5.8771
-15.8269
-26.9306
-6.7870
-9.9671
-3.5454
-6.3094
0.3572
12.7811
-11.7802
3.1304
-13.4578
-32.0017
-18.6008
-17.1074
-20.7307
-7.0892
-12.8783
-12.1676
-21.8391
-19.2317
-17.9293
-16.3761
-25.2643
3.9616
-18.9497
-13.0892
-11.9169
-11.0981
-20.2859
-31.3744
-16.1631
6.3624
-4.4829
-11.0130
-17.9553
-21.9716
-22.6166
-23.6908
-29.4014
-9.3411
-23.1960
-19.8617
-9.1912
-10.3261
-1.9092
-15.9745
-25.5860
-29.1727
-15.2600
-16.0292
-30.3001
-16.4073
-19.6790
-10.2835
-19.3747
7.2533
-18.2975
-15.4534
-5.3749
-12.6728
-9.9067
-8.1157
-1.9867
-10.8295
0.0597
-8.3216
-17.4751
-22.1565
-7.5758
-8.4367
-17.9585
0.0616
-17.7129
-24.0105
5.3476
-13.8828
-27.5905
-17.6106
-11.4926
-24.3446
-6.3190
-22.3733
0.8542
-25.6975
-22.8963
-19.3746
-16.5251
-19.7631
-9.6954
-9.8695
-23.9599
16.9631
8.1012
-24.8219
-8.8217
-24.5648
-15.6926
-12.5344
-19.7232
-10.3136
-18.5152
-20.6081
-17.3621
-19.1285
-4.5393
2.0600
-18.8113
-13.1572
-22.9549
-19.4814
-9.6009
-10.8408
-9.2935
-10.8824
-18.5343
-11.4857
-29.8160
5.1521
1.7134
-19.2453
-18.8242
20.4262
-16.8728
-26.6128
-20.5629
-30.9783
-16.8102
-7.6856
-2.2938
-29.3975
-28.0694
-20.1974
-13.4019
-14.9627
-18.4266
-12.7937
-14.9972
-11.4207
3.5706
-16.6435
-11.5971
6.6869
-14.2519
-24.2661
-17.0235
-21.8636
0.4492
-21.9584
-28.5031
-11.1187
-12.0942
-14.5684
21.0664
4.5072
-12.1523
-15.4775
25.6158
-8.8391
-18.6146
-20.4469
-20.0168
-15.0743
-16.7977
-22.2837
-11.9004
-3.8302
-18.5111
-6.2381
-19.8979
-12.8711
-22.1106
-5.1169
-9.8039
-28.8771
-25.2447
-9.2262
-13.1768
-12.3538
-21.2309
-17.3909
-21.5941
-30.0056
-9.4395
3.4654
-5.3112
-25.2192
-18.5464
-20.5924
-15.7422
-27.9037
-18.0135
-17.8355
-12.7722
-23.3217
-11.2683
-22.2873
-15.2786
-8.2482
-9.6324
-14.7524
-19.7544
-7.6667
-13.3732
-22.5618
-6.4606
-21.5466
-21.0339
-19.3391
-6.2713
-16.9629
-17.8149
-7.1488
-22.0027
-15.7428
-4.2057
-14.3565
-16.5896
-4.9877
-33.6290
-24.2856
-35.1983
-13.5759
-18.7762
-20.6694
-7.1402
-7.9820
5.7299
2.8612
-21.9067
-20.2212
-9.7360
-22.9273
-19.5635
-15.5400
-14.3917
-12.2160
-19.6754
-3.5394
-5.3440
-9.3221
-22.3696
-9.8695
-24.3099
-22.8835
-29.7391
-28.5371
-23.4982
-20.7386
-27.9314
-18.4977
-12.0986
-13.7216
-4.6097
-19.6343
-22.8089
6.1172
-24.7408
-21.5572
-12.3368
-12.7552
-8.7754
-21.0676
-20.3895
-12.4474
-17.6347
-14.8311
-9.1846
-27.0534
-17.5025
-15.7902
-18.0326
-12.1726
-24.5326
-18.3436
-11.6871
-14.6979
-28.4006
-11.0814
-15.7746
-32.1401
-26.1497
-15.6135
-16.9204
-28.2773
-19.1286
-21.9913
-16.5742
-27.1346
-26.5293
-17.8336
-19.6768
-21.7445
-17.3134
-10.0694
-8.4150
-12.7779
-16.9057
-20.7144
-16.2444
0.0279
-23.8574
-12.5032
-12.1661
-14.2668
-17.1701
-13.9073
-23.0849
-18.9866
-22.5949
-21.8504
-18.9197
-20.0151
-2.4400
-13.9393
-10.7387
-18.1712
-22.5521
-15.5363
-19.6288
-19.1152
-12.9723
-18.2414
-24.7852
-13.4770
-13.6452
-4.4976
-16.0271
-18.3150
-24.1179
-21.3089
-18.1902
-16.1127
-14.5431
-11.9433
-17.0721
-16.2778
7.8265
-14.4612
-16.8271
-27.7915
-23.2402
-17.6603
-19.6096
-5.7054
-25.6326
-15.1733
-7.2122
-2.9887
-12.4107
-14.6440
-12.9744
-12.7964
-11.3434
-21.9025
-20.3753
-13.1991
-16.4123
-17.8707
-9.7704
-23.0292
-23.0449
-19.5714
-23.0657
-16.1260
-28.2283
-21.7771
-12.7642
-16.8278
-31.1255
-17.3155
-8.1711
-6.0031
-20.9316
-0.5732
-13.1522
-15.1962
-0.9271
-25.0461
-16.7137
-14.9305
-22.9436
-20.2208
-10.1355
-9.8086
-12.9038
-3.1587
-21.4479
-10.4721
-6.7903
-29.1649
-9.5754
-1.5522
-27.1782
-16.9689
-11.5759
-15.9244
-22.3911
-15.2308
-21.8426
-16.1329
-12.1545
-12.6386
3.5785
-28.0250
-15.5127
-23.2093
-11.3623
-24.8759
-2.3296
-24.6801
-22.6443
-21.6713
-22.9192
8.9738
-16.2224
-7.9347
-23.7272
-20.2386
-13.3042
-18.1122
-6.1962
-28.9545
-17.8173
-20.6223
-24.5532
-16.4879
-24.5364
-17.2674
-8.2421
-19.0077
-15.7998
-19.1306
-10.0500
-15.3458
-18.1713
-14.6413
-0.6634
-13.0900
-16.9774
9.8495
-18.9924
-25.1155
-18.3031
-21.7595
-9.3595
-18.4808
-12.7236
-23.9190
1.1530
-7.3494
0.2307
-19.3758
-14.5931
-15.4814
-11.3172
-12.4959
-18.2866
-6.0906
-22.4706
-9.0084
-15.6337
-19.4017
-29.5230
-4.0401
-24.0543
-17.1720
-23.2295
-12.9943
-23.6875
-14.7901
-8.0385
-15.4401
-22.5578
-16.3555
-17.4499
-16.7481
-9.2382
-15.1016
-27.0602
-18.3256
-6.4822
5.2370
-19.8825
-27.7937
-17.2150
-28.9124
-28.6363
-24.3200
-16.0273
-21.1046
-17.2490
-18.8731
8.3038
-17.5233
-22.4842
-20.8607
-29.6423
-13.6384
-24.9089
-4.1897
-5.6951
-10.9107
-7.5513
-20.9331
-8.2697
-33.5936
-8.5706
-14.3740
-13.2167
-12.0550
-15.1127
-12.3289
-18.5125
-15.0903
-12.8380
-18.8501
-11.6737
-26.8929
-17.3146
5.2432
-30.4854
-17.9630
-21.3567
-13.4207
-15.8108
-6.4589
-28.6855
-26.7623
-13.8338
-6.6386
-13.0984
-19.9876
-25.2448
-9.9275
-19.2138
-8.4085
-21.5674
-18.8731
-11.9130
-23.0848
-12.9334
-13.9565
-18.1445
-0.8859
-14.5885
-20.8230
-13.5498
-23.1609
-20.2421
-23.0961
-5.3803
-15.9183
-13.1183
-11.8386
-19.1640
-12.2582
-14.1038
-6.7877
-19.6131
-8.7731
-16.0491
-22.7755
-22.1845
-7.5614
-14.5909
-21.1577
-35.4450
-18.4520
-13.6002
-14.6274
-22.1309
-23.2602
-18.2494
-18.2524
-19.6135
8.3516
-8.5412
-14.7527
-28.3787
-20.8904
-25.3158
-13.7625
-20.6399
-17.5992
-12.0826
-13.9403
-26.1775
-18.9553
-0.6543
-23.0051
-2.8656
-26.3843
-11.0901
-16.9169
-19.7435
-19.9716
-10.7748
-9.7115
-15.7624
-18.5895
-3.9406
-3.7209
-28.0720
-27.4369
0.1085
-10.6493
-16.7237
-16.9165
-14.9029
-3.1132
-17.4409
-9.9699
-3.7027
0.3563
-20.1064
-0.1800
-26.3772
-1.0515
-26.1522
-23.9960
-17.7266
-24.4559
-8.9988
-22.0791
-0.0289
-22.6565
-2.9114
-19.3504
-13.4573
-31.9799
-9.7035
-10.8178
-21.6708
-15.1038
-15.1240
-18.8448
-17.6949
-6.9059
-27.2158
-12.8602
-17.8736
-14.1140
-6.3826
-17.9553
-17.4614
-24.9557
-23.9550
-17.9386
-21.0058
-25.4259
-15.0836
-19.0236
-24.2554
-16.0031
-20.5201
0.6558
-22.0726
5.0616
1.3103
-11.9391
-14.1574
-17.2500
-25.8010
-20.5205
-18.0364
-24.5259
-14.0906
-21.5902
-3.3534
-9.7039
-12.8635
-14.1238
-21.9292
-12.9708
-21.7299
-11.0183
-21.6594
-15.0142
-21.1637
-13.4958
-23.7475
-20.2327
-14.7455
1.0525
-9.9716
-12.9850
-14.7303
-19.4560
-9.7212
-11.9806
-7.3620
-14.0153
-14.9092
-10.6253
2.8362
-13.5649
-16.9488
-24.6956
-7.4958
-12.1607
-18.8586
-17.5137
-12.0344
-0.1009
-10.9737
-14.6127
-8.3487
-13.5408
-18.0378
-15.8134
-23.0368
-14.8903
5.8750
-19.3112
-32.1229
-25.2734
-25.2693
-20.1812
-6.2819
-18.3006
-22.2606
-25.3647
-20.8286
-18.1729
-0.8798
-23.6805
-0.4178
-12.1599
-15.9961
-12.0419
-22.1868
-23.1501
-18.2499
-5.1493
-7.8229
-17.6509
-0.5408
-8.2738
-11.6044
-18.8427
-9.3756
-15.1715
-19.7661
-22.9205
-3.7331
-13.8715
-13.3527
-9.5843
-15.9253
-22.2128
-9.2460
-19.4225
-9.6172
-10.7855
-2.3819
-10.3747
-30.7140
-6.9585
-23.1394
-19.2148
-8.5500
-26.4766
-16.0667
-17.4192
-17.6599
-8.5532
-23.9738
-18.7226
-21.3446
-16.2787
-23.9522
-2.7310
-1.0301
-20.8781
-5.0622
-17.7419
1.6732
-21.2179
-25.2988
-4.9834
2.0277
-23.6873
-14.3637
-10.8000
-22.3201
-20.7797
-17.2499
-14.7561
-18.8272
-5.5166
-18.9650
-6.1221
-25.3845
-8.9363
6.9252
-11.9552
-16.8215
-14.2455
-8.7338
-29.2913
-15.1555
-23.6237
-19.0495
-12.5258
-15.6541
-13.7826
-21.5374
-24.7405
-28.7384
-17.7718
-17.6009
-10.1160
-10.8173
-19.6544
-15.2676
-25.2619
-19.5060
-9.1814
-27.5969
-16.1787
-16.7915
-31.2446
-20.9814
-21.3083
-5.9635
-4.1321
-12.7794
-10.2096
-8.6140
-17.6594
-15.4762
-16.2477
-24.4176
-2.7960
-23.5326
-19.4009
-14.7998
-15.5829
-29.7421
-0.7976
-17.9736
-12.2732
-1.6054
-23.4280
-5.1032
-25.1016
-17.2948
-33.5311
-25.0867
-14.4004
-25.6746
-35.7978
-5.8794
-13.7653
-6.4292
-3.6220
-13.1625
-29.8405
-13.9156
-15.4844
-5.6295
-20.0935
-17.9749
-26.8473
-22.8996
-15.8102
-20.4879
-9.7969
-10.6110
-13.2161
-2.0913
-17.3668
-26.5481
-20.3350
-22.3960
-13.2573
-4.2004
-18.8353
-1.5276
-16.2145
1.9362
-18.3223
-16.9139
-23.0845
-14.8434
-18.6545
-12.1161
3.5567
-9.4553
-23.4078
-13.5302
-13.0510
-25.0467
-23.8387
-10.3622
-16.8953
3.0480
-14.8154
-6.9960
-28.7129
-12.9544
-7.5516
-29.4977
-22.8645
-13.0481
-17.5514
-15.8315
-14.4562
-30.4215
-19.7325
-18.3450
-27.4436
-18.8889
-10.2420
-25.4191
2.7946
-17.8081
-18.4068
-19.1598
-21.8427
-17.8098
-6.3516
-16.6242
-22.6229
-12.0986
-2.0152
-12.2602
-15.1694
-17.7209
-18.4625
-20.0044
-16.5775
-18.8917
-18.6814
-20.2145
-17.8791
19.2931
-17.1705
-19.0473
-15.3032
-15.3172
-17.3783
-13.8222
-8.0078
-19.8483
-20.2545
-28.5097
-14.9796
-24.9847
-19.2946
-27.7776
-35.9544
-10.9839
-22.4321
-16.8301
9.3799
-27.0812
-16.2656
-20.2400
-14.4061
-19.8023
-20.7479
-24.0303
-13.0735
-8.2411
-27.4160
-13.4350
-11.1812
-6.3352
-0.2632
-5.7108
-0.3329
-10.2076
-22.1712
-18.3038
-17.9827
-24.1200
-22.5477
-8.7614
-13.5652
-22.3399
-22.2408
-14.0469
3.0731
-14.1658
-26.1325
-7.9133
-22.0154
-15.2232
-11.6473
-14.0438
-30.8024
-21.0082
-2.6352
-8.0054
-0.8529
-15.2994
-13.3765
-10.8289
-9.2046
-31.3296
-19.8145
-13.8792
-17.9625
-19.9163
-19.7691
-9.7862
4.3852
0.7400
-25.9049
-1.3482
-15.3443
-13.0694
-14.0862
-23.3322
-23.6454
-19.1389
-35.3340
-28.6207
-14.9434
-29.3126
-18.0148
-19.5630
-11.4967
-8.3003
-19.5681
-4.6168
-20.6859
-7.2626
-15.3136
-4.4618
-30.2182
1.4385
-16.8160
1.0392
-6.1547
1.2404
-18.6117
-15.4868
-23.1399
-25.4221
-25.6049
-19.5085
-6.9310
-19.3996
-11.2173
-16.1591
-12.5869
-14.4271
-18.7963
-21.9532
-4.3438
-3.3123
-18.7872
-12.7963
-19.2506
-17.8733
-6.6529
-19.1039
-22.0114
-17.1838
-10.9140
-12.2910
-20.8652
-13.8461
-13.1107
-3.9671
-19.2054
-9.2924
-21.5107
-0.9795
-7.9322
-16.5053
-0.7081
-15.5266
-15.2083
-21.1536
-9.9372
-9.2486
-19.7245
-22.9478
-5.0468
-28.2936
-16.3694
-10.3805
-8.6925
-16.8753
-26.8333
-18.0082
-5.4837
-25.7971
-5.1037
-10.7885
-9.8800
-5.8524
-16.2097
-7.9177
23.1205
-17.3005
-23.9189
-17.7935
-3.6881
-17.5806
-17.1852
-16.2890
-16.7344
1.0542
-1.8866
-8.5251
-26.5841
-26.9229
-6.0384
-1.8050
-19.7638
-20.4576
-21.4021
-17.0216
-16.0678
-15.4971
-15.5638
-25.9488
-16.2208
-22.8514
-15.4070
-16.6208
-11.8358
-21.6308
-14.4264
-15.5830
-17.4810
-16.5399
-20.0985
-9.9186
-16.4657
-14.1274
-16.3263
-14.1173
-12.5653
-10.7625
-8.4517
-17.7256
-21.7286
16.5115
-17.6958
-24.2693
-23.2949
-16.5200
-6.6139
-18.9828
-4.0970
-18.1468
-29.3427
-24.5088
-17.3976
-13.0917
-13.7735
-22.6213
-24.7965
-19.4057
-19.6709
-21.3203
-17.0367
-10.3158
-15.1675
-14.2644
-21.0627
-24.4727
-24.9165
-24.5382
-23.0858
-1.9440
-5.1600
-14.9388
-20.2126
-7.7487
8.8004
-22.1887
-13.8455
-1.9905
-16.5211
-2.7626
-12.2820
-5.1499
-15.1184
-20.0347
-28.9131
-21.3865
-21.9842
1.4870
-15.5960
-24.7320
-15.1042
-30.3674
15.1152
-23.7581
-9.0131
3.7118
-19.4802
-14.6831
-14.7753
-28.3775
-14.8246
-11.1305
-24.3560
-10.6882
-21.4500
-33.8748
-28.4994
6.9388
-16.8056
-20.7195
-16.3062
-17.0564
-4.3073
-15.7333
0.5568
-26.9953
-16.5695
-10.5061
-24.8388
-23.7770
-14.6370
-10.9229
-5.7755
-22.0744
-20.2417
-16.5345
-21.5820
-18.7955
-13.7197
-20.1245
-27.5383
-9.0755
1.4597
-18.3050
-17.5484
-20.3096
-20.7077
-14.7481
-13.6690
-18.4533
-10.8700
-21.0382
-4.8961
-0.4915
-17.8242
-6.6631
-16.9060
-20.8016
-12.1032
-13.4882
-12.1488
-17.6586
-13.4862
-30.9800
-11.1345
0.3162
-9.0572
-3.8893
-15.4108
-24.4158
-6.8805
-24.5953
-18.8663
-15.0430
-9.4228
-10.1476
-12.6143
-24.3075
-20.0653
-17.7540
-15.2312
-18.0648
-14.6252
-15.8427
-15.8915
-19.3711
-13.6185
-25.1491
-4.8449
-19.1839
-23.8773
-23.0973
-12.5384
-13.3170
16.0270
-16.6324
-14.5713
-19.2247
-18.2923
-23.0123
-6.1088
-5.9874
-14.7836
-21.5825
-11.5361
1.4138
-25.7769
-29.8215
-16.5512
-16.7339
-13.1515
-12.3439
-5.7785
-26.0400
-22.8766
-22.5788
-14.5250
-22.5205
-18.8992
-26.6478
-24.3573
-15.5797
-9.5268
15.4594
-2.3409
-21.8237
-24.7049
-20.6661
-13.5405
-17.0912
-20.3584
-22.0544
-10.4349
-17.3264
-22.1074
16.3432
-20.6324
-6.0590
-15.1082
-6.5560
-25.1704
-20.2565
-22.2490
-16.3118
-13.6884
-20.0502
-17.5958
-16.1255
-23.4532
-13.5674
-29.0415
-19.1272
-19.2687
-15.5760
-14.7933
-17.4147
-28.4400
-12.9721
-3.8666
-23.3886
-17.8637
-20.1268
-15.0007
-28.2553
2.3277
-15.0698
-18.6760
-3.4140
-25.2114
-16.5833
-22.7183
-20.6178
-12.8631
-3.1684
12.8167
-13.4253
-14.3612
-12.5427
-20.0010
-15.8850
-11.9672
-0.1302
-23.6456
-2.5380
-12.6272
-15.4045
-19.7443
-13.3827
-14.8836
-14.6410
-9.6890
-22.7049
-13.7940
-18.8492
-11.5494
-13.0492
-23.7221
-21.2867
-5.6737
-12.9225
-25.2236
-20.4781
-15.2916
-24.7183
-5.7632
-1.6676
-18.6383
-21.7894
-24.4273
-13.7673
-14.3447
-5.6663
9.1697
4.4761
-20.4350
-20.2710
-22.2642
-15.3824
-15.9009
-22.5830
-8.9363
-25.8503
-17.0298
-20.9951
-23.8489
2.3260
-21.3585
-19.7107
6.5342
-23.2843
-15.7507
-20.9723
-20.0253
-9.7820
-25.7726
-18.8352
-16.3202
-18.2199
-14.2767
-26.6868
-15.8539
-7.4245
-20.9339
-16.8449
-16.3651
-4.4726
-20.2762
-19.1689
-27.7301
-16.5274
-14.6886
-24.9230
-18.5586
-18.9065
-12.8994
-9.3823
-11.0621
-15.9667
-7.6122
-17.2731
-12.6128
-32.9182
-21.0844
-14.7833
-13.3542
-22.5348
-20.0536
-3.3954
-9.2219
-15.2468
-3.5299
-11.3401
-12.3834
-15.5765
-14.6397
-15.1425
-6.0706
-22.4802
-25.9321
-10.0244
-17.5016
-14.0956
-11.5593
-25.3262
-9.9499
-13.0167
-16.2509
-17.8363
-10.4935
-18.4174
-8.9738
-15.9396
-23.0053
-17.3354
-12.3066
-15.2996
-24.0450
-21.1940
-21.5581
-17.8131
-23.3520
-20.5448
-7.9607
-22.6310
-24.5489
-13.6386
-25.1860
-23.1325
6.4308
-15.1350
-19.3897
-19.0182
-10.6641
-19.2891
-11.5170
-25.1631
-21.5954
-23.9180
-25.2311
-10.2617
-15.9446
-21.1933
-16.9858
-9.8865
-22.2643
-15.4695
-22.0658
2.5265
-15.2311
-14.0986
-15.8658
-6.9470
-24.0387
-18.3750
-12.0635
-20.6981
-2.7121
-14.8906
-12.2995
-22.5285
-13.3173
-32.7289
-0.1908
-31.1682
-16.4369
-14.1776
-21.9708
10.7148
-17.1174
-19.4647
-12.9971
-24.6285
-24.9079
-18.1113
1.3026
-2.2782
-16.6598
-15.7993
-18.4442
-10.3680
11.1888
-20.3482
-14.7612
-8.8183
-5.1149
-14.3263
-11.3369
0.0068
-5.5404
-9.2753
5.9968
-11.4469
-23.7847
-31.3315
-22.3028
-5.5759
-7.4160
-25.0335
-15.6686
-17.2390
-11.3395
-20.4410
6.3751
-10.7720
-15.9035
-24.2785
-6.8509
-16.8226
-19.6217
-19.8178
-21.7248
-16.0797
-16.1828
-11.1665
-0.7431
-4.3695
-19.8669
-6.6736
-27.0523
-10.7356
-18.0715
-25.4278
-14.3435
-5.2876
-18.2513
-14.8033
-13.2694
-13.4174
-11.0907
-16.7904
-10.6712
-22.7757
-15.8461
-13.3149
-14.6611
-19.3607
-9.0625
0.4174
-22.4062
-7.2109
-1.2423
2.0813
-4.5227
-22.0462
-24.6157
-18.9828
-20.8195
-22.3120
-9.7534
-20.5018
8.4347
-23.4732
-18.2434
-15.2378
-2.2917
-16.2276
-16.0814
-27.2799
-31.9348
-11.8417
-25.9877
-21.2393
-23.7250
-24.2556
-2.7231
-24.8915
-21.0469
8.7429
-21.9144
-10.6373
-28.2589
-20.7588
-16.8153
-24.9352
-5.4828
-22.1005
-15.8845
-23.7547
15.3126
-20.6890
-17.7978
-21.1087
-23.7678
-12.3760
-21.8093
-17.7907
-4.7952
-18.6079
-14.1819
-11.2628
-11.3895
-25.6412
-17.1931
-6.9474
-10.7737
18.3509
-18.5680
-20.0467
-17.2556
-18.4236
-26.3435
-19.2969
-7.9991
-18.9885
-1.5737
-13.3047
10.3576
-23.3786
-22.8060
-12.1097
-16.8767
-11.6871
-20.5657
-27.6313
-17.3970
-24.2802
-11.4286
-11.8724
-13.2957
-22.7932
-15.5226
-9.5531
-13.4569
-12.4310
-7.8542
-14.5765
-20.5277
-11.4545
-14.9457
-9.2345
-8.6073
-5.1493
-4.3370
-24.0373
-12.8586
-6.6911
-6.9482
-17.8441
-21.5675
-20.1588
-23.0011
-17.5502
-17.7061
6.5307
-15.4040
-15.3198
-1.2894
-4.3791
-23.1691
-23.4770
-16.3207
-14.9003
-11.4794
-14.5865
-20.1438
-25.1647
-4.8501
-35.7246
-8.3219
-22.1437
-20.3859
-8.1352
-11.5288
-15.3287
-14.5476
-9.7295
-13.1965
-21.1866
-13.0796
0.8473
-16.6230
-15.3909
-28.0724
-19.3916
-3.3403
-20.4603
-23.4810
3.8040
-21.8485
-6.7566
-15.1030
-23.9477
-16.6679
-15.6780
-8.9490
-15.5407
-13.8806
-19.8399
-25.3527
3.9770
-25.1091
4.8244
-9.8149
-8.7585
-15.2456
-14.0216
-9.3255
-14.4453
-29.6229
-11.4413
-17.2774
-11.5407
-16.5912
-22.9059
-22.6650
-17.7299
-18.0358
-18.7927
-13.1951
-11.8894
-24.2237
-22.1108
-21.9122
-27.2258
-22.0843
-25.8174
-22.8917
-7.6996
-19.0605
-14.6261
-4.7905
-6.2779
-12.9791
-18.5505
-22.0788
-15.1057
-16.0267
-17.0181
-13.4392
-22.0431
-19.4035
-22.5367
-8.5954
-0.5412
-7.7095
-2.7278
-24.2392
-14.0551
-14.2311
-23.1259
-16.7011
-16.3992
-15.9645
-25.9530
-17.2032
-22.3927
-19.9620
-16.3980
-28.7066
-10.4472
-33.8249
-35.0859
-12.0102
-17.7496
-14.9417
-22.8179
-15.7516
-16.0710
-11.9985
-19.4709
-18.6392
-13.1137
-23.2852
-13.8521
-6.8004
-19.8315
-19.3288
-10.9185
-19.2953
-16.9051
-25.2498
-4.2650
-13.9142
-13.8153
-19.7853
-21.3767
-21.1815
-11.8376
-13.0744
4.5245
-13.3185
-13.8019
-17.5746
-18.8108
-13.1320
-16.9170
-14.4036
-14.5204
-7.3911
-16.2137
-17.5726
-11.9119
-18.2017
-22.5698
-13.8218
-10.7479
-8.7456
-35.2093
-15.6909
-27.8723
-22.5381
-17.2555
-20.1322
22.8517
-15.7310
-14.4671
-18.1143
-15.8515
-24.1851
-4.3835
-10.8179
-14.4473
-14.9951
-19.6106
-21.8563
-16.3993
-25.9140
-12.8021
-15.5235
-12.5515
-12.2259
-13.2339
-15.9443
-22.7977
-18.5189
-9.6745
-22.0965
-14.0121
-18.5170
-6.3453
-21.7578
-14.1811
-15.4500
-5.7152
-11.5553
-8.7011
-12.9073
-14.2008
-17.3475
6.0699
-18.6673
-22.2455
-12.9860
-26.8644
-35.3574
3.9858
-31.8069
-30.5568
-6.0057
-14.5816
-11.1501
-9.9233
-19.9335
-34.0186
-23.0361
-6.9861
-22.0151
-18.1471
-14.4318
-18.4137
-31.0216
-14.8433
-16.1605
-18.7699
-22.7559
-0.8374
-17.8510
-11.7078
-21.7598
-18.5710
-24.6639
-18.9955
-26.9663
-9.9987
-6.6204
-7.0610
-21.8443
-12.4393
-15.3239
-24.5312
-14.2346
-20.9533
-5.7482
-20.9840
-22.2431
-23.3910
-12.7608
-27.3694
-25.2320
-19.9753
-30.2005
-35.1855
-20.6396
-16.0848
-21.1511
-29.2886
-19.2069
-16.2033
-6.1262
1.2028
-22.4044
8.2915
-20.4710
-16.1304
-17.3416
-14.2330
-21.7497
-13.0422
-6.0676
-18.5021
-20.3983
-25.4450
-11.0872
-11.6315
-20.2803
-11.9337
-17.2242
-12.6337
4.9720
-18.9067
-20.8684
-24.4158
-21.0338
-11.6024
-12.3827
-18.9183
-20.2681
-9.2637
-21.4251
-16.6899
-17.3674
-26.4795
-7.1723
-26.3144
-18.8418
-22.5371
-21.0943
-27.9845
-1.4330
-17.5000
-8.6783
-12.9675
-21.9608
5.4340
-18.5509
27.7277
-13.8426
-5.2928
-14.6675
-15.4814
-10.3169
-1.2933
-20.3221
-11.9515
-16.9992
-8.1012
-21.2428
-17.2203
-13.0690
-11.0823
-22.8659
-3.7253
-13.5265
-20.7496
-2.3359
-10.3514
-17.6312
-18.9074
-13.7021
-5.8321
-23.5669
-7.4360
-22.9600
-2.5246
-29.6748
-8.6612
-5.9178
-7.5536
-16.4192
-14.5249
-34.8341
-21.2400
-15.1232
-11.1361
-18.4256
-19.5570
-13.0631
-13.8916
-18.5970
-11.4260
-21.5187
-19.0400
-32.6494
-8.3500
-19.0736
-23.3802
-12.9786
-12.0375
-22.3304
-20.8741
-24.0467
-20.0987
-18.2898
-15.8608
-16.6691
-5.0157
-17.1676
-24.3983
-12.0027
-19.9883
-12.2121
-24.8889
-9.9461
-21.3859
-21.4879
-23.5834
-12.9869
-20.9465
-11.2135
-16.4656
-10.4832
-18.0475
-12.3220
-10.7470
-21.2604
-18.7630
-19.4664
-19.3151
-6.8510
-19.2995
-16.8421
-22.5856
-24.7181
2.5187
-8.2840
-8.0852
-28.3384
-6.5098
-18.6305
-18.4217
-19.6998
-20.7571
-14.5842
-18.3382
-13.0063
-21.6363
-11.5000
19.4035
-24.1630
-21.4591
-22.7004
-6.1911
7.1359
-21.7963
-33.4712
12.9785
-25.6664
-21.9961
-28.5399
-16.6489
-1.0896
-20.6275
-19.6450
-23.1131
-19.2154
-22.0096
-28.2635
-19.2682
-3.3202
-18.0302
-13.7207
-7.7387
-19.1363
-22.4497
-6.8044
-12.9077
-19.9980
-19.9825
-14.6827
-11.8571
-17.9131
-9.1834
-13.2183
-18.3360
-13.6033
-19.0653
-21.1258
1.1397
-25.1027
-9.9755
-28.7950
-12.5354
-16.5222
-26.3153
-17.4213
-17.3152
-21.2373
-16.6750
6.5180
-27.8829
-16.7403
-17.1653
-25.5833
-19.3789
-12.5100
-24.5416
-14.8541
-0.4347
-12.7850
-21.1768
-28.6251
10.5809
-22.0751
-2.2672
-23.2183
-23.0036
-15.6296
-8.2367
-21.1250
-21.4611
-10.2101
-14.5626
-3.8612
-10.2848
-18.9064
-20.8890
-7.8090
-8.0221
-2.0527
-14.0977
-22.7893
-27.8791
-18.9535
-21.9798
-32.2464
-14.6635
-12.3653
-30.2242
-18.7148
-22.8249
-16.4565
-20.6502
-11.3108
-2.0349
-16.9117
-18.5082
-23.7216
-9.5194
-10.7175
-2.2054
-32.2018
-19.1431
-22.2542
-1.1296
-20.5621
-9.1672
-6.2215
-11.9143
-14.4097
-17.6947
-10.4966
-16.2885
1.8546
-23.5641
-7.9055
-25.1595
-18.7576
-27.5964
-25.0463
-12.6743
-15.7632
-21.4470
-17.8079
-26.6181
-24.6046
-28.9489
-16.5907
-31.5172
-26.6280
-6.5791
-9.4292
-14.9010
-22.4020
-12.4871
-20.6578
-14.5674
-5.8104
-7.3102
-15.5305
4.7253
-17.5742
-24.3609
-1.6481
-23.8937
-1.9711
-17.1687
-21.6000
-15.2283
-14.8671
-12.4071
-19.3331
-13.9255
-9.7628
-23.3542
-5.7429
-17.4411
-20.6450
-25.1512
-22.4530
-2.1208
-24.3111
-10.8997
-15.7607
-20.1540
-12.4795
-9.8495
-9.0152
-15.2790
-18.4249
-19.0882
-3.8248
-25.9612
-2.3978
-19.5161
-16.8889
-15.8051
-12.8834
-19.5147
-18.8031
-16.7586
-1.5773
-1.5098
-9.0340
-27.5693
-26.8057
-15.1586
-20.1669
-11.5317
-14.0701
-5.0704
4.5149
-16.1067
-14.5722
-11.5216
-13.8521
-27.5436
-10.7119
-10.1698
-4.2755
1.5398
-16.6952
-30.7197
-17.7838
-16.3168
-18.1218
-13.8834
-25.1714
-14.9333
-20.3794
-7.4804
-9.5238
-27.6852
-21.0964
-10.2104
-19.8180
-6.2499
-26.3179
-14.4674
-11.5706
-17.8465
-22.5017
1.2279
-10.0472
-11.0418
-18.7263
-14.2318
-12.3777
-9.7331
-14.6544
-25.5897
-16.8855
-21.0694
-23.9175
-1.5952
-11.2302
-9.9185
-15.2160
-3.5955
-14.0251
-14.5212
-18.5154
-18.3332
-9.7263
-13.1733
-21.4444
-13.8718
-27.0423
15.6990
-19.5423
-15.1371
-25.1281
-35.1357
-22.4457
-28.4330
-20.0794
-0.3137
-14.4050
-10.4414
-5.5078
-13.2823
-12.7659
-6.8883
-23.4916
-1.9096
-14.4261
-29.3649
-17.2303
-5.3426
-12.4929
-4.2907
-17.1035
-16.7449
-15.8183
-9.9894
-21.1655
-12.2013
-26.4211
-15.9344
-8.5657
-12.1673
8.8358
-15.7832
-13.7731
-14.5564
-24.4436
-18.3473
-9.0461
-15.5270
-13.6611
-7.6001
-3.2613
-25.9873
-25.4540
-5.9327
-11.6636
-25.7229
-23.0377
-24.4446
-28.2503
-24.0328
-18.5341
-21.6790
-17.0257
-15.1467
-10.8352
-24.4475
-12.1696
-31.6094
-12.4479
-27.6914
-15.8410
-21.9083
-10.5471
-1.4592
-18.9344
-20.0557
-16.2496
-20.7743
-5.4388
-31.4141
-18.6839
-21.6748
-12.9593
11.3239
-15.4375
-13.2492
-1.8201
-17.3505
-7.5617
-20.9005
-30.0015
-18.6523
-13.7013
-7.0455
-9.9940
-20.7813
-13.5680
-23.4009
-19.4204
-15.0762
-23.9759
-20.5424
-21.8434
-14.5831
0.5005
-11.2350
-18.3798
-12.1009
-15.9311
-13.9207
-17.5974
-18.1366
-14.7353
-16.3813
-12.1944
-18.0390
13.0530
-20.9529
-26.7276
-16.9316
-24.8254
16.0413
-26.6868
-0.9767
-1.9347
-16.2568
-6.3042
-11.3137
-8.2987
-16.4067
-13.5011
-13.8496
-19.7470
-14.2762
-19.7981
-25.0596
-15.7175
-8.7026
-15.6592
-6.5898
-27.1118
-12.0329
-6.8924
-21.9629
-29.7668
-22.6650
-4.7551
-27.1633
-11.2008
-8.0626
-23.1282
-12.4176
1.0435
-23.2989
-4.5624
-13.3063
-25.9389
-17.5694
-12.6297
-20.0090
-7.1755
-27.7687
20.5383
-21.9951
-25.6106
-38.7276
-21.6370
-19.4483
-24.1971
-14.4328
-26.6381
-10.7197
-21.1488
-20.9843
-10.3476
-23.7694
-6.5955
-20.7990
7.3495
-11.6142
-3.9781
-18.2951
-12.9299
-18.3257
-11.7727
-8.6655
-23.5617
-13.3341
-5.1253
-12.2837
-17.7739
-18.4889
1.1685
-20.5459
-3.1461
-1.8139
-20.4347
-23.8545
-13.8645
-25.0249
-20.9946
-25.7076
-21.7158
-19.0427
-11.2858
-16.5345
-24.7372
-20.2357
-21.1297
-13.6930
-14.9322
-16.2183
-30.1485
17.4775
-10.5787
5.2706
-2.9079
-6.2831
-22.6107
-13.1052
6.6532
-13.7919
-25.4117
-16.9953
-19.6932
-16.7716
-16.9632
-8.7173
-21.8288
-11.5234
-20.0146
-28.4870
-0.6141
-18.1779
-16.2846
-24.9291
-16.1339
-13.5683
-15.4783
-22.2511
-24.4075
-27.9284
-4.1768
-20.7227
-13.8470
-4.5362
-27.0014
-20.6855
8.6646
-10.9138
-5.9274
-23.8730
-3.6817
-13.0108
-17.2839
-17.2103
-16.4097
-16.2905
-21.7193
-21.1874
-19.7714
-16.3938
-16.7387
-21.8644
-23.9826
-18.7505
-17.7547
-17.7753
-16.1063
-22.6716
-22.6988
-12.0484
-4.5911
-13.0134
-17.2041
-20.4820
-15.5146
-18.1309
-16.0626
-5.3689
-17.9190
-11.1156
-12.8510
-12.3420
-13.2195
-25.4597
-8.3747
-20.0594
-11.7429
-7.5805
-13.3154
-14.2290
-21.1257
-20.1941
-21.7274
-21.7531
-13.2408
-14.2329
-10.5190
-21.0315
-20.0230
-7.0393
-7.1496
-19.5244
-13.4294
-18.7684
-6.2004
-17.5019
7.5636
-24.0897
-23.4732
-21.0695
-15.2635
-27.9411
-23.8656
-14.0975
-14.3277
-24.4071
-17.2233
-8.3778
-0.4373
3.0249
-27.4194
-20.7334
-17.1898
-26.3651
-20.3454
-16.3652
-9.5311
2.7750
-17.0832
-21.7192
-20.9210
-13.0099
-18.5753
-20.5689
-11.5924
-11.4451
-11.2986
-17.8082
-17.4298
-17.7834
-25.4749
7.1204
-29.9160
-9.5246
-22.8140
-16.4618
-22.2124
-21.1208
-15.2277
-22.5231
-17.8581
13.0083
-14.4229
-16.6441
-19.4694
-9.8185
16.1545
-16.3872
-22.8123
-7.6581
-30.2269
-14.9920
-18.5561
-12.1686
-20.5313
-20.3179
-11.0565
-11.1860
-23.8176
-16.4593
-18.3001
-24.8296
-22.0313
-11.6035
-9.7919
-1.1469
-20.2931
-21.4989
-16.6238
5.7383
-12.0673
-28.3420
-24.0066
-22.8488
-26.1608
-21.2601
-23.0925
-22.6714
-19.1373
-3.8946
-28.4616
-19.8214
-15.5468
-13.8868
-31.7968
17.0188
-5.1778
-20.0923
1.4694
-5.3946
-17.6826
-23.0326
-11.9491
-24.4882
-11.0375
-0.5136
-7.4897
-12.3016
-4.3155
-14.7515
-26.5675
-24.1053
-20.2976
-23.2330
13.1105
-19.8931
-23.4162
-23.8065
-13.3071
-24.8525
-25.7478
-16.5063
-27.1192
-3.9966
20.2900
-23.1084
-6.6265
-25.0138
-13.7002
-26.3160
-11.8088
-18.1837
-20.1753
-19.3755
-24.8759
-17.8507
-21.8408
8.1604
-28.4630
-12.2933
-15.0815
-22.3505
-9.4484
-27.9121
-7.3694
-13.4803
-19.6633
-15.9831
-21.6851
-25.2641
-13.7779
-21.3658
10.3228
-25.3612
-26.5136
-19.4151
-19.7656
-24.7403
-16.2213
-29.3495
-3.7911
-13.8058
-17.3649
-26.8097
-13.2777
0.6724
-1.8255
-16.6025
-23.6597
-18.7271
-19.2026
-16.7296
-16.0517
-23.5671
-31.7785
-14.6696
-9.3270
-19.8800
-23.7514
-13.3781
10.9642
-2.6176
-14.7685
-19.8542
-16.4917
-27.7002
-13.9519
-27.8067
-32.7132
-19.7801
-23.2446
-24.7474
-14.8700
-20.0672
-15.7689
-15.6832
-9.4068
-18.5723
-5.8560
-5.5549
-21.4902
-20.9209
-12.6111
-21.2752
-2.8273
-29.3761
-18.3696
-19.2091
-11.2624
-15.0630
-4.5771
-29.1970
-13.8830
-15.9530
-2.5884
-15.3029
-15.5596
-21.0243
-18.2292
-6.6659
-16.0571
-30.1564
-10.9584
-9.6035
3.6674
-9.2927
-8.5707
-23.5493
-22.6681
-16.9860
-29.7667
-13.2730
-17.1778
-23.5053
-17.7935
-28.3077
-6.2771
-11.6535
-14.9497
-9.4473
-22.6577
-14.2267
-17.9707
-19.0764
-27.4174
6.0252
-27.9706
-23.0635
2.9487
-21.0610
-4.9887
-24.2399
-26.3437
-26.5689
-18.2348
-15.6851
-5.2992
-21.2362
-11.0065
-25.4005
-1.6551
-26.2414
21.2964
-24.1055
-18.7990
-13.2417
-10.5503
-9.3370
-21.9830
-11.8739
-15.5160
-18.5598
-31.0035
-3.9053
-23.3880
-1.9500
-8.5540
-27.2090
-16.1120
-24.0183
-18.4817
-25.1307
-13.1423
-21.9451
5.5594
-17.2668
-14.1548
-19.9278
-22.6804
-24.8489
-8.1768
-22.6271
-15.7573
-21.5102
-6.4004
-22.8658
-3.7880
-6.7962
-2.8743
-15.9915
-17.2505
-26.0600
-7.3689
-3.2644
-5.8821
-29.6447
-20.8114
-13.4815
-28.2380
-14.1111
-20.0248
-13.2781
1.3930
-23.7287
12.9060
-24.7149
-2.5725
-15.8937
-25.1203
-28.0991
-10.3782
-10.8970
-24.2227
-25.5883
-25.2985
25.7098
-23.0491
-24.6522
-8.0377
-22.9772
-19.8798
-12.1108
-9.2452
-6.6287
-14.5983
-5.0680
-21.1004
-14.5877
-12.6428
-19.9316
-31.9474
-16.9970
-23.2375
-16.5747
-15.8394
-22.9782
-15.6004
-19.9399
-21.6611
-15.5471
-16.0563
-10.9784
-20.3087
-13.6342
-8.1565
-13.1176
-18.3573
-20.1796
23.3653
-24.7667
-18.7034
-22.0663
-21.8917
-6.3166
-21.3961
-3.7981
-21.7905
-22.6926
-13.3752
-18.7803
-3.9002
-12.4692
-6.3375
-15.0226
-26.0451
-17.0278
-14.0105
-24.4527
11.7259
-19.4989
-24.8332
-14.7462
-4.5395
-12.7902
-12.3397
-18.3942
-16.3041
-19.6448
-18.5917
-23.7620
-15.9340
-19.0266
1.0124
-5.5577
-25.3821
-18.3572
-18.0565
-19.7902
-26.1771
-12.3415
-21.3859
2.9494
-7.9788
-24.9500
-22.8069
-19.3982
-12.9426
-18.7109
12.6094
-21.4722
-23.3392
-9.5979
-29.5062
-9.8258
-22.2006
-11.0627
-12.7717
-10.3815
-0.9507
-15.1000
-11.3821
-20.5716
-18.1652
-20.1357
-22.5498
-23.0417
-11.4644
-9.3054
-16.6525
-5.1615
-8.8335
-18.9257
-18.5929
-16.8608
-21.5655
-25.6237
-10.1967
-18.9961
-21.8227
-20.9030
-21.8958
-19.1804
-21.7931
-22.0338
-14.0111
12.7779
-15.7214
-17.7427
-16.0616
-16.1074
-7.2480
-19.6102
9.5581
-16.6006
-13.6125
-16.5270
-19.8391
-11.9250
-5.7260
-25.8793
-28.5577
-13.3462
-23.0956
25.8428
-9.4662
-15.9511
-14.1831
-13.3890
-21.0720
-17.3750
-25.0897
-18.3517
-10.0237
-23.9302
-20.6584
-35.8598
-25.0633
-21.6136
-27.7633
-11.6301
-18.6800
-10.3273
-3.9361
-3.6540
-16.3071
-21.8729
-14.9163
-6.1621
-12.3426
-4.3682
-32.2946
-17.0644
-9.5842
-8.1228
-6.5722
-22.9725
-20.4725
-18.1841
-20.3461
-1.7036
-16.1268
38.4716
-18.8192
-17.3952
-14.3406
-13.8930
-18.0885
-3.2867
-13.0812
-17.0038
-20.4111
-15.7471
-14.9125
-13.3008
-17.7812
-22.0045
-12.8419
-12.2545
-13.6401
1.1313
-22.1676
-31.0089
-19.9391
-20.7341
-13.4711
-26.0602
-6.6676
-8.7928
-37.4076
-18.6235
-20.0595
-12.0224
-22.9604
-26.9017
-0.7825
-10.1993
-15.5529
-25.7022
-22.9216
-1.1230
-15.5206
-6.2273
-9.5958
-4.4624
-19.7152
-21.7818
-18.6267
-3.2505
-13.8100
-21.9320
-16.2661
-11.2178
-15.6931
-15.6698
-12.3389
-15.1164
-9.8691
-21.6861
-1.1298
-20.6294
-17.5660
-26.6530
-26.1807
-19.2647
-13.3261
-24.6998
-24.7047
-13.4832
-19.5713
-12.8467
-8.8882
-18.2713
-31.3812
-14.0672
0.4146
-29.1269
-24.4701
-20.9659
-16.8290
-10.5248
-7.8599
-21.5710
-25.5804
-16.7135
3.3480
-18.2546
-14.9630
-21.6617
-10.7005
-19.0000
-19.8492
-11.3502
-31.3927
-13.8590
-27.2332
-23.1333
-19.5141
-5.8203
-15.5345
-8.7160
-15.9439
-11.5264
-8.4463
-0.1436
-24.5847
-24.0128
-17.7859
-19.6013
-17.0595
-17.4533
17.5962
-17.5865
-14.0107
-28.0846
-5.3470
-22.1324
-13.6800
-29.3747
-9.5285
-14.6420
-19.5482
-16.6059
6.4623
-16.0694
-22.4305
-26.2136
-17.0611
-30.1582
-23.0711
-17.2323
-27.0034
-19.4425
-17.4805
-17.8271
-24.1328
-16.2665
-15.8630
-24.4059
-16.6362
-38.8534
-21.9011
-15.1454
-17.1187
-3.4819
-1.9138
-20.9242
-15.3978
-11.6856
-20.1256
-16.5285
-23.2055
-26.5014
-18.1858
-21.6266
-7.7988
-2.7406
-7.4683
-12.5244
-20.2985
-15.7792
-16.6950
-25.2409
34.9806
-17.9069
-8.8648
-26.8064
-20.5374
6.3454
-28.1618
-14.1522
-17.4078
-14.8058
-23.2452
-25.7273
-11.7314
-11.2754
-20.4847
3.9620
-25.6705
-15.2783
-22.5768
-18.1022
-4.4702
-16.4283
-19.7108
-15.4793
-19.8623
-18.3699
-20.7188
-14.2939
-19.1524
-19.7940
-14.7649
-30.2532
-20.0998
22.7716
-26.2606
-13.1119
-21.0685
-23.0202
-2.7733
-26.2977
2.4335
-0.3856
-9.0593
-21.6461
-4.6331
-11.8367
-17.3676
-20.7209
-5.0870
-27.1208
-14.4362
-11.5541
-19.2483
-19.0584
-19.3387
-23.5838
-8.3534
-22.6719
-20.0356
-24.1914
-14.1726
-13.0789
-4.2753
-21.8591
-21.6432
7.6525
-12.0305
-19.5935
-28.1800
-20.8631
-16.3229
-20.7677
-23.2886
-5.7264
-12.6983
-16.4985
-19.7876
-21.6742
-16.0042
-19.1783
-19.4676
-6.0476
-9.0233
-13.5094
-23.4978
-25.0277
-19.5045
-1.1120
-19.7557
-13.2908
-12.8438
-16.9781
9.5018
-22.7167
-18.8457
-18.5862
-31.0331
-12.3989
-9.4041
-19.9855
-13.9579
-23.7414
29.4968
-5.2915
-24.2266
-22.1317
-25.4239
-20.3133
-25.7216
-18.3729
-19.5161
-11.9570
-18.2501
-10.1267
-21.9114
-14.2457
-10.5707
-21.1220
-22.3183
-2.7664
-12.0742
-12.8212
-16.1080
-1.0730
-22.1792
-28.9116
-25.3983
-21.6423
-17.5110
-20.7000
-16.3741
-7.8649
-24.6188
-7.0875
1.7051
-7.6566
-19.2275
-8.9454
-22.3215
-26.2800
-17.5480
-15.8518
0.9698
-17.5249
-25.5669
-19.1570
-15.1148
-16.3865
0.1107
-12.5830
-10.2332
-21.9803
-11.1516
-12.7250
-15.3086
-20.3923
-6.5589
-17.9305
-8.2959
-18.2342
-12.1618
-21.9131
-17.9876
-13.8114
-7.8352
-21.7033
-19.6145
-8.3890
-19.9161
-30.1725
-29.9737
-21.0597
13.6132
-21.2940
-20.2322
-12.8686
-22.8058
-6.8041
-13.3310
-30.5027
-14.2610
-17.4852
-9.3854
-27.4047
-7.7551
-36.7317
-24.9308
-26.5491
5.3525
-1.0058
-26.4155
-23.4933
-6.2761
1.4249
-11.2132
-12.9374
-8.0315
-28.8191
-25.5491
-20.3461
-20.2287
-17.0453
-5.3860
-21.7257
-27.2955
-28.3640
-12.4264
-17.8647
-10.5325
-9.5969
-12.9461
-22.5729
-14.1147
-12.1483
-17.5251
-24.4712
-7.7202
-20.0465
-25.0694
-12.2752
-16.4765
-4.2746
-11.9778
-23.6393
-10.8520
-13.9908
-21.0169
-20.2932
-14.8544
-13.3481
-8.3064
-17.1113
-20.9730
-5.8169
-23.1732
-6.8865
-24.3873
-7.8771
1.6852
-19.6241
-21.0412
-16.9386
1.0900
-16.1654
-15.6844
-18.9278
-25.2874
-28.9002
-22.7460
-11.9512
-11.6718
-10.6002
-17.6914
-13.9785
-8.3130
-22.4971
-12.1592
-16.2995
-12.5027
-22.4690
1.9473
-20.2584
-26.4763
-11.3437
-26.9318
-9.4440
-19.1248
-10.1842
-9.2794
-18.1226
-16.6885
-3.9045
-15.4869
-28.4876
-7.8906
-13.2823
-19.4790
-20.2926
-24.9618
-9.4402
-22.4645
-13.6912
-16.8248
-14.9129
-21.7029
-21.0261
-36.2847
-29.1993
-16.7888
3.4228
-7.8411
-21.2647
-16.0151
-5.5428
-27.7001
5.6563
-20.0234
16.2159
-11.8487
-14.9449
-11.6662
-14.1720
4.4748
-11.1929
-9.8345
14.3137
-25.3115
-25.8224
-21.5663
-12.1000
-5.9041
6.2086
-18.9157
-28.8609
-1.6208
-26.7426
-11.9426
-17.5852
5.0129
-27.2530
-16.2037
-25.5293
-25.6329
-16.0345
-14.8662
-16.7837
-29.2771
-15.1644
-18.3189
-8.3297
-0.3174
-22.0892
-21.1795
-1.8494
-22.5255
-25.1613
-17.4871
-6.9033
30.4858
-17.6324
-21.4846
20.4810
-18.9507
-26.7218
-20.2491
-38.8948
-10.8529
-8.5742
-24.8418
-33.0875
-11.1584
-22.8753
-12.2485
-17.9028
-11.5545
-2.8481
-7.2204
-22.0383
-25.7631
-5.9340
-6.8496
-13.6454
-24.4389
-13.4780
-1.4840
15.8123
-7.7171
-15.0501
-25.9511
-14.7712
-6.5597
8.5490
-15.8293
-12.3542
-10.4619
-14.2178
-12.9526
-14.5159
-16.6660
-6.9600
-10.9276
-10.5651
-9.1233
-24.1625
-14.0486
-29.3467
-10.5779
-14.4410
-26.1046
-23.8792
-26.3005
-9.6957
-7.2628
-0.5139
-24.7768
-15.2763
-8.9655
-17.3867
-11.0080
-13.8812
-10.0325
-13.2842
-19.6684
-17.5685
-10.2823
-14.2941
-18.8950
-18.7956
-11.8249
-23.5991
0.4999
-2.2796
-8.6359
-7.3365
-26.2408
-22.1627
-18.6179
-19.6377
-8.3963
-11.0272
-12.3342
-18.6127
4.5750
-11.6124
-26.1370
-16.9178
-25.7322
-22.4532
-23.3088
-19.8759
-14.9775
-31.0899
-14.9050
-14.5032
-15.0822
36.1110
-3.7197
-7.2606
-26.3821
-17.2819
-19.2020
-23.2906
-17.5853
-21.3387
-26.2651
-12.3086
-14.7298
-20.6671
-18.1524
-2.2972
-8.5978
-20.6198
-20.1498
-25.3679
-19.5515
-16.1648
-17.7393
-5.4925
-17.1265
-12.7966
-15.7941
-18.9438
-5.7545
-24.0926
-17.2603
-21.3191
6.0580
-17.3205
-21.6694
-22.9207
-8.1207
-15.0880
-1.9822
-7.6952
-21.9133
-15.3775
-26.0305
-16.6663
-9.0385
-12.8364
-8.8149
-14.9839
-26.2198
-22.2067
-1.7711
-5.8707
-19.4643
-13.6213
-25.3316
-14.3529
-18.5757
-18.8909
-13.7057
-16.0391
-14.6991
-23.1980
-8.2710
-28.6471
-12.4128
-21.9179
-7.6498
-24.4782
0.5387
-8.9703
-17.9657
-10.3607
-1.2078
-27.2124
-13.4543
-22.0222
-18.5606
-15.5941
-23.0661
3.3566
-22.8439
-12.1368
-20.7412
-26.1514
-10.1913
-16.0531
-24.9165
-16.3337
-13.4687
-10.6457
-7.6039
-17.8505
4.2603
-13.0663
-19.5150
-15.6835
-20.1463
-8.6019
-23.8935
-25.3732
-10.3313
-8.3005
-16.5340
-24.5364
-24.9184
-16.7592
-30.5228
-7.3830
2.0569
-23.2890
-24.2743
-27.0793
-11.6424
-15.3911
1.1999
-8.1197
-3.8592
-22.8250
-17.9699
-21.2515
-11.3205
-6.3042
-20.0923
-4.8081
-12.5013
-17.2362
-27.8674
-17.4364
-14.7051
-21.3151
-22.6380
-17.6950
-8.3853
-14.6397
-16.5824
-9.5423
-10.5219
18.0079
-11.2717
-21.5201
-17.0355
-4.3614
-16.5908
-27.2926
-6.1008
-18.1513
-23.9432
7.2711
-28.9081
-21.8187
-25.5032
-11.4608
-1.0274
-1.6248
-9.3525
-17.2718
-28.2591
-23.2984
-15.1751
-2.2131
-23.5283
-36.7126
-6.6645
-8.1355
-18.7983
-27.8110
-3.9504
-12.9758
-21.9802
-9.9991
-23.5983
-20.3146
-31.9675
-12.2067
-8.5662
7.7137
-10.9653
-13.9536
-22.6801
-19.3364
-4.0650
-13.3846
-18.4649
-28.8650
-11.4053
-17.7940
-22.9529
-7.6931
-19.7223
-15.2482
-28.2472
-23.2884
-19.5843
-28.8361
-19.5953
-22.4824
-8.5172
-5.9277
-19.7632
-12.4655
-25.3494
-19.8605
-6.4022
-15.2488
-17.4396
-13.9101
-13.4584
-2.9298
0.8055
-11.9770
8.5037
-17.1851
8.4442
-19.1811
-19.7091
-22.1474
-31.2586
-28.6767
-8.1502
-0.1079
-25.0799
-18.5851
-15.4136
-32.3721
-22.3146
-16.8639
-11.8464
-18.1092
-18.8676
-14.0668
-14.8063
-14.6473
-20.7610
-15.9771
-18.8752
-16.7401
-21.6752
-15.1457
-20.4212
-17.3991
0.4761
-8.1319
17.2100
-15.2536
-23.4811
-15.7814
-20.6450
-22.0559
-17.9132
-19.7947
-9.0083
-21.9643
-16.7009
-21.1158
-22.0745
-25.9324
-19.8638
-22.8512
-33.2397
-20.6197
-6.7653
-22.7630
-9.8143
-10.7751
-28.9315
-17.1501
-17.1255
-1.8418
-10.1597
-26.9559
-18.0552
-15.6151
-11.3677
-27.9225
-26.3438
-20.6739
-19.1186
-15.3810
-31.5529
-0.8930
-13.8478
-14.8724
-13.6147
-11.2054
-22.4143
-22.0673
-9.9266
-8.8691
-4.8070
-0.2089
-21.1528
-17.1340
-18.5434
-10.3763
-19.7013
-23.8902
-12.9474
-12.0802
-15.8163
-14.4933
-23.0695
-11.8711
-18.4416
-16.8225
-20.4570
-29.9949
-26.6640
-17.6162
-8.4004
-7.3249
-22.2300
-16.5292
-8.4287
-17.6216
-13.4270
-14.4751
-6.7877
-11.9353
-11.6307
20.1245
2.3139
-15.9237
-16.0930
-29.0089
-6.7815
-13.4314
26.8555
-17.0201
-7.0407
-5.7202
-14.2254
-13.4304
-22.5993
10.5646
-13.3997
-14.7419
-21.3248
-13.6921
-23.1673
-17.0900
-14.9470
-10.8573
-16.3099
-11.1804
-30.8691
-16.5759
-8.2743
-20.3218
-11.3461
-20.1043
-19.7472
-17.3631
-22.8519
-22.2403
-14.5866
-26.1989
-12.9630
-15.2066
-18.5719
-3.6935
-4.0380
-20.2715
-3.7608
-23.5650
-10.3434
-12.7447
-33.6544
9.1326
-10.0628
-17.4759
-19.7324
9.3946
-16.2691
-25.7188
19.3204
-15.5604
-16.0510
-28.8079
-15.3107
-9.4177
15.5454
-6.7350
-16.2285
-11.8074
-20.9628
-24.9195
-16.2584
-22.2482
1.1861
-11.4457
-22.0157
-15.2934
5.2603
-13.3052
-6.4348
-11.0364
-13.5668
-22.1961
-10.6942
-11.2561
-24.8856
-9.2482
-16.3642
-25.5234
-19.4805
-6.4929
-15.3720
-23.3535
-19.0530
-27.4765
-21.5611
-5.8529
1.1828
