25.0656
13.3813
31.0235
20.5852
26.2917
17.3169
26.7075
8.0878
16.3142
26.3747
31.4488
23.5273
16.4083
22.0624
28.7462
15.2926
12.3588
9.1616
21.7934
32.2941
24.2068
17.9334
18.8667
18.9296
9.9934
25.0378
9.8964
27.1411
12.5301
27.5032
20.2824
22.3767
27.5242
25.8373
15.8689
18.3744
20.4454
17.7973
27.9645
26.1770
30.4957
28.5749
-3.3820
19.5449
14.5745
20.0853
16.4810
16.2755
24.3504
20.9256
22.7743
8.2146
28.7582
17.5454
28.2798
24.0241
21.1083
11.3164
29.9651
22.9211
19.1716
15.3723
25.6871
23.6678
36.8525
10.6656
24.5208
21.3546
25.2237
32.7487
30.0318
12.2853
17.4072
23.6670
22.6317
32.4557
31.6210
17.4045
17.3984
9.7285
27.1159
26.3641
25.0554
21.8771
6.5954
31.0118
17.8385
12.0767
19.1603
23.0821
27.1574
18.4932
25.7623
25.9687
18.9110
18.9031
24.9421
22.4635
29.3012
10.3931
11.7023
22.9358
23.4141
18.5229
25.8464
25.5719
26.5217
25.2452
11.6895
18.4177
22.7882
0.7899
15.8217
22.7140
21.4402
18.1091
23.1436
17.4795
6.1330
16.7346
24.5603
19.5876
17.1618
25.0942
22.3007
16.6661
2.2019
10.9362
25.9910
24.9768
11.0621
20.1646
9.0987
3.4136
14.6533
19.6863
32.2436
21.2113
15.7961
18.1970
21.5445
23.1269
26.0110
27.5490
21.3275
23.1688
32.5926
20.9392
21.9758
19.5756
22.5962
16.7810
21.2862
22.1104
15.4101
22.6259
20.6544
-0.0876
23.9567
24.2321
15.8388
21.8361
23.2988
17.3972
19.6128
25.5886
26.8164
22.2409
11.8520
15.1784
12.8194
19.6487
11.7703
14.8689
17.6630
18.2967
26.9019
39.4964
22.0199
23.7853
22.0277
16.0773
19.7267
21.5233
22.2493
30.3191
21.2541
23.1471
18.9764
17.6066
13.4349
13.9138
17.3770
13.5510
20.4802
21.5583
30.7967
9.2695
10.3648
21.2113
17.7372
24.8282
27.6395
18.4006
22.0153
14.6077
26.3878
17.1317
21.2699
25.3509
32.9669
22.2252
15.4827
27.0289
29.1952
26.4606
23.0588
16.7243
21.4411
18.9416
17.6471
22.6709
24.0775
27.0364
14.6020
30.1929
14.4728
12.6077
22.2822
21.2829
46.1416
18.9775
21.6802
18.7534
12.7176
34.3769
20.4173
20.5679
37.5372
22.7776
25.4629
13.2787
15.1607
35.9253
25.9092
15.2832
15.4284
29.3480
23.7589
15.5868
21.0434
10.6934
14.7653
21.1121
26.2875
14.4535
21.1505
13.7451
26.8099
9.0168
18.9437
23.2385
24.6913
18.7236
24.8034
24.6990
21.6393
11.9664
22.1622
27.4093
17.6754
18.2733
3.5022
29.6928
13.2089
19.4777
12.8509
11.9690
22.4907
17.3182
20.4231
13.2659
23.2593
25.8609
7.9087
22.1711
22.4745
18.6644
24.9474
19.5219
9.7167
21.3240
25.3683
23.8115
10.4023
15.8185
14.6036
16.0041
25.5751
1.0000
9.1518
28.3795
14.1008
21.4561
27.4674
38.1584
24.6183
20.4753
18.5158
6.5254
17.6648
7.1443
18.0565
20.4233
32.3595
21.9549
32.3773
23.3627
24.8211
18.9645
25.3932
11.2883
19.7345
24.9913
26.5227
20.7905
25.3086
19.4817
26.8139
25.7711
19.9337
17.8553
25.9532
15.2445
19.4810
27.5257
25.4821
27.1689
25.4796
21.0089
11.6919
18.7543
26.2138
9.9778
32.5179
14.3737
17.8486
17.4574
16.5557
19.7505
9.5809
38.6411
16.1358
32.8821
36.3638
19.6185
8.4102
27.1604
16.2889
26.5496
20.7524
22.2112
19.3603
26.7102
29.7210
23.1472
6.7381
20.5447
14.3250
24.9684
26.4267
20.3055
14.9198
28.5732
24.5531
23.3616
24.0297
1.2612
20.7696
18.5392
15.1587
22.4445
14.7138
21.8258
22.3547
20.3661
13.8131
18.2457
24.0765
17.3955
32.1034
25.6468
1.4952
20.8393
29.4779
15.1855
28.9170
30.9479
21.8720
20.6126
7.3104
14.5562
14.5301
10.8325
15.0799
35.1562
21.6151
23.1108
25.2295
32.4456
16.7630
24.9424
16.2728
29.2590
16.8321
26.8309
15.4911
17.2335
19.3209
19.8009
10.7599
22.5575
24.6423
13.6343
21.7590
19.6717
30.0806
15.9957
24.5479
5.5705
23.4584
23.1063
16.5358
22.0218
16.0427
17.9504
30.8389
0.6268
17.5360
10.9061
20.2487
16.3273
21.7413
25.8438
20.1407
22.6418
24.0955
28.3312
21.0508
37.3694
37.1440
21.8363
26.3489
13.6125
27.0551
21.6055
27.6153
24.1859
13.2559
28.4974
19.9119
23.1863
19.7188
15.5841
26.0824
26.8291
30.4013
22.4657
19.4794
12.7495
24.4102
23.3506
14.4033
23.4868
15.5850
20.1444
23.3136
14.9883
27.1112
18.6920
28.5859
20.9569
28.1651
16.9005
29.4657
23.0263
12.9045
22.2094
30.1595
25.0576
27.0257
27.0827
21.0604
16.1962
12.2634
26.0685
24.8932
28.4325
27.8523
20.4713
20.8172
31.2235
27.8106
15.7894
29.2199
20.0474
27.3632
22.6858
15.3392
19.4605
28.6203
14.5751
17.6980
26.9818
11.4031
19.2437
26.7661
18.6336
30.7439
10.8676
15.8728
12.8652
25.4242
22.5781
15.7822
25.6829
23.5661
18.5728
29.5090
20.5194
33.8832
24.1261
25.5951
19.2381
24.5852
24.2388
23.9278
29.4312
13.0665
20.8250
39.2817
23.0350
23.3958
23.1209
23.9463
14.7059
25.9718
7.7018
23.4210
28.9543
24.3463
23.1834
7.3909
18.5533
28.7049
26.0262
24.4574
20.7752
20.3194
16.3695
17.2882
18.6495
26.8923
25.7778
13.1906
27.6407
29.0662
15.2200
18.2501
14.9487
21.5840
17.8244
20.0634
13.5401
12.8250
20.1852
18.7387
16.6914
20.3163
19.1436
17.4031
20.9623
16.2698
27.9219
24.3471
22.2041
19.7117
28.7388
21.3854
42.2270
13.1253
20.9471
18.4239
29.7382
26.9012
16.7416
9.2464
25.4805
23.6973
26.3971
10.5874
14.4902
17.5935
10.6009
20.4271
28.9245
-2.0658
18.2575
24.6681
12.7572
8.0513
20.3113
27.9560
18.6768
13.9050
17.1183
19.5207
26.1029
18.4478
19.3418
15.5263
16.2086
18.3483
8.5347
29.6740
25.7253
17.9132
17.3026
10.0386
28.2998
23.2402
18.0069
23.4816
29.6164
29.3137
20.1739
26.0000
16.5855
31.2428
29.0942
24.6415
32.2810
22.2463
18.6162
19.6505
23.4168
22.8573
23.1311
26.3406
28.4380
18.7690
19.0685
20.2759
19.4554
24.0457
14.0527
19.8951
10.4861
20.4890
16.1047
13.8815
20.4792
14.2876
35.2488
26.2100
25.2519
7.9220
26.8929
20.8086
16.9870
19.7475
18.0541
20.7606
28.6966
14.2383
10.2328
17.5156
14.5388
33.7680
25.4130
16.8676
17.9876
14.6523
18.3833
16.9936
23.6186
17.0308
17.7520
18.9339
26.4427
25.5203
27.7008
18.4288
28.3314
23.3769
18.4750
25.2484
12.6273
18.6875
20.3268
30.0181
14.2895
12.5646
20.5574
21.3419
17.1108
33.5255
19.8201
17.1083
14.2961
20.1865
17.6712
9.6276
17.9171
23.2587
28.5950
21.6535
26.3742
16.7371
25.8888
8.9339
22.1933
32.1579
29.1766
23.5186
26.3186
28.3910
20.1532
18.5875
23.3590
20.1044
32.3063
24.2754
12.6705
13.9391
18.0739
17.5261
29.9074
17.7102
15.0457
14.9589
14.6770
17.1601
18.4667
22.6605
23.5900
20.5857
30.9236
19.8565
26.5601
18.1232
19.9894
26.4452
29.9455
9.7973
39.2772
22.0181
24.0116
23.0287
19.2938
16.9228
13.1663
17.3227
34.4355
25.4547
15.2498
20.6630
24.6935
26.3290
12.9745
17.8652
17.3460
14.7224
24.7748
28.1168
17.6223
20.0761
20.0626
15.7809
18.3212
32.7637
25.2241
21.7111
28.2284
23.1147
26.1576
19.3089
29.1692
20.7826
21.0435
7.8172
21.0997
31.3450
19.7633
19.7764
-2.1010
26.3664
28.1964
20.4356
22.5354
28.3844
5.5713
23.0684
17.1542
27.9577
15.3252
17.0632
24.1184
6.0918
18.8637
21.8255
24.1178
14.8949
15.0739
19.9928
11.2364
25.6717
28.6233
30.7728
22.4446
14.0406
11.0180
27.6031
15.4998
19.9017
12.7395
15.6648
21.4577
20.5174
13.4398
8.6520
18.2798
15.8167
30.8010
19.1494
24.6958
18.2007
22.9855
16.8310
26.6236
17.6104
11.2500
23.0092
17.7389
18.7813
26.2797
18.5644
22.3989
21.5732
19.8907
29.8748
29.0567
26.3282
28.2944
13.0608
28.4377
24.6047
20.4285
17.3977
25.4121
35.7859
26.0876
16.8268
22.8887
22.3282
18.2333
28.6941
20.8008
9.4955
20.5581
11.8430
22.2089
26.1722
22.8196
27.4750
23.9710
23.9658
26.8157
13.4565
26.1409
12.8546
20.4097
25.0449
22.2039
16.7941
18.7056
26.0558
19.1935
25.8822
23.3947
29.7273
21.9969
24.6529
20.5021
16.0210
21.0076
25.6643
13.3247
22.9997
17.3157
21.8452
20.9555
20.5715
14.5534
26.3132
15.6566
27.6080
27.0492
29.3223
15.6199
18.1047
13.5306
20.1991
16.4223
30.1211
25.1007
24.2233
15.3470
17.2369
26.3763
13.2570
16.4824
8.7235
12.6112
16.6259
24.9400
8.6394
27.1371
11.2409
19.4836
16.1561
11.0585
18.1949
24.9595
21.5230
25.8958
0.6291
17.3623
20.3691
14.2973
23.8046
14.7047
21.6310
21.8756
34.9663
4.8202
21.3515
16.8106
23.0431
38.6563
23.4026
29.8802
26.9860
18.2648
26.2757
20.1649
22.8024
19.5410
22.5899
27.8483
24.4992
17.8387
34.8285
24.0144
26.6638
21.5004
27.3469
31.0729
23.2174
19.5895
19.7301
26.2650
17.8992
21.6496
33.2017
29.6720
14.5656
21.9168
19.7676
18.5373
19.4190
29.7082
30.0368
25.6990
17.5725
21.9243
20.8636
22.1647
19.3606
38.4429
20.5366
15.8091
24.2545
20.8300
14.0681
19.5288
5.1929
35.0589
21.8933
16.7716
27.4883
31.8835
27.1353
27.2003
16.3252
25.6433
23.9597
23.0241
29.8854
21.2528
19.5327
38.1082
26.3024
18.8405
21.1442
22.3750
28.9052
17.7809
18.6402
23.1419
8.1864
28.0767
18.4343
11.3657
10.3644
18.7268
28.2681
19.5489
29.0545
25.2632
30.4656
19.2023
18.7897
26.0880
19.9557
20.3766
21.2078
16.7412
27.7177
24.7389
33.4355
27.9302
18.9634
22.3723
26.0197
12.7213
21.1595
22.8637
29.9747
10.3905
12.5442
23.7884
13.9151
25.3806
24.9471
9.4725
21.6758
22.0477
21.2405
21.8552
27.5068
32.5881
16.7425
34.6152
26.2356
17.1245
19.2854
21.1040
18.8120
26.9654
22.5930
17.9397
20.6167
39.3935
13.4068
34.1255
22.2090
15.8526
30.7850
22.8388
31.7577
29.4763
19.1964
22.5692
20.3395
25.8893
22.8456
11.4953
38.7521
18.0371
10.6436
15.0880
26.7335
21.6315
9.1077
24.8514
15.5476
16.8668
27.7211
21.4117
19.1080
31.4228
14.1541
6.6005
23.9945
22.9364
26.1989
22.2973
14.2435
19.4962
7.8478
19.9004
16.3380
15.4173
30.8378
17.3124
14.8808
26.7777
19.0424
28.6574
21.7168
26.0279
20.0237
17.8140
17.0049
26.1009
8.4234
32.6037
18.7342
11.8906
12.4330
10.8842
24.1239
19.9356
12.0559
23.6846
31.1304
11.4893
28.7372
27.0661
20.4348
20.8550
14.8490
16.6519
26.1194
16.0412
22.1818
14.5134
22.5568
29.6613
26.8344
12.0326
18.0193
19.9893
22.6732
16.3885
20.1637
23.7070
22.9703
28.0963
29.3183
21.9334
16.1489
27.2139
36.2369
18.0018
12.5209
24.7565
32.6009
29.4383
24.4663
9.0213
25.4179
8.7017
20.4968
20.6748
22.3686
35.2930
17.7891
18.2743
19.7287
23.3880
19.6749
18.1573
20.8677
13.7179
16.0215
27.1348
11.7756
25.4701
31.2831
21.0575
13.7875
29.5498
18.7590
15.6832
26.7312
25.4927
26.0149
3.2680
9.6828
29.0630
14.7769
1.7233
20.8340
15.3813
32.3052
22.2836
27.8659
23.0948
18.2052
19.7473
19.0244
18.0981
13.3287
8.0084
23.2156
16.6599
34.1168
32.1444
22.0377
31.8091
18.1653
25.0475
10.9711
30.3304
29.0197
21.5749
27.6384
15.9966
23.9755
5.8215
19.8226
22.7601
25.4521
16.9442
21.3559
25.7290
20.2591
27.0096
25.5750
35.9036
25.8993
17.0754
24.5659
12.1056
20.4908
15.3605
20.5117
13.3443
23.5556
25.1498
13.7476
28.1154
29.8066
22.0332
31.1140
12.9473
20.5693
12.1842
26.8948
2.1627
5.4046
31.0072
26.5062
26.2069
25.5793
21.8412
38.0928
18.8292
26.3249
19.9184
25.0720
18.8804
13.6696
20.1182
21.2803
25.3112
12.7748
19.4019
25.2320
21.7041
9.6738
12.8210
26.6897
16.3073
26.9280
14.5929
7.4988
18.8255
16.5425
19.4358
22.9122
22.3513
19.1840
25.8991
27.7848
21.6811
27.4927
23.6955
19.0236
6.9156
28.0168
17.5270
21.7323
26.7961
16.0914
25.1028
11.8741
23.9896
23.7512
16.7055
2.0987
15.6675
9.6354
28.7783
17.7875
18.4730
7.5118
24.6596
15.7006
13.5504
30.7276
27.7167
26.7582
12.7513
24.4061
23.7998
29.2484
18.9051
26.4517
18.1544
16.4380
21.2931
10.1661
27.6693
29.6569
27.1281
26.1474
25.2134
36.3561
20.5231
23.8112
20.0589
28.0903
22.8103
11.8164
31.5709
27.9472
26.1325
18.8258
18.1833
20.1966
16.9851
24.6244
34.9356
16.6906
25.9125
23.9846
10.8913
22.4799
20.7461
24.2914
12.8649
18.6433
16.3536
24.1582
14.6648
32.4865
13.7557
21.4660
22.1272
15.5457
16.0350
27.1778
25.7525
25.6012
20.5464
34.0723
21.8749
17.0855
21.9601
17.7250
14.6912
24.1727
24.1105
24.0868
33.8328
13.1774
14.9772
17.0716
12.8167
15.3307
12.9456
21.0732
16.0678
23.5625
20.9106
23.3153
23.2634
35.6105
21.6260
20.5290
25.9633
26.3821
25.7388
16.9438
24.8741
8.3525
10.8504
22.8945
12.3275
12.2903
23.1229
21.3469
19.5701
12.9493
18.3833
16.3171
20.7894
13.6757
21.3270
6.5198
23.4011
30.1962
18.2951
25.7428
14.4331
23.3370
25.5949
23.3495
11.7700
25.3590
20.5530
23.1230
13.9584
30.2354
28.9001
35.5165
23.1989
16.4050
29.3871
21.7857
9.6401
22.0535
21.7424
15.3034
29.7896
23.6125
24.9815
23.6753
10.3836
19.0197
32.1431
18.3805
24.9791
18.2971
10.5729
17.7105
24.4706
26.3694
24.6845
23.9138
21.5099
17.2266
18.7449
17.7767
13.0338
38.4541
15.2102
18.0797
32.0024
8.1667
-1.5959
31.9208
14.7319
30.0609
26.7115
21.6169
22.1740
28.0053
23.5282
25.2459
18.2443
24.7043
27.7366
23.5160
19.5948
34.0353
23.5603
17.8911
21.4063
-1.4622
26.1300
14.5794
16.7403
17.9865
22.5294
5.0025
16.0229
16.2007
20.4286
33.3464
25.4275
23.4046
16.0624
23.9981
31.2954
24.5403
20.1524
30.4082
18.2074
19.6207
19.6244
21.8567
9.6001
20.9283
33.5091
28.3690
8.7487
30.2008
31.4809
23.1291
1.0854
25.4886
34.1487
26.5432
23.8471
19.6857
29.0366
38.2582
18.1113
17.5755
27.9028
19.7143
26.4745
30.7939
16.9095
2.5825
23.2178
16.6080
24.2837
25.9214
30.0906
15.2481
19.4502
25.7391
22.4192
31.6981
25.0956
18.8494
27.9682
20.4582
25.6413
37.4913
15.6483
26.1526
20.6275
24.5864
31.5386
11.6744
15.7295
26.9464
14.1258
24.9773
14.7347
22.1219
18.6482
25.2820
14.0633
23.6545
30.7018
25.8788
21.1077
22.1517
27.6858
20.9947
18.5120
22.6342
23.4774
16.1342
23.0419
9.6429
20.7348
32.9027
23.6378
25.5093
28.8454
15.8528
13.3666
21.8377
14.5839
23.0064
22.0198
27.0457
24.9859
18.0997
8.2877
17.6302
22.8018
28.2791
36.7138
25.8596
22.4671
19.9765
33.1103
24.0459
23.5735
23.7673
7.8435
23.4448
30.6091
33.0697
27.7454
33.5211
24.1942
0.4884
21.6220
22.1922
19.5062
21.3715
24.0968
27.4408
28.6738
17.9742
19.8825
24.1694
27.9806
24.0043
30.9239
7.2872
13.1874
21.2569
19.4517
19.7137
20.2713
25.4554
25.0474
19.2166
28.1085
-6.3394
27.9827
24.4738
18.4667
12.5992
23.5204
18.9931
25.7421
22.7904
31.4240
15.8143
26.7351
26.3960
27.9617
12.7550
16.3557
20.9072
9.8379
20.4516
30.8283
25.8854
16.4718
2.0277
23.3817
17.3202
25.0727
26.8369
22.0550
17.7672
3.9983
25.6894
5.1166
29.0994
18.9066
24.3211
11.8955
16.7364
12.9817
21.2476
22.7367
24.1099
29.8666
23.8374
26.8807
26.8515
18.2503
21.9085
28.1395
28.0103
26.4239
19.8532
15.6416
18.5494
25.5558
27.3325
23.7750
13.0275
17.0729
13.2292
22.8245
17.9012
26.0563
20.6695
18.0924
19.1148
23.5254
10.3225
18.3451
18.0985
33.4309
8.4961
25.3950
23.3743
19.8853
19.7448
24.7490
35.3328
25.8788
23.7692
15.5224
11.5497
10.7136
25.2636
10.3412
2.8543
24.3167
25.0468
28.0326
23.5981
7.3624
-3.5276
22.6906
16.0906
31.3786
17.5100
30.8142
16.0448
20.9239
18.4290
22.6443
24.0716
25.5117
24.1215
12.7074
18.6094
27.5495
28.8360
25.8895
11.5059
24.3188
21.0634
18.2518
24.5445
32.6178
21.9434
12.2704
9.4792
28.4722
21.3260
15.3278
22.0432
11.8789
31.0835
16.1050
12.2279
26.9950
18.6102
22.8274
10.6492
27.2767
14.8507
33.6656
32.5262
18.3181
22.7730
21.3206
30.4734
13.9850
12.7692
15.8050
19.8109
20.8443
23.5694
25.3606
26.7465
17.8689
15.3601
23.7193
9.1737
30.3016
19.7775
16.3267
16.2566
28.6140
17.7304
14.2829
14.6153
31.1638
22.2289
24.3854
16.0744
18.7948
15.5235
29.9456
27.9335
8.4603
23.6855
21.1554
20.0170
25.4660
23.3260
14.2255
18.7432
10.4054
22.6879
10.0610
8.9597
20.4406
29.5618
24.7650
12.5931
19.9192
23.5901
22.3300
27.7812
29.4915
19.8231
13.0844
19.9095
14.1219
20.0371
22.1819
13.0267
27.1854
29.9774
25.4450
18.6735
34.3736
18.1290
26.3891
17.5658
31.7785
29.6013
24.7724
21.4220
17.5529
8.6245
16.5483
24.5354
22.3825
12.0914
25.4248
21.4239
19.4074
29.5664
18.4680
15.2305
23.4094
29.0635
19.6614
27.2549
24.1457
25.2018
18.4577
13.3275
21.0642
19.5558
23.1934
19.1673
28.4473
22.1193
8.0806
18.1454
17.9696
27.0941
30.5714
18.9679
17.3414
20.5425
21.4369
11.9167
22.5479
28.2691
10.8467
27.9280
22.8288
18.4995
22.1434
15.6358
19.2767
19.3053
21.5819
25.5898
17.9732
24.2376
31.0034
23.4138
27.8219
27.0536
25.0294
24.4144
23.9130
18.2248
29.4013
23.3767
27.2479
21.2887
29.4056
23.1662
19.0715
23.2862
22.6802
17.3353
35.2038
26.2049
19.7163
16.3296
23.7962
22.1503
24.3723
32.2590
21.8937
18.3936
9.9439
17.1462
16.1791
32.7883
20.2409
24.9772
28.2921
24.4576
21.7662
29.4143
20.3787
29.8549
11.8453
12.6678
21.6873
38.7215
26.3218
22.8234
22.3373
7.3969
22.0645
11.5046
15.1602
28.9649
13.4697
20.2560
30.0415
16.7654
1.9707
15.7339
20.7862
31.5789
19.2627
21.9075
27.1347
10.6255
11.9173
21.7260
6.0050
9.2516
13.6991
24.8680
23.2771
20.6871
16.3278
32.9368
24.0157
19.5661
21.6736
30.1404
25.1118
22.4304
32.8292
26.2316
12.3058
24.6033
19.0108
22.7584
21.1042
29.0151
20.0784
7.5767
28.2539
13.9295
15.2009
27.1704
16.9362
24.1129
20.2593
19.2789
21.0185
25.7784
32.9321
18.7380
21.6314
20.3528
26.5092
17.8820
27.7768
11.2951
22.3352
18.0364
13.5095
20.0004
22.3501
27.7976
20.3687
25.0103
23.2890
29.1908
25.8883
14.8547
17.0126
23.0647
31.9776
22.9427
21.0000
21.7935
17.1030
21.0683
17.2265
27.5814
19.5621
19.4126
23.3825
21.2493
6.1700
21.1801
27.2522
19.4864
28.7522
15.8922
14.7636
21.7121
28.1244
25.3789
3.1760
14.9490
14.7010
18.5435
8.1324
21.5717
29.7330
12.4402
25.5295
21.8529
16.5222
5.0019
18.0294
21.8461
23.3878
25.9495
22.5537
30.2700
23.5650
17.5574
27.6341
32.7833
38.5650
30.5560
19.8699
32.8400
18.1394
15.7362
25.8127
6.7112
34.4842
30.7328
33.8657
24.1961
21.8119
25.3414
25.8251
21.8117
33.1312
17.1883
13.8661
19.9226
14.1486
15.2413
9.1655
19.2936
30.4771
20.9597
28.4650
43.7006
23.8663
17.0174
24.4788
23.9312
5.9895
17.0309
20.5736
30.1883
21.1267
6.7624
29.2263
8.6980
17.6186
16.1900
23.3270
19.7838
24.1563
17.7317
14.0753
21.7109
24.1479
14.6906
17.0203
28.9259
16.1718
28.6888
18.4536
26.3813
20.3466
14.3821
15.5995
32.9958
29.2554
24.4023
20.5246
27.0552
26.3804
23.1439
20.4865
14.3551
31.1777
14.9489
22.6321
20.8017
28.0349
24.6565
26.2652
3.3574
39.6692
21.9626
18.1368
21.7457
17.3530
13.2419
19.7773
29.5073
24.1033
18.0173
